0.001953125 1.0 1.0 1.0 1.0 1.0 1.0 1.0 1.0 1.0 1.0 1.0 1.0 1.0 1.0 1.0 1.0 1.0 1.0 1.0 1.0 1.0 
0.005859375 1.0 1.0 1.0 1.0 1.0 1.0 1.0 1.0 1.0 1.0 1.0 1.0 1.0 1.0 1.0 1.0 1.0 1.0 1.0 1.0 1.0 
0.009765625 1.0 1.0 1.0 1.0 1.0 1.0 1.0 1.0 1.0 1.0 1.0 1.0 1.0 1.0 1.0 1.0 1.0 1.0 1.0 1.0 1.0 
0.013671875 1.0 1.0 1.0 1.0 1.0 1.0 1.0 1.0 1.0 1.0 1.0 1.0 1.0 1.0 1.0 1.0 1.0 1.0 1.0 1.0 1.0 
0.017578125 1.0 1.0 1.0 1.0 1.0 1.0 1.0 1.0 1.0 1.0 1.0 1.0 1.0 1.0 1.0 1.0 1.0 1.0 1.0 1.0 1.0 
0.021484375 1.0 1.0 1.0 1.0 1.0 1.0 1.0 1.0 1.0 1.0 1.0 1.0 1.0 1.0 1.0 1.0 1.0 1.0 1.0 1.0 1.0 
0.025390625 1.0 1.0 1.0 1.0 1.0 1.0 1.0 1.0 1.0 1.0 1.0 1.0 1.0 1.0 1.0 1.0 1.0 1.0 1.0 1.0 1.0 
0.029296875 1.0 1.0 1.0 1.0 1.0 1.0 1.0 1.0 1.0 1.0 1.0 1.0 1.0 1.0 1.0 1.0 1.0 1.0 1.0 1.0 1.0 
0.033203125 1.0 1.0 1.0 1.0 1.0 1.0 1.0 1.0 1.0 1.0 1.0 1.0 1.0 1.0 1.0 1.0 1.0 1.0 1.0 1.0 1.0 
0.037109375 1.0 1.0 1.0 1.0 1.0 1.0 1.0 1.0 1.0 1.0 1.0 1.0 1.0 1.0 1.0 1.0 1.0 1.0 1.0 1.0 1.0 
0.041015625 1.0 1.0 1.0 1.0 1.0 1.0 1.0 1.0 1.0 1.0 1.0 1.0 1.0 1.0 1.0 1.0 1.0 1.0 1.0 1.0 1.0 
0.044921875 1.0 1.0 1.0 1.0 1.0 1.0 1.0 1.0 1.0 1.0 1.0 1.0 1.0 1.0 1.0 1.0 1.0 1.0 1.0 1.0 1.0 
0.048828125 1.0 1.0 1.0 1.0 1.0 1.0 1.0 1.0 1.0 1.0 1.0 1.0 1.0 1.0 1.0 1.0 1.0 1.0 1.0 1.0 1.0 
0.052734375 1.0 1.0 1.0 1.0 1.0 1.0 1.0 1.0 1.0 1.0 1.0 1.0 1.0 1.0 1.0 1.0 1.0 1.0 1.0 1.0 1.0 
0.056640625 1.0 1.0 1.0 1.0 1.0 1.0 1.0 1.0 1.0 1.0 1.0 1.0 1.0 1.0 1.0 1.0 1.0 1.0 1.0 1.0 1.0 
0.060546875 1.0 1.0 1.0 1.0 1.0 1.0 1.0 1.0 1.0 1.0 1.0 1.0 1.0 1.0 1.0 1.0 1.0 1.0 1.0 1.0 1.0 
0.064453125 1.0 1.0 1.0 1.0 1.0 1.0 1.0 1.0 1.0 1.0 1.0 1.0 1.0 1.0 1.0 1.0 1.0 1.0 1.0 1.0 1.0 
0.068359375 1.0 1.0 1.0 1.0 1.0 1.0 1.0 1.0 1.0 1.0 1.0 1.0 1.0 1.0 1.0 1.0 1.0 1.0 1.0 1.0 1.0 
0.072265625 1.0 1.0 1.0 1.0 1.0 1.0 1.0 1.0 1.0 1.0 1.0 1.0 1.0 1.0 1.0 1.0 1.0 1.0 1.0 1.0 1.0 
0.076171875 1.0 1.0 1.0 1.0 1.0 1.0 1.0 1.0 1.0 1.0 1.0 1.0 1.0 1.0 1.0 1.0 1.0 1.0 1.0 1.0 1.0 
0.080078125 1.0 1.0 1.0 1.0 1.0 1.0 1.0 1.0 1.0 1.0 1.0 1.0 1.0 1.0 1.0 1.0 1.0 1.0 1.0 1.0 1.0 
0.083984375 1.0 1.0 1.0 1.0 1.0 1.0 1.0 1.0 1.0 1.0 1.0 1.0 1.0 1.0 1.0 1.0 1.0 1.0 1.0 1.0 1.0 
0.087890625 1.0 1.0 1.0 1.0 1.0 1.0 1.0 1.0 1.0 1.0 1.0 1.0 1.0 1.0 1.0 1.0 1.0 1.0 1.0 1.0 1.0 
0.091796875 1.0 1.0 1.0 1.0 1.0 1.0 1.0 1.0 1.0 1.0 1.0 1.0 1.0 1.0 1.0 1.0 1.0 1.0 1.0 1.0 0.9999999999999987 
0.095703125 1.0 1.0 1.0 1.0 1.0 1.0 1.0 1.0 1.0 1.0 1.0 1.0 1.0 1.0 1.0 1.0 1.0 1.0 1.0 1.0 1.0000000000000016 
0.099609375 1.0 1.0 1.0 1.0 1.0 1.0 1.0 1.0 1.0 1.0 1.0 1.0 1.0 1.0 1.0 1.0 1.0 1.0 1.0 1.0 1.0000000000000189 
0.103515625 1.0 1.0 1.0 1.0 1.0 1.0 1.0 1.0 1.0 1.0 1.0 1.0 1.0 1.0 1.0 1.0 1.0 1.0 1.0 1.0 1.0000000000000115 
0.107421875 1.0 1.0 1.0 1.0 1.0 1.0 1.0 1.0 1.0 1.0 1.0 1.0 1.0 1.0 1.0 1.0 1.0 1.0 1.0 1.0 0.9999999999999014 
0.111328125 1.0 1.0 1.0 1.0 1.0 1.0 1.0 1.0 1.0 1.0 1.0 1.0 1.0 1.0 1.0 1.0 1.0 1.0 1.0 1.0000000000000107 0.9999999999997529 
0.115234375 1.0 1.0 1.0 1.0 1.0 1.0 1.0 1.0 1.0 1.0 1.0 1.0 1.0 1.0 1.0 1.0 1.0 1.0 1.0 1.0000000000000187 0.9999999999999767 
0.119140625 1.0 1.0 1.0 1.0 1.0 1.0 1.0 1.0 1.0 1.0 1.0 1.0 1.0 1.0 1.0 1.0 1.0 1.0 1.0 0.9999999999999492 1.0000000000008427 
0.123046875 1.0 1.0 1.0 1.0 1.0 1.0 1.0 1.0 1.0 1.0 1.0 1.0 1.0 1.0 1.0 1.0 1.0 1.0 1.0000000000000024 0.9999999999997966 1.0000000000011435 
0.126953125 1.0 1.0 1.0 1.0 1.0 1.0 1.0 1.0 1.0 1.0 1.0 1.0 1.0 1.0 1.0 1.0 1.0 1.0 1.0000000000000095 0.9999999999998451 0.9999999999981826 
0.130859375 1.0 1.0 1.0 1.0 1.0 1.0 1.0 1.0 1.0 1.0 1.0 1.0 1.0 1.0 1.0 1.0 1.0 1.0 0.999999999999979 1.0000000000004974 0.9999999999928562 
0.134765625 1.0 1.0 1.0 1.0 1.0 1.0 1.0 1.0 1.0 1.0 1.0 1.0 1.0 1.0 1.0 1.0 1.0 1.0000000000000009 0.9999999999998564 1.0000000000011633 0.9999999999966267 
0.138671875 1.0 1.0 1.0 1.0 1.0 1.0 1.0 1.0 1.0 1.0 1.0 1.0 1.0 1.0 1.0 1.0 1.0 1.0000000000000016 0.9999999999997938 0.9999999999994844 1.0000000000221623 
0.142578125 1.0 1.0 1.0 1.0 1.0 1.0 1.0 1.0 1.0 1.0 1.0 1.0 1.0 1.0 1.0 1.0 1.0 0.9999999999999927 1.0000000000002074 0.9999999999945417 1.0000000000449945 
0.146484375 1.0 1.0 1.0 1.0 1.0 1.0 1.0 1.0 1.0 1.0 1.0 1.0 1.0 1.0 1.0 1.0 1.0 0.9999999999999114 1.0000000000009828 0.9999999999942067 0.999999999983935 
0.150390625 1.0 1.0 1.0 1.0 1.0 1.0 1.0 1.0 1.0 1.0 1.0 1.0 1.0 1.0 1.0 1.0 1.0000000000000016 0.9999999999998089 1.0000000000003464 1.0000000000128066 0.9999999998101737 
0.154296875 1.0 1.0 1.0 1.0 1.0 1.0 1.0 1.0 1.0 1.0 1.0 1.0 1.0 1.0 1.0 1.0 1.0000000000000009 1.0000000000000067 0.9999999999963798 1.0000000000405436 0.9999999997709641 
0.158203125 1.0 1.0 1.0 1.0 1.0 1.0 1.0 1.0 1.0 1.0 1.0 1.0 1.0 1.0 1.0 1.0 0.9999999999999585 1.0000000000006941 0.999999999993492 1.0000000000102884 1.0000000003319203 
0.162109375 1.0 1.0 1.0 1.0 1.0 1.0 1.0 1.0 1.0 1.0 1.0 1.0 1.0 1.0 1.0 1.0 0.9999999999998539 1.0000000000007832 1.0000000000051483 0.9999999998628822 1.0000000013281158 
0.166015625 1.0 1.0 1.0 1.0 1.0 1.0 1.0 1.0 1.0 1.0 1.0 1.0 1.0 1.0 1.0 1.0000000000000016 0.9999999999998943 0.9999999999980583 1.0000000000326623 0.9999999997573218 1.0000000009165986 
0.169921875 1.0 1.0 1.0 1.0 1.0 1.0 1.0 1.0 1.0 1.0 1.0 1.0 1.0 1.0 1.0 0.9999999999999871 1.0000000000003928 0.9999999999940626 1.0000000000266418 1.0000000001364073 0.9999999968487325 
0.173828125 1.0 1.0 1.0 1.0 1.0 1.0 1.0 1.0 1.0 1.0 1.0 1.0 1.0 1.0 1.0 0.9999999999999097 1.0000000000008693 0.9999999999996584 0.9999999999133219 1.0000000010868766 0.9999999917977882 
0.177734375 1.0 1.0 1.0 1.0 1.0 1.0 1.0 1.0 1.0 1.0 1.0 1.0 1.0 1.0 1.0000000000000016 0.9999999999998598 0.999999999999364 1.000000000023217 0.9999999997720076 1.0000000011919095 0.9999999973009821 
0.181640625 1.0 1.0 1.0 1.0 1.0 1.0 1.0 1.0 1.0 1.0 1.0 1.0 1.0 1.0 0.9999999999999998 1.0000000000001432 0.9999999999954211 1.000000000033784 0.9999999999858287 0.999999998026916 1.000000022892234 
0.185546875 1.0 1.0 1.0 1.0 1.0 1.0 1.0 1.0 1.0 1.0 1.0 1.0 1.0 1.0 0.9999999999999549 1.0000000000007205 0.9999999999964438 0.9999999999569287 1.0000000008208345 0.9999999927160468 1.000000047074991 
0.189453125 1.0 1.0 1.0 1.0 1.0 1.0 1.0 1.0 1.0 1.0 1.0 1.0 1.0 1.0 0.9999999999998774 1.0000000000001983 1.0000000000139 0.9999999998072171 1.0000000013005643 0.9999999950858648 1.0000000053339961 
0.193359375 1.0 1.0 1.0 1.0 1.0 1.0 1.0 1.0 1.0 1.0 1.0 1.0 1.0 1.0000000000000013 0.9999999999999827 0.9999999999970636 1.000000000033388 0.9999999998837137 0.9999999990486883 1.0000000167128473 0.9999998583517392 
0.197265625 1.0 1.0 1.0 1.0 1.0 1.0 1.0 1.0 1.0 1.0 1.0 1.0 1.0 0.9999999999999847 1.0000000000004643 0.9999999999952606 0.9999999999905235 1.0000000005559262 0.9999999938908108 1.0000000439973253 0.9999997357487068 
0.201171875 1.0 1.0 1.0 1.0 1.0 1.0 1.0 1.0 1.0 1.0 1.0 1.0 1.0 0.9999999999999175 1.0000000000005702 1.000000000006048 0.9999999998542431 1.000000001264556 0.9999999936596006 1.0000000183912754 0.9999999704319302 
0.205078125 1.0 1.0 1.0 1.0 1.0 1.0 1.0 1.0 1.0 1.0 1.0 1.0 1.0000000000000016 0.99999999999991 0.9999999999985666 1.0000000000277411 0.9999999998289835 0.9999999998722201 1.0000000109411107 0.9999998879034372 1.0000007483885707 
0.208984375 1.0 1.0 1.0 1.0 1.0 1.0 1.0 1.0 1.0 1.0 1.0 1.0 0.9999999999999988 1.000000000000213 0.9999999999956023 1.0000000000125933 1.0000000003155376 0.9999999952142967 1.0000000394135717 0.9999997472683453 1.0000014359212466 
0.212890625 1.0 1.0 1.0 1.0 1.0 1.0 1.0 1.0 1.0 1.0 1.0 1.0 0.9999999999999595 1.000000000000598 1.0000000000004992 0.9999999999044107 1.0000000011147747 0.9999999929955781 1.0000000282780201 0.999999909613093 1.0000003952498324 
0.216796875 1.0 1.0 1.0 1.0 1.0 1.0 1.0 1.0 1.0 1.0 1.0 1.0 0.9999999999999056 0.9999999999996625 1.0000000000194098 0.9999999998160505 1.0000000004712892 1.0000000058075653 0.9999999167090506 1.000000618894606 0.9999964165191938 
0.220703125 1.0 1.0 1.0 1.0 1.0 1.0 1.0 1.0 1.0 1.0 1.0 1.0 1.0000000000000302 0.9999999999968107 1.0000000000233953 1.000000000118361 0.9999999965739257 1.0000000336678543 0.999999765365181 1.0000013788543716 0.9999915776068804 
0.224609375 1.0 1.0 1.0 1.0 1.0 1.0 1.0 1.0 1.0 1.0 1.0 0.9999999999999852 1.0000000000004217 0.999999999997459 0.9999999999500228 1.0000000008888088 0.9999999930260292 1.000000034883734 0.9999998598652798 1.0000006276944562 0.999992541290629 
0.228515625 1.0 1.0 1.0 1.0 1.0 1.0 1.0 1.0 1.0 1.0 1.0 0.9999999999999356 1.000000000000259 1.0000000000108205 0.9999999998354508 1.0000000008383207 1.00000000151096 0.9999999438715618 1.0000004902770658 0.999996964877719 1.0000057659259778 
0.232421875 1.0 1.0 1.0 1.0 1.0 1.0 1.0 1.0 1.0 1.0 1.0 0.9999999999999456 0.9999999999982471 1.0000000000248201 0.9999999999764434 0.9999999978598089 1.0000000271612524 0.9999997891971091 1.0000012988333995 0.9999920194488936 1.0000254822158492 
0.236328125 1.0 1.0 1.0 1.0 1.0 1.0 1.0 1.0 1.0 1.0 0.9999999999999982 1.000000000000199 0.9999999999966134 0.9999999999854187 1.0000000006277918 0.9999999936419169 1.0000000382226206 0.9999998220355822 1.0000008252157513 0.9999921818229902 1.000020599927414 
0.240234375 1.0 1.0 1.0 1.0 1.0 1.0 1.0 1.0 1.0 1.0 0.9999999999999701 1.0000000000004197 1.0000000000038463 0.9999999998750795 1.0000000009862693 0.9999999982022721 0.9999999685027133 1.0000003652129799 0.9999975083245362 1.0000044276230664 0.999925546112338 
0.244140625 1.0 1.0 1.0 1.0 1.0 1.0 1.0 1.0 1.0 1.0 0.9999999999999333 0.9999999999994169 1.0000000000199374 0.9999999998937041 0.9999999989737514 1.0000000203388122 0.9999998176856382 1.0000011973874632 0.9999925179200173 1.0000243780373668 0.9996222745303884 
0.248046875 1.0 1.0 1.0 1.0 1.0 1.0 1.0 1.0 1.0 1.0 1.0000000000000364 0.9999999999972319 1.0000000000077012 1.0000000003720773 0.9999999946962234 1.000000038454901 0.9999997967258581 1.000000984725718 0.9999919044221124 1.0000224435245453 0.9989011888505535 
0.251953125 1.0 1.0 1.0 1.0 1.0 1.0 1.0 1.0 1.0 0.999999999999992 1.0000000000003144 0.9999999999994862 0.9999999999219722 1.0000000009486092 0.9999999959678741 0.9999999897651223 1.0000002465774789 0.9999980407438124 1.0000030950269763 0.9999340240776692 0.997373325636737 
0.255859375 1.0 1.0 1.0 1.0 1.0 1.0 1.0 1.0 1.0 0.9999999999999595 1.000000000000087 1.000000000012311 0.9999999998654034 0.9999999998393437 1.000000013668993 0.999999849508761 1.0000010766577994 0.9999930713729772 1.0000231308193233 0.9996412927980235 0.9943370997889028 
0.259765625 1.0 1.0 1.0 1.0 1.0 1.0 1.0 1.0 1.0 0.9999999999999623 0.9999999999984344 1.0000000000170512 1.0000000001561866 0.9999999960120173 1.000000035904833 0.9999997842108285 1.0000011033546747 0.9999917169291975 1.000024046472582 0.9989337586059607 0.9890893664026915 
0.263671875 1.0 1.0 1.0 1.0 1.0 1.0 1.0 1.0 0.9999999999999999 1.0000000000001323 0.9999999999977845 0.9999999999645179 1.0000000007766963 0.9999999948135586 1.0000000069269004 1.000000137396416 0.9999985552267423 1.0000017787652902 0.9999423388619461 0.9974197155621076 0.9815912222795299 
0.267578125 1.0 1.0 1.0 1.0 1.0 1.0 1.0 1.0 0.9999999999999852 1.000000000000273 1.0000000000051097 0.9999999998789394 1.0000000004119973 1.0000000076138258 0.9999998831073434 1.0000009395031322 0.9999936771549346 1.0000217403430982 0.9996604833341675 0.9943749988673083 0.9723138981905752 
0.271484375 1.0 1.0 1.0 1.0 1.0 1.0 1.0 1.0 0.9999999999999598 0.9999999999995026 1.000000000016438 1.0000000000037137 0.9999999973964873 1.000000031071483 0.9999997843416246 1.000001178600376 0.9999916275200492 1.0000253941288921 0.998966993594345 0.9890122747054756 0.9618344901641603 
0.275390625 1.0 1.0 1.0 1.0 1.0 1.0 1.0 1.0 1.0000000000000104 0.999999999997989 0.9999999999946809 1.0000000005337906 0.9999999946522539 1.0000000194299201 1.0000000407669327 0.9999990440003198 1.0000004910945546 0.9999504741623358 0.9974669454076877 0.9812373796687026 0.9506297873470241 
0.279296875 1.0 1.0 1.0 1.0 1.0 1.0 1.0 0.9999999999999983 1.0000000000001885 1.000000000000388 0.9999999999164164 1.000000000687276 1.000000002588933 0.999999916713351 1.0000007896133702 0.9999943313356937 1.0000202070737456 0.9996798637049157 0.9944144465393551 0.9715414193015477 0.9390222927233148 
0.283203125 1.0 1.0 1.0 1.0 1.0 1.0 1.0 0.9999999999999821 1.000000000000064 1.0000000000105318 0.9999999999231745 0.9999999986614535 1.0000000246260365 0.9999997964360577 1.0000012085350192 0.9999916446526285 1.0000264703589887 0.999001010906114 0.9889311047645006 0.9605483533837958 0.9272060186163316 
0.287109375 1.0 1.0 1.0 1.0 1.0 1.0 1.0 0.9999999999999725 0.9999999999989655 1.00000000000953 1.0000000002854181 0.999999995299425 1.000000026970881 0.9999999597319142 0.9999994983702214 0.9999992462578967 0.9999584116750281 0.9975152053998875 0.9808551684515503 0.9487779548991385 0.9152932440408611 
0.291015625 1.0 1.0 1.0 1.0 1.0 1.0 1.0 1.0000000000000502 0.9999999999985839 0.9999999999587373 1.0000000007046224 0.9999999989136797 0.9999999484108428 1.00000063162318 0.9999950283487661 1.0000185323823938 0.9996994530007726 0.994455565312199 0.9706976982488204 0.9365817279383354 0.9033509396546436 
0.294921875 1.0 1.0 1.0 1.0 1.0 1.0 0.9999999999999968 1.000000000000163 1.0000000000040583 0.9999999999063988 0.9999999996498348 1.0000000173873942 0.9999998191614945 1.0000011920911436 0.9999917769545377 1.000027257125512 0.9990359429195125 0.9888455415473739 0.9591357567507834 0.924169904707596 0.8914215021275147 
0.298828125 1.0 1.0 1.0 1.0 1.0 1.0 0.9999999999999841 0.9999999999997904 1.0000000000115157 1.0000000000869709 0.9999999964820466 1.0000000295910982 0.9999998970902102 0.9999999086993063 0.9999980609524082 0.999966130641823 0.9975647431499799 0.9804407304783346 0.9467383197143537 0.9116630312751794 0.8795331475127492 
0.302734375 1.0 1.0 1.0 1.0 1.0 1.0 0.9999999999999885 0.999999999998803 0.999999999990804 1.0000000005433765 0.9999999967552068 0.9999999762447399 1.000000471208822 0.9999957605179798 1.0000167188963998 0.9997192727467222 0.9944985059153804 0.9697717436978297 0.9338900171526078 0.8991323277860397 0.8677052695722486 
0.306640625 1.0 1.0 1.0 1.0 1.0 1.0 1.000000000000069 1.000000000000082 0.999999999931163 1.0000000002651315 1.000000010265643 0.9999998504240296 1.000001129453076 0.9999920330066032 1.0000277339466146 0.9990719409371653 0.9887552428824067 0.9575762156694335 0.9208194298867568 0.8866225345197329 0.8559515122619376 
0.310546875 1.0 1.0 1.0 1.0 1.0 0.9999999999999978 1.0000000000000895 1.0000000000067435 0.9999999999707346 0.9999999978674252 1.0000000277637235 0.9999998551195746 1.0000002644594737 0.9999969549366102 0.9999736071370514 0.9976158784855179 0.9799894335843604 0.9444798497265939 0.9076563152663693 0.8741632474455572 0.8442816775902617 
0.314453125 1.0 1.0 1.0 1.0 1.0 0.9999999999999886 0.9999999999995961 1.0000000000058589 1.0000000003076241 0.9999999960751155 0.9999999983943797 1.0000003151354746 0.9999965174357893 1.000014771053379 0.9997393481109565 0.9945434613462364 0.9687500944592217 0.9309053682108434 0.8944765527522024 0.8617747058008282 0.8327029504853873 
0.318359375 1.0 1.0 1.0 1.0 1.0 0.9999999999999981 0.9999999999990791 0.9999999999688479 1.0000000004968157 1.0000000041619277 0.9999998872910982 1.0000010225847065 0.9999924209491429 1.00002787719507 0.9991091803576174 0.988659839365382 0.9558444628539187 0.9171022264559789 0.8813274205484551 0.8494710893453619 0.821220698532401 
0.322265625 1.0 1.0 1.0 1.0 1.0 1.000000000000056 1.0000000000016516 0.9999999999372278 0.9999999991174857 1.0000000224559846 0.9999998351874837 1.0000005544232091 0.9999959518121289 0.9999808129530067 0.9976690225755546 0.9794956591072476 0.9419641707733388 0.9032104875257078 0.8682399970859682 0.8372625551864636 0.8098390023385192 
0.326171875 1.0 1.0 1.0 1.0 0.999999999999999 1.000000000000016 1.0000000000067992 1.00000000009907 0.9999999965965877 1.0000000134285578 1.0000001711966062 0.9999972851572384 1.0000126959823321 0.9997597094558671 0.9945906890652352 0.9676160673838268 0.9275760713437492 0.8893111535065175 0.8552354273198333 0.8251565376682579 0.7985610117163078 
0.330078125 1.0 1.0 1.0 1.0 0.9999999999999948 0.999999999999575 0.9999999999960166 1.000000000429911 0.9999999998181756 0.9999999259983867 1.0000008759247525 0.9999929477899654 1.0000276592116262 0.9991478680841617 0.9885589362809412 0.9539089459869396 0.9129535161750405 0.87545425762648 0.8423284684693835 0.8131585907365014 0.7873891860490072 
0.333984375 1.0 1.0 1.0 1.0 1.0000000000000016 0.9999999999995534 0.999999999957056 0.9999999999674685 1.000000015125683 0.9999998372303203 1.0000007671082871 0.999995080010035 0.9999877138618789 0.9977247032102697 0.9789525130971236 0.939143239134748 0.8982481498511629 0.8616724770838634 0.8295296676523951 0.8012729408723728 0.7763254556280526 
0.337890625 1.0 1.0 1.0 1.0 1.000000000000036 1.0000000000024207 0.999999999982935 0.999999997820372 1.0000000206466833 1.0000000479428908 0.9999980451806827 1.0000105049122752 0.9997803942490323 0.9946405462939962 0.9663487078295108 0.9238373529087878 0.883546623210304 0.8479879348291345 0.8168467415384585 0.7895028528880222 0.7653713282290655 
0.341796875 1.0 1.0 1.0 1.0 0.999999999999987 1.0000000000045122 1.000000000222771 0.9999999976247568 0.9999999621263648 1.0000006972631212 0.9999936182102772 1.0000270472175787 0.9991882532404611 0.9884521192561194 0.9517297156638589 0.9082921829245679 0.8689019695876052 0.8344160202543028 0.8042854615059859 0.7778508713342167 0.7545279578484544 
0.345703125 1.0 1.0 1.0 0.9999999999999988 0.9999999999996906 0.9999999999879233 1.0000000003128735 1.0000000075890139 0.9999998591089827 1.0000008916681928 0.9999943739896873 0.999994266899537 0.9977835992958096 0.9783514263858942 0.9359560633487078 0.8926724519481994 0.8543486007120444 0.8209677197237013 0.7918502262639572 0.7663189774746393 0.7437961881398851 
0.349609375 1.0 1.0 1.0 1.0000000000000002 0.9999999999998823 0.9999999999624171 0.9999999991257255 1.0000000204750472 0.9999999540309823 0.9999987732237341 1.000008215441558 0.9998014492837576 0.9946935466523804 0.9649212939915923 0.9196069445232303 0.8770710606894531 0.8399097089763812 0.8076510791605009 0.7795444324298294 0.7549086887992962 0.7331765803812836 
0.353515625 1.0 1.0 1.0 1.000000000000015 1.0000000000021156 1.00000000004303 0.999999997432415 0.9999999910787698 1.0000004987552487 0.9999944325282946 1.0000260020545568 0.9992306428513801 0.9883389668091204 0.9492553919412924 0.9030152465400918 0.8615443240936808 0.8256013918828254 0.7944721292674413 0.7673707113254865 0.7436211205400703 0.7226694339811471 
0.357421875 1.0 1.0 1.0 0.9999999999999967 1.0000000000019236 1.000000000261114 1.0000000016803812 0.9999998959268008 1.00000091954649 0.9999938755838125 1.0000004160898273 0.9978465897747048 0.9776815888484843 0.9323239869368725 0.8863605387924767 0.8461285538856288 0.8114351463685058 0.781435471328947 0.755331076329315 0.7324570242208552 0.712274805990361 
0.361328125 1.0 1.0 1.0 0.9999999999998472 0.9999999999862351 0.9999999999787305 1.0000000148012482 0.9999998969298376 0.9999994379153927 1.0000058552310285 0.9998229329920199 0.9947504521581748 0.9632991539906609 0.9147787083260706 0.8697426649977793 0.830848135086944 0.7974194135902324 0.7685446441282168 0.7434270119148082 0.7214168152461214 0.7019925346735313 
0.365234375 1.0 1.0 1.0 0.9999999999999432 0.9999999999781451 0.9999999984824296 1.0000000090298828 1.0000002978721787 0.9999953832511133 1.0000244768964452 0.9992754250833285 0.9882190758441076 0.9464187003284142 0.8969899198216669 0.8532215545411191 0.8157199836735473 0.7835605359677152 0.7558023477829426 0.731659527745398 0.710500599323735 0.6918222703536904 
0.369140625 1.0 1.0 1.0000000000000016 1.0000000000011866 1.0000000000778653 0.999999998656626 0.9999999395823239 1.0000008473961421 0.9999936352185115 1.00000608563028 0.9979148261259219 0.976929129382544 0.9281437330449709 0.8791541449946594 0.8368356332147481 0.8007562110907079 0.7698633434567235 0.743210575725909 0.7200291964416244 0.6997082049530586 0.6817635151131551 
0.373046875 1.0 1.0 1.000000000000001 1.0000000000007498 1.0000000001981055 1.0000000069644894 0.9999998806407029 0.9999999998265509 1.0000034680868393 0.9998449172282657 0.9948124251649205 0.9614363917206916 0.9092132401077861 0.8613789822416947 0.8206106555356197 0.7859657419911814 0.7563315036812934 0.7307706921712366 0.7085361899531085 0.6890392267933468 0.6718156705504917 
0.376953125 1.0 1.0 0.999999999999969 0.9999999999906269 0.9999999996465302 1.0000000144456003 1.000000117698507 0.9999964492863443 1.0000224163917721 0.9993231041197903 0.9880921121094761 0.9431297169524447 0.8900419124938979 0.843728387228708 0.8045645210174737 0.7713552846838433 0.7429677224598172 0.7184834849801117 0.697180325108765 0.6784930816034093 0.6619780916862689 
0.380859375 1.0 1.0 0.9999999999999392 0.9999999999903233 0.9999999984777045 0.9999999792150198 1.0000006819623573 0.9999937121988351 1.0000111688463824 0.9979898449999249 0.976075893645656 0.9232768588469737 0.8708457672553237 0.8262431985699372 0.7887101029339617 0.7569298964123236 0.7297738582547887 0.706349216142619 0.6859611261807177 0.6680690749295901 0.6522501427228428 
0.384765625 1.0 1.0 1.0000000000002944 1.0000000000677431 1.0000000008994332 0.9999999021827852 1.0000004120177408 1.0000011240942572 0.9998674869120435 0.9948812847744891 0.9592708175732062 0.9027236264401138 0.8517411335904955 0.8089508070935084 0.7730569135560136 0.7426932984372329 0.7167509963620967 0.6943676880638698 0.674877904167633 0.6577664762407202 0.6426312522091095 
0.388671875 1.0 1.0 1.0000000000005491 1.0000000001052094 1.0000000098713158 0.9999999851317369 0.9999975864073563 1.0000197575225038 0.9993743530420198 0.9879579108137253 0.9392653131872462 0.8819377245094047 0.8327965400898415 0.7918703437528722 0.7576120511523573 0.7286480492651178 0.7038995222719477 0.6825383340745422 0.6639298531283034 0.6475845924081685 0.6331209625117211 
0.392578125 1.0 1.0 0.9999999999969867 0.999999999559323 1.0000000038107808 1.0000004475568927 0.9999941718555012 1.0000155099216521 0.9980737517333323 0.9750975618690358 0.917533238974172 0.8611577734400495 0.8140556862753201 0.7750156336012883 0.7423807157588367 0.7147956501592252 0.6912192184892731 0.6708603353973747 0.653116153064557 0.6375228441697008 0.6237189758366289 
0.396484375 1.0 0.9999999999999956 0.9999999999945556 0.9999999989926698 0.9999999474490535 1.0000006251003648 0.9999989365839691 0.9998907333961267 0.9949599516902874 0.9567158030480226 0.895053149460307 0.8405100584045891 0.7955480185000281 0.7583968575914225 0.7273664728992091 0.7011366588417164 0.6787093997812181 0.6593327594034203 0.6424360714503254 0.6275808235577478 0.6144251941816858 
0.400390625 1.0 0.9999999999999922 1.0000000000281795 1.0000000024230147 0.9999999239254882 0.9999987123424222 1.000016435697593 0.9994300944947976 0.9878166842743061 0.9346520232860562 0.8723569652395817 0.8200684821997575 0.7772942426076805 0.7420214133820213 0.7125714205565504 0.6876708231666727 0.6663690914600306 0.6479547047393738 0.6318890653056266 0.6177583630436398 0.6052397584851984 
0.404296875 1.0 1.000000000000057 1.0000000000533997 1.0000000084362575 1.000000195225088 0.9999950737422278 1.0000188730741402 0.9981695333327992 0.9739606321948392 0.9106442037459986 0.8497098290438049 0.7998803129542792 0.7593093387045113 0.7258943565721546 0.697996348224339 0.6743973130360355 0.6541972203996951 0.6367254423788625 0.62147484987333 0.6080555745438927 0.5961630776176482 
0.408203125 1.0 1.0000000000000386 0.9999999997553473 0.9999999901871003 1.000000603816661 0.9999970900411375 0.9999147306935944 0.9950532478422761 0.9536466121161766 0.8858390179450696 0.8272496361226958 0.7799777055507643 0.7416040565685513 0.7100186464089867 0.6836409569829716 0.6613149545906786 0.6421928499438397 0.6256445453553214 0.611193507082391 0.5984729125925599 0.5871958399901019 
0.412109375 1.0 0.9999999999990808 0.999999999476816 0.9999999379397643 0.9999996869629848 1.0000124058298014 0.9994916233797579 0.9876694717609247 0.9290369386999443 0.8608474522550316 0.805056943085512 0.7603833396949925 0.7241857401179063 0.6943953902072814 0.6695042284589453 0.6484225631639206 0.6303553187822469 0.6147119975390457 0.6010454954197523 0.5890111806043407 0.57833893846755 
0.416015625 1.0 1.0000000000000935 1.0000000019179405 1.000000005597119 0.9999964358885545 1.0000208900105714 0.9982816158503346 0.9726173458077157 0.9022168424121154 0.8359661855958211 0.7831837828843373 0.7411133433361554 0.7070585491019975 0.6790242363667424 0.6555847533497549 0.6357192418304076 0.6186845121635305 0.6039282985636686 0.5910317995540828 0.5796714887681351 0.5695933040333518 
0.419921875 1.0 1.0000000000125886 1.0000000049372273 1.0000003687334458 0.9999958818968202 0.9999394646495515 0.9951694012482699 0.9498762117737292 0.8745506592279348 0.8113474591126432 0.761665826012721 0.7221785272040486 0.690224166754215 0.6639038744032211 0.6418813428677838 0.6232045644514611 0.6071808676100274 0.5932945336434244 0.5811537187777139 0.5704550460327753 0.5609594483252525 
0.423828125 1.0 0.9999999999906578 0.9999999866519362 1.0000003018498398 1.0000077063081405 0.9995607888567724 0.9875191393823555 0.9220355680057267 0.8467489331919918 0.787080378352045 0.7405280576754041 0.7035849577917704 0.6736819441148174 0.6490327877648655 0.6283932438000411 0.6108790806362733 0.5958456826211486 0.5828124115825304 0.5714129160713621 0.5613626248039579 0.5524369891953178 
0.427734375 1.0 0.9999999998414338 0.9999999549864683 0.9999981389725089 1.000020972724629 0.9984168993848234 0.97099685850237 0.8916515740527099 0.8191469366518931 0.7632240004389127 0.7197867204777807 0.6853351440278603 0.6574305124095154 0.6344097539449086 0.6151207923288562 0.5987439509112914 0.5846809720035119 0.5724838745725253 0.5618104152028919 0.5523939079277356 0.5440237693092578 
0.431640625 1.0 1.0000000001906442 1.0000000711882078 0.9999957603800823 0.9999646276881757 0.9953230416785341 0.9451089971385082 0.8603792576546547 0.7919154590810477 0.7398176497261634 0.6994513148446034 0.6674277260699929 0.6414680909493446 0.6200349552449617 0.602065437232112 0.5868020963747391 0.5736893754915796 0.5623107760215961 0.5523461204652708 0.5435463984887827 0.5357159499423702 
0.435546875 1.0 1.0000000018255013 1.0000003543897766 1.0000026484928044 0.9996402391070606 0.9873729654760011 0.9130324898657016 0.8290560450163268 0.7651569484940584 0.7168881760921065 0.6795245790127505 0.6498622295562881 0.6257940033952488 0.6059096547912699 0.5892302822753783 0.5750562080168851 0.562873306502006 0.5522926584234467 0.5430170613641409 0.5348152854843604 0.527507874819515 
0.439453125 1.0 0.9999999971264492 0.9999997113644075 1.0000181944423527 0.9985867587262461 0.968987692506905 0.8779830757469643 0.798070881771481 0.7389371507939864 0.6944484836936587 0.6600058495497914 0.6326351992830833 0.6104106899748157 0.5920377768389983 0.5766198229833119 0.5635107439165778 0.5522328313874912 0.5424269502132 0.5338171275678208 0.5261938768839638 0.5193943539490833 
0.443359375 1.0 0.999999979872125 0.9999972054567886 0.9999890093417015 0.995541653946222 0.9388479286245344 0.8420242532795231 0.7676162887386765 0.7133027765976495 0.6725043517958005 0.6408935888319123 0.6157507978382846 0.5953201522148807 0.578425150235515 0.564237972456637 0.5521649127618506 0.5417643365667617 0.5327045872155579 0.5247384545472715 0.5176758027917931 0.5113725834020694 
0.447265625 1.0 1.0000000313828314 0.9999983650058885 0.9997336114155733 0.9872495254137856 0.9009680270567538 0.806159740521636 0.7378198194633288 0.6882671955401034 0.6510532291550356 0.6221870671028834 0.5992106523414197 0.5805340134331161 0.5650772534533806 0.5520887489982088 0.5410158263999411 0.5314576661189818 0.5231175353298773 0.5157730558199851 0.5092588337503515 0.5034437756715329 
0.451171875 1.0 1.0000001939247332 1.000011344234029 0.9988110039630068 0.9664006474642041 0.8595557872021928 0.770853877234528 0.7087474679092457 0.6638542135418419 0.6300950838459483 0.6038944281536202 0.5830271521007684 0.5660547438341457 0.5519995048282998 0.5401613981170786 0.5300489215620012 0.5213000528496433 0.5136545447436802 0.5069204649406639 0.5009462977704601 0.49561550929740406 
0.455078125 1.0 0.999999654282365 1.0000086596804334 0.9958810163996556 0.9301817911450071 0.8172321445236828 0.7363514470942231 0.6804406584728522 0.6400329511172257 0.6096398286249038 0.5860219661790314 0.5672123989116415 0.5518972910381187 0.5391818320985532 0.5284478973875889 0.5192501158702194 0.5112826518408427 0.5043201431719428 0.498185014181549 0.4927483901755375 0.4878964256906156 
0.458984375 1.0 0.999997867200022 0.9998446683768197 0.9871987164098115 0.8838457550551019 0.775323547836731 0.7027673105722205 0.6529203235698193 0.616853049740381 0.5896870405750342 0.5686004008814372 0.5517713944365771 0.5380404935022013 0.5266054239203715 0.5169142406913741 0.5086066211794632 0.5014093638788133 0.49511745970704635 0.48958687579491983 0.4846750842423656 0.4802993101283361 
0.462890625 1.0 1.0000011447836465 0.9991249527274341 0.9628961142279958 0.8332133360340264 0.7342957053202195 0.6702084023417193 0.6261375294886959 0.5942826077709458 0.5702961981945798 0.5516236560159601 0.5367068692517423 0.5244743386405679 0.5142381617879475 0.5055741853932608 0.4981312220374221 0.4916961948814035 0.48608029457880114 0.48112411006285993 0.47674710361390504 0.4728178687775542 
0.466796875 1.0 1.0000124653996452 0.9964683117309648 0.9171501796165404 0.7818093596525802 0.6946355550335678 0.6386397242213671 0.6002387716746381 0.572405511935641 0.5514376633979666 0.5351139928908067 0.5219564053731235 0.511126384169132 0.502090526949871 0.494400990050523 0.4878589054090958 0.482164475170406 0.4772057539100039 0.47284207213523666 0.468941160076427 0.4654884035905576 
0.470703125 1.0 0.9999662666728942 0.9873865271516619 0.857491294512577 0.73136606430067 0.6561521785721633 0.6081248347946493 0.5750891590107204 0.5512202072093033 0.5332056186841685 0.5189521917934785 0.5075197552625564 0.49806607380144347 0.4901680043276357 0.48353648590920234 0.47777255515524303 0.4728689474317391 0.46850913962345464 0.4646927094189568 0.4613091397092104 0.45824082129208615 
0.474609375 1.0 0.9995783830920231 0.957699258260308 0.7919456980496278 0.6827521289685374 0.6193412931910283 0.5786941653045785 0.5510291608774648 0.5308176899271165 0.5153168872431123 0.5032521335874084 0.4932804070330044 0.48531020786039863 0.47855982452634105 0.4728386416177892 0.4680267019739912 0.4636945261801004 0.460052676418815 0.4567241003287169 0.4538154472280263 0.45121663561666425 
0.478515625 1.0 0.9976472825908692 0.8949168294759395 0.7268516685937163 0.6360006965083551 0.5837048657201291 0.5508629171686545 0.5275983750963866 0.5110381873622004 0.4980566693326979 0.4877102708807391 0.479805939054808 0.47285148513525255 0.4673688361346233 0.4625511943774757 0.4583870844474362 0.4549407743604799 0.45166868949457645 0.4490154406133124 0.44648745095536946 0.44433167172165866 
0.482421875 1.0 0.9885515751480642 0.8105901932601487 0.6637186313867361 0.5923147717242624 0.5505426841746395 0.5237367737100322 0.5059369508629743 0.4913563774133334 0.4812750638505145 0.47314147652437377 0.46622644881007047 0.4611382502854984 0.4562715808336107 0.45255630887070886 0.4491971107517518 0.4462422082271807 0.4438869919244052 0.44148941753260135 0.4397073041395214 0.4378448790125915 
0.486328125 1.0 0.948790855689057 0.718743844705916 0.6051682016779809 0.5477615300847614 0.5191225831182151 0.4983587648800568 0.4831537000949456 0.47385544907866994 0.46502556455000404 0.4589977156110269 0.45400973913979004 0.4494157674565451 0.44626087635979095 0.4429155967998781 0.44060027618236575 0.4383359732509912 0.4363774554961467 0.4349843737769449 0.43330007381474234 0.4323992398593416 
0.490234375 1.0 0.8465424126091691 0.6258411303900454 0.5495221477444527 0.514381486420439 0.48710630085945833 0.47398914924018315 0.4636878173619503 0.4552402120893562 0.4505478960181172 0.44519435314072625 0.4419402074335247 0.43913601197034247 0.436397501493115 0.4349774286444147 0.43280043919861433 0.43204454339071097 0.4306235833144515 0.42979413586195303 0.4292485216257109 0.4283133411223901 
0.494140625 1.0 0.6975878580849973 0.5552318627324281 0.495273955874939 0.47094137427079913 0.4611195173778032 0.44977217449699436 0.44537441369661995 0.44087364145748614 0.4367219418030765 0.4354050557595649 0.4322229059910418 0.43160842948335865 0.42994465342619037 0.4288275917249187 0.42878773484520133 0.42728424225961303 0.4277959958834933 0.4266596924650033 0.4270655323485019 0.4265661416989517 
0.498046875 1.0 0.5443185294940882 0.470666036000563 0.457175364382362 0.44252004858274663 0.4372298220313071 0.43549774269981867 0.43028595430441063 0.4306843337704504 0.42840564670320935 0.4276333670128063 0.4281154527195511 0.42607578065981355 0.4275125195581186 0.4261699116243799 0.42675937748725706 0.4263522632755417 0.42620185389730836 0.4266059090464162 0.4260366197687035 0.4265481554586856 
0.501953125 0.125 0.4253042306573147 0.4253499899606917 0.4238042521057954 0.4300990766811921 0.4247418859958459 0.4270688035422163 0.42702039516253804 0.4250139329037345 0.4275725514175992 0.4255244921441485 0.4266125027513792 0.42605255607232356 0.4260696867288802 0.4266632714070743 0.42561303672945644 0.426708170113464 0.42584847820751054 0.42661847598775415 0.42590944218599397 0.42640331958203426 
0.505859375 0.125 0.38291840723641246 0.42911476142935545 0.4237852511383481 0.4256557575581207 0.42635141317994235 0.424057813536656 0.4273738926491112 0.42538132056933053 0.4263808019784918 0.4263101617066716 0.4257839474460817 0.42713155092843075 0.4257297161372363 0.4269065946163135 0.42577043400331965 0.4265988507537186 0.4260852743943044 0.4260990254519659 0.42607596161870587 0.4258439461088517 
0.509765625 0.125 0.3329324962592966 0.42735611629702164 0.42731123808916427 0.42383846558756083 0.4282420402108575 0.42476195009381373 0.42694692332921874 0.4270899783955918 0.42558452162478094 0.42710647266009316 0.4257393627487164 0.42681243559237436 0.4257461378461103 0.4260231159685503 0.4260400412063685 0.4255170323445538 0.42600947098811737 0.42526142520560295 0.4258741088994571 0.42524137051930017 
0.513671875 0.125 0.2665517544533718 0.3942019083433861 0.427770489440953 0.42275295448498346 0.4268881988306922 0.42561465275863625 0.4245628375422134 0.4270878950451376 0.4247242095972423 0.4263179829825288 0.425604046276487 0.425435643585197 0.42578349035363794 0.42503201421546577 0.42609728682319614 0.4248925310052738 0.4257529862143274 0.42514595666078336 0.42557489174961055 0.425319435070994 
0.517578125 0.125 0.18442059916921427 0.3383523975102293 0.4243593712782902 0.4249108481853985 0.4240268706887616 0.4270799210160658 0.42362165638867794 0.4265776435162369 0.42537889848810245 0.42533599861314486 0.4259254139212824 0.4248586417715566 0.425978563785198 0.4250587997289787 0.4258318006477907 0.42526777513436986 0.42536290432449797 0.42558372195877375 0.42530060675835507 0.425640268853897 
0.521484375 0.125 0.1338272871900405 0.29251815442865503 0.40882794464486577 0.42635556296257743 0.42246642213555874 0.42676395277878726 0.42410577444492104 0.42470832057568175 0.4262114098234601 0.4244358905381791 0.42585437404058984 0.42501293238687166 0.42561651476682105 0.4254773515104834 0.42526312958131873 0.4257740594779008 0.4251217885940125 0.42586062532224295 0.4253183146896636 0.425721986564032 
0.525390625 0.125 0.12597464928502544 0.26947382445725915 0.3649429331806172 0.4253151632619614 0.4236353183830023 0.42467179173296515 0.42589559054558407 0.423498309878178 0.42665624347995235 0.42491808257655567 0.4255000531766358 0.42579960864494076 0.4253854109553642 0.4260063463338115 0.4252565450646522 0.42603943081283907 0.42552780583635086 0.4257944279399649 0.42575842028538996 0.4256487319013185 
0.529296875 0.125 0.12508926497058617 0.25566168907696557 0.30919908568415955 0.4165644922261753 0.424850092411711 0.4235491854024267 0.42661842055894394 0.42416549940022064 0.42571541993824524 0.4260196965047522 0.4250527943948762 0.42622644633138734 0.4254508659765045 0.42594201391751124 0.4256730555731828 0.425799924731943 0.42603044929975437 0.42553568980709805 0.42608159793330463 0.425657437307552 
0.533203125 0.125 0.12498627082004672 0.23422539319564242 0.2702337273664294 0.384460503250866 0.4246151020318462 0.4241627152929555 0.42554448685288015 0.42570917937270764 0.42448745081925726 0.42665246946080376 0.42531115460146823 0.42597321978351815 0.42592908594112844 0.42566476343360415 0.4261936944155754 0.42570369961384985 0.4262952693963157 0.42573077335326565 0.4261458027134279 0.42607310833319156 
0.537109375 0.125 0.12499826912678819 0.16258286055797605 0.2595210527934976 0.33179255755758136 0.41972487323708013 0.42482285391482244 0.4245391287941555 0.4263730587466439 0.42452164782222024 0.42610011905859346 0.42622443293088 0.425487555743224 0.4263809470381174 0.42572801481254274 0.4263705059049931 0.42605102098760456 0.4261766409923923 0.42630089785809056 0.4260179507677065 0.42650633168834207 
0.541015625 0.125 0.12500219539463456 0.1292262990333677 0.25831451308205877 0.28620108438231767 0.3998545617960768 0.42455394409696373 0.42475927312083667 0.42573280618547754 0.42571328725786495 0.42522457625066545 0.42696036715786057 0.4255333851492181 0.4263938081323165 0.4263024795365857 0.42617657326165165 0.42653699292280267 0.4259860777788443 0.42667952032401596 0.42600357799882776 0.4265065484356064 
0.544921875 0.125 0.12500025372526477 0.12540006323216085 0.2594660444233498 0.2626864041458935 0.3543548653764353 0.42147558353195275 0.425375786855231 0.42507482820373704 0.42663241154120496 0.4251081880731059 0.4265971560872852 0.42627572710438394 0.4259514596451543 0.4267756477510789 0.4259125823765955 0.4266066034865982 0.4260252108979194 0.42648273316326185 0.4262185346083779 0.426125491582045 
0.548828125 0.125 0.12499981621726954 0.12501306571258236 0.25598167232666047 0.2572207602186608 0.301773889229188 0.4090497263188249 0.42513269551178695 0.4249486304951004 0.42614314504634265 0.4258022923891906 0.42549073535753457 0.4269442074085419 0.42562084633663183 0.42663799325253116 0.4260131963419808 0.4262609229901405 0.42636477230537106 0.42607503529278146 0.4265011468893135 0.42589851704494774 
0.552734375 0.125 0.1249999903662377 0.12499095644438367 0.20892805061639724 0.25858563751078406 0.2693615689591162 0.3729330221330195 0.42284834750775246 0.4252857801786334 0.42520152825763025 0.4265468201337283 0.42491783344461587 0.42689513611462143 0.42600839847111105 0.42608802597570755 0.4264590114625276 0.4259575074444487 0.42665888689763337 0.42594061853097487 0.4265387123081954 0.42609424859375045 
0.556640625 0.125 0.12500001697840668 0.1250022506149554 0.14185304669421092 0.261537221033289 0.2613787996787583 0.32160410632187375 0.41458774760227357 0.42523274687586077 0.42472923413546154 0.4264100554496349 0.4254147635496466 0.4260053239415438 0.42666383248512313 0.4256365995814584 0.42668753057257786 0.42599870623492436 0.4265389108202374 0.42617829630233606 0.4263046865498517 0.42646320001656074 
0.560546875 0.125 0.1250000001076602 0.12500133061633292 0.12672568054247785 0.2636860556555072 0.26011303985736917 0.27948064499915676 0.3888467431258056 0.4238390228293988 0.42490727688082375 0.42563897778653237 0.42629737882080126 0.42521473897610595 0.42689310304310685 0.42585160421796553 0.4264500633451781 0.4263773226353813 0.42622593711465173 0.42652432254652656 0.426154966103365 0.4266385389343657 
0.564453125 0.125 0.12499999868186282 0.1249997333189595 0.1251642621897043 0.2621043764740903 0.2612243152964187 0.262459755989371 0.34068927041325336 0.418361715893284 0.42495807716173944 0.42502967178223516 0.42664157968466154 0.4252515489164334 0.4263521903966965 0.4265120719764055 0.4260479734810386 0.4266442249402018 0.42609661282264527 0.42659268151948837 0.426260327464466 0.4264435253252542 
0.568359375 0.125 0.1250000000685443 0.12499988609526243 0.12499015260917365 0.24060210397253168 0.26308324140129097 0.26018278704496733 0.2926503044175228 0.4011109546660399 0.42416742324187134 0.42495008233595477 0.4261964482264505 0.42590803785503745 0.4256506038362147 0.42691583761193974 0.4259639152445687 0.42645311648708134 0.42629016856130864 0.4263491593800702 0.4264489368756414 0.42614673518836754 
0.572265625 0.125 0.12500000009369952 0.12500003976053684 0.12499648218126698 0.169841561016347 0.26460275598020094 0.26149011816032036 0.26798153384896906 0.3600478132490134 0.4205958789560291 0.4248270236695692 0.4254892188027899 0.4263270998361818 0.42540043152792223 0.4264946632299541 0.4262819368003038 0.4259975065326528 0.42650053149393125 0.42612471487232384 0.4264393385407299 0.42610110843744803 
0.576171875 0.125 0.12499999998962766 0.12500001106142078 0.12500258435428002 0.13068006828630085 0.2648688476111092 0.2638923404256225 0.26182298857648095 0.3099684513044304 0.40919411645387965 0.4240770638761003 0.4250917094427702 0.42611518453374636 0.42575306283688835 0.4257119136422674 0.426625801089128 0.4258526027917853 0.42642952306111065 0.4262295027049927 0.4262268223816387 0.4263492178205077 
0.580078125 0.125 0.12499999999420713 0.12499999532457359 0.12500044475408842 0.12558814781290537 0.26293865531912347 0.265863478021135 0.2609122708796004 0.27424412747346427 0.3772293078816723 0.4215160997660684 0.4248836807510112 0.42561820897851427 0.42614495998362495 0.4253073089765835 0.4265084228601629 0.4262303079113575 0.4260770867435556 0.42650027392264317 0.4260526972562637 0.4265547683412443 
0.583984375 0.125 0.1250000000010699 0.12499999905275821 0.12499973625908238 0.12503726353147887 0.2538239550632763 0.26631868838027634 0.26214954985041233 0.26277354744993925 0.32854355235627813 0.41385132878366987 0.42434195436294225 0.4253438960477563 0.4260940906935623 0.4256318879033851 0.4259638671967329 0.42672940106412816 0.4258426951747 0.42657292068910607 0.4261838765540035 0.42647892048688635 
0.587890625 0.125 0.1250000000003053 0.1250000005217913 0.12499998634932574 0.12498800391943295 0.20749676077403387 0.2657969625667152 0.26423576870853754 0.26133317542068096 0.28633354219249724 0.3913244728856591 0.42248743327963445 0.4252200189483453 0.4256591555675211 0.4261802665272268 0.4255097058022417 0.4267881002698222 0.42606454806949634 0.4263142607791111 0.42653444426842724 0.4262433179407649 
0.591796875 0.125 0.12499999999991127 0.12500000007615197 0.12500003196066065 0.1250011395385724 0.14271941187639753 0.26470337492512097 0.2661511874927431 0.26239249798253095 0.26704328160516294 0.3474820943432445 0.4170574419521012 0.42486194051901943 0.4253581541944102 0.42641155763394956 0.4255915447098747 0.42628410747448625 0.42657395610639953 0.4260083503313965 0.42673731500501344 0.4261457152118148 
0.595703125 0.125 0.1249999999999872 0.12499999994604959 0.12499999891607688 0.12500188232134848 0.1268839343059913 0.26289675401442003 0.2670270670769265 0.26423213497899645 0.26189510561254264 0.3005389558045367 0.40148005378199014 0.4234720876099995 0.4252464132313919 0.42603907847322453 0.4259879881373977 0.42565110045296856 0.426839475121078 0.4259992675982182 0.4265348472013141 0.4263089937868773 
0.599609375 0.125 0.12500000000000602 0.12499999999470114 0.12499999657281818 0.124999872510259 0.1251854101646186 0.2587132256279883 0.26660759669061224 0.2657212009150441 0.26134113219752747 0.27193642557786035 0.3644311133199476 0.4194728981060983 0.4250349359136765 0.4255210769902822 0.4262871748464051 0.42547882319862895 0.4265814347595179 0.4263580054671397 0.4261741691508733 0.4265563237200166 
0.603515625 0.125 0.12500000000000022 0.12500000000526765 0.12500000042421103 0.12499983119920188 0.12499118402573527 0.2377374271389975 0.2656964212052587 0.266153313395264 0.2627108175687495 0.26396150269198215 0.31751880687701406 0.40856497120473434 0.42412759515321174 0.42519856070699114 0.42617498466224185 0.42581557410766613 0.4260260768468245 0.4266910788859665 0.4260450463323929 0.4265877055396558 
0.607421875 0.125 0.12499999999999954 0.12500000000028594 0.12500000035968792 0.12500003100192528 0.12499556329431619 0.16859836403276535 0.2648791124384607 0.265956128104246 0.2647613815110704 0.2626414154441508 0.28125030470724777 0.3799542836409127 0.4213500868696025 0.42498028123801757 0.4258586634990302 0.42622736565029284 0.4256900047334595 0.4266402206153741 0.4263269592813003 0.4263971054696581 
0.611328125 0.125 0.125 0.12499999999951421 0.12499999992671744 0.12500001667286015 0.12500276982558092 0.1305234800294586 0.2640459560015303 0.2656420521845409 0.26638697239069764 0.2632754025285072 0.265973722959177 0.33496314807784366 0.4136985003594643 0.4243675512969225 0.4255874553477422 0.42628667514035745 0.4257973268009361 0.4262283650786433 0.4266867379614301 0.42623246831295414 
0.615234375 0.125 0.125 0.12499999999999356 0.12499999996416059 0.12499999555651875 0.12500062758831526 0.12557901539066624 0.2622319413587354 0.2654710451316986 0.26676439369030935 0.26444232420075303 0.26246510998341077 0.2921121512717425 0.39277389945195434 0.4224417306136484 0.42529221640164155 0.4259721035694305 0.426084358088727 0.4258398420183293 0.42669274236400256 0.42631727901932087 
0.619140625 0.125 0.125 0.12500000000004138 0.12500000001027953 0.12499999861619686 0.12499970317056017 0.12503646022731574 0.2531973704552769 0.26549444703920905 0.2661752060334978 0.2653996478000673 0.2626002292982621 0.270176276462123 0.3521400789827359 0.41702811457744077 0.4246480789140219 0.42560389658393366 0.42617694882454094 0.4257946457754045 0.42625435259948535 0.4265583275763367 
0.623046875 0.125 0.125 0.12499999999999815 0.12500000000341127 0.12500000059892738 0.12499996318995542 0.12498796621661737 0.20409090295394566 0.26565649590169305 0.26533313765617916 0.26579473200648845 0.2640513048991504 0.26426964622087035 0.30754426078228425 0.4023610823740183 0.4230491310638309 0.42534138036945196 0.42595161890166305 0.4260189547547616 0.42575322750283706 0.4266479398436862 
0.626953125 0.125 0.125 0.12499999999999616 0.12499999999871807 0.1250000000974277 0.12500003788957992 0.12500121365530775 0.14098423331903634 0.2656878497884397 0.26478439281640087 0.26576008470466883 0.2657776758112246 0.26298896488980184 0.27646364241708055 0.36852323925286257 0.4190628779599271 0.42494559691130823 0.4256351627212016 0.4261791158584302 0.4256094103190083 0.4263927129436483 
0.630859375 0.125 0.125 0.12499999999999983 0.12499999999969129 0.12499999992618334 0.12500000182382398 0.12500192466247947 0.12670510037480964 0.26495014703023456 0.26490015613343765 0.26558971623025307 0.2667525442333211 0.2634577784515173 0.2650033163272326 0.32369712354609137 0.4088309942055577 0.42385944279166504 0.42540378536125667 0.42605815799080354 0.42588024674338876 0.425960131332039 
0.634765625 0.125 0.125 0.1250000000000001 0.12500000000014663 0.12499999999605961 0.12499999577212707 0.12499986010856241 0.1251689557381041 0.26055409331327256 0.2655120741502756 0.2654239618147508 0.26650684830749827 0.26461173509972 0.26282625698605316 0.28587651513080464 0.3827066571590225 0.4209458764527402 0.4251077696243367 0.4257546585525154 0.4261995505541515 0.42566464303124807 
0.638671875 0.125 0.125 0.125 0.12500000000002515 0.12500000000862643 0.1250000001102552 0.1249998219864091 0.12498977582181671 0.23488689991404385 0.2662048084437344 0.2653300805617539 0.26565464750650486 0.26574929625883226 0.2632497510203676 0.2691197426340043 0.3406041399493033 0.4134699192599158 0.42427774660016415 0.4254410932345345 0.4262119516349017 0.42567801313407055 
0.642578125 0.125 0.125 0.125 0.12499999999998285 0.12499999999968237 0.12500000045592063 0.12500003392009176 0.12499605570231427 0.16381713456729718 0.26658532246709976 0.2653610453623964 0.26481168829167223 0.2663317986781959 0.26455909666640126 0.2641440859744389 0.2988607168373645 0.3941791374442398 0.42215235016198865 0.42514716057146296 0.4259268988957441 0.4258985747069925 
0.646484375 0.125 0.125 0.125 0.12499999999999684 0.12499999999903802 0.12499999995629274 0.1250000184809403 0.12500280463935579 0.12978701875439277 0.2662316476932458 0.265522444987059 0.2645447008646601 0.266312349544144 0.26587239122933004 0.262925065335535 0.27317492003633725 0.3565272537936818 0.41677169183667184 0.4245183453862115 0.4255535500492791 0.4260139773792418 
0.650390625 0.125 0.125 0.125 0.12500000000000128 0.12500000000011113 0.12499999995420716 0.1249999950233016 0.12500056534816226 0.12549990544652453 0.2639274638758762 0.2658056340842844 0.26494439366669253 0.26596307956336734 0.2663540736332363 0.26342351605806186 0.2651704342784287 0.3133186412041252 0.40303877460029996 0.4229703374699297 0.4252568336859195 0.4259580040434655 
0.654296875 0.125 0.125 0.125 0.1250000000000002 0.1250000000001011 0.12500000000811218 0.12499999832149 0.12499970033034513 0.12502657122029578 0.2527158627741604 0.26615469584351115 0.26561361575047027 0.26550333201961596 0.26604685158442826 0.26463501188529 0.2636594507296522 0.2811734439031134 0.3719278878699885 0.4191050911582109 0.42481075311389854 0.42580114738985175 
0.658203125 0.125 0.125 0.125 0.125 0.12499999999997931 0.12500000000426295 0.12500000068576936 0.12499996935632363 0.12498874716851419 0.19902640464724822 0.2663444091946805 0.26617929592269646 0.26513970487572075 0.26548364254052 0.26579944132407946 0.26400555721509567 0.2679741093933628 0.3294756243726707 0.40936915634859344 0.42364322887975153 0.4255504207853626 
0.662109375 0.125 0.125 0.125 0.125 0.12499999999998919 0.1249999999987884 0.1250000001407572 0.12500003810915453 0.12500162042565766 0.13868279798043925 0.26608913724610705 0.2663245792671044 0.2650409469233393 0.2651193283491019 0.26633847641030856 0.2649090242443413 0.26394579919514377 0.29097887991356036 0.38517978354375365 0.420749072253685 0.42512465362532614 
0.666015625 0.125 0.125 0.125 0.125 0.1250000000000023 0.1249999999996437 0.12499999991375849 0.1250000010909287 0.1250017799333793 0.12644785832153546 0.2649310207607936 0.2661077200948043 0.2652618288077096 0.2652167009698352 0.26614742803510744 0.2656340575773336 0.26332722463972363 0.2708336465311997 0.3452830904834543 0.41367081311659043 0.42416461502339653 
0.669921875 0.125 0.125 0.125 0.125 0.12500000000000078 0.1250000000001604 0.12499999999031136 0.12499999571550885 0.12499981237080797 0.125140839517141 0.2602337333874395 0.2658254153420791 0.2657039838847679 0.2656283710878488 0.26560507828351143 0.26578235881757395 0.26408904863866584 0.2652755510970523 0.3045263496560437 0.3958067103490854 0.4219572207361212 
0.673828125 0.125 0.125 0.125 0.125 0.12499999999999947 0.12500000000002287 0.12500000001022588 0.12500000020571367 0.12499983723491265 0.12498792538906953 0.23290911243155946 0.26567587768943846 0.2661223001289077 0.26606194589807963 0.26513485471035914 0.2655219679737915 0.26531476279978883 0.26411131910655333 0.2774095931390509 0.36103194058915045 0.4167873791757647 
0.677734375 0.125 0.125 0.125 0.125 0.12499999999999988 0.1249999999999786 0.12500000000037498 0.1250000004699094 0.1250000375720454 0.12499708591216885 0.16099187580527022 0.2655016655716957 0.2662751435806901 0.26622346172705075 0.2650167270471459 0.2652258826823231 0.26626194327995584 0.2643195875761488 0.26674995364480086 0.31923682774533724 0.4040589600895644 
0.681640625 0.125 0.125 0.125 0.125 0.125 0.12499999999999811 0.12499999999885233 0.12499999994301592 0.12500001662771584 0.12500277932570417 0.12931784405285485 0.2649949227330168 0.26602222850432183 0.2660543317042045 0.2653216695144804 0.2651475195487905 0.2664010744747304 0.2649621988738078 0.2637977748935568 0.2848103918660816 0.37517446329841025 
0.685546875 0.125 0.125 0.125 0.125 0.125 0.12500000000000175 0.12500000000003508 0.12499999995131719 0.12499999473944604 0.1250004174403306 0.12544292462416137 0.2631154605466349 0.26560037067590064 0.2657370000747276 0.2658739521896622 0.2653146481306241 0.26584939265633467 0.2655561269333989 0.26363434755463516 0.26987459569152383 0.33447228689577535 
0.689453125 0.125 0.125 0.125 0.125 0.125 0.1249999999999996 0.12500000000012002 0.12500000000997005 0.12499999853217443 0.12499970702452995 0.12501937356749063 0.2523289459647617 0.2653501910305224 0.2655126346908955 0.26638379892196645 0.2656104661826327 0.2651296754388923 0.26583223492474645 0.2645093808876733 0.26555637992662773 0.2968212918067407 
0.693359375 0.125 0.125 0.125 0.125 0.125 0.12499999999999965 0.1249999999999865 0.12500000000477438 0.12500000070470904 0.12499998409187536 0.124989645833823 0.19751077899995656 0.26528539792988187 0.2654937831401269 0.26660954299699147 0.2658705593740843 0.26469288145737496 0.2657800201848206 0.2656572161254253 0.2643629666279922 0.27413876699994144 
0.697265625 0.125 0.125 0.125 0.125 0.125 0.125 0.12499999999998711 0.1249999999985361 0.12500000011609919 0.12500003631424608 0.1250019175845512 0.1379379146594548 0.2651020850405658 0.2655322473134026 0.266412326752748 0.2660161831128903 0.26482672245414995 0.26559566125749823 0.2663278247099209 0.2643438427206998 0.2660388267868933 
0.701171875 0.125 0.125 0.125 0.125 0.125 0.125 0.12500000000000158 0.12499999999956289 0.124999999912493 0.12499999955264089 0.12500159918457324 0.126355736956455 0.26428641946534787 0.26549964485594824 0.2658793493687412 0.26605689466992954 0.265387330921143 0.26544923152089045 0.2661427457204503 0.2648182535365589 0.2641611115063707 
0.705078125 0.125 0.125 0.125 0.125 0.125 0.125 0.12500000000000072 0.1250000000001927 0.12499999999328329 0.12499999598845261 0.1249997753594961 0.12512961528346903 0.2598702215245724 0.2654476715924244 0.26530414626502064 0.2660495900518119 0.2660207119725396 0.2653986071403337 0.2655528763857773 0.2654183200591556 0.2642849116498618 
0.708984375 0.125 0.125 0.125 0.125 0.125 0.125 0.1249999999999995 0.12500000000003456 0.12500000001034817 0.12500000035267758 0.1249998590822559 0.12498745427367826 0.2319520243446448 0.26546176886780615 0.26500093608524355 0.26603484961905605 0.26641945633615133 0.26543448767622313 0.2650269292298221 0.26579721688574887 0.2651259843480881 
0.712890625 0.125 0.125 0.125 0.125 0.125 0.125 0.12499999999999985 0.12499999999997502 0.12500000000000422 0.12500000043180678 0.125000040055066 0.12499754416888063 0.16006860546610652 0.2654036521847389 0.2650777200385457 0.2659969612690106 0.2664001530721704 0.26554000768171826 0.2649428856836128 0.26582869427529315 0.26596964134071 
0.716796875 0.125 0.125 0.125 0.125 0.125 0.125 0.125 0.12499999999999677 0.1249999999988312 0.1249999999297042 0.1250000137781106 0.1250027139716614 0.12917718678256 0.2649413948412052 0.2653107307781159 0.265877773887572 0.26607587431910673 0.2657033239617332 0.2653299994596282 0.26562733135471844 0.2661596392554869 
0.720703125 0.125 0.125 0.125 0.125 0.125 0.125 0.125 0.12500000000000208 0.12500000000008252 0.12499999995624639 0.12499999460885704 0.12500034501118068 0.12542647308100546 0.26288065332852956 0.2655199584775161 0.265620961234358 0.2656817725612604 0.2658929412863741 0.2658852762804179 0.2653838330710303 0.2657354555086534 
0.724609375 0.125 0.125 0.125 0.125 0.125 0.125 0.125 0.12499999999999971 0.12500000000012412 0.12500000001108078 0.12499999886834393 0.12499971870181224 0.12501738021371775 0.2514743850048535 0.26565620269389484 0.2653173176816361 0.2654269634739749 0.26602145353459267 0.2662958755291231 0.2652823926003668 0.26516519282359474 
0.728515625 0.125 0.125 0.125 0.125 0.125 0.125 0.125 0.12499999999999957 0.12499999999998004 0.1250000000041546 0.12500000069934902 0.12499999170490825 0.12498993295317508 0.19583688766125157 0.2656846511702337 0.2651426618522777 0.2654328367852229 0.2660160262886324 0.26632616736029685 0.26540007753782585 0.26487816281157683 
0.732421875 0.125 0.125 0.125 0.125 0.125 0.125 0.125 0.125 0.12499999999998607 0.12499999999845098 0.12500000007798986 0.12500003405341414 0.12500198168234422 0.13739417033796228 0.2654228949938506 0.26518293334432547 0.26562054251129913 0.2658591651595109 0.26602854558986627 0.26569824874964904 0.26507130651053173 
0.736328125 0.125 0.125 0.125 0.125 0.125 0.125 0.125 0.125 0.12500000000000225 0.12499999999963958 0.1249999999152417 0.12499999872675664 0.12500153863415508 0.12630101053310766 0.2643371217879139 0.2653511434962622 0.26581119236753686 0.2656151302707947 0.2656271476135223 0.26605155949290477 0.2655421832951544 
0.740234375 0.125 0.125 0.125 0.125 0.125 0.125 0.125 0.125 0.1250000000000008 0.1250000000001984 0.12499999999737084 0.12499999633055565 0.12499976901260457 0.1251237727326626 0.2594165186361134 0.26554503959343057 0.2658340377525096 0.26540531191849626 0.2653474748205523 0.26628721968178337 0.2660093890550254 
0.744140625 0.125 0.125 0.125 0.125 0.125 0.125 0.125 0.125 0.12499999999999939 0.12500000000002492 0.12500000000980693 0.12500000043128276 0.12499986678930237 0.12498717660205709 0.23013600186954655 0.2657005191104338 0.2656609390058237 0.26532677129352744 0.26531192294728895 0.2662851065803845 0.26622805474064 
0.748046875 0.125 0.125 0.125 0.125 0.125 0.125 0.125 0.125 0.12499999999999982 0.12499999999997449 0.12499999999958841 0.12500000038359202 0.12500003989934116 0.12499774877962035 0.15845415315066586 0.26567408669189196 0.2654314686202071 0.26543029860060824 0.2654429773743111 0.26601954872311606 0.26616159028396913 
0.751953125 0.125 0.125 0.125 0.125 0.125 0.125 0.125 0.125 0.125 0.12499999999999817 0.12499999999891595 0.12499999992305638 0.1250000127258619 0.125002695191134 0.12895344586530402 0.2651617624810461 0.26527901210059646 0.2656621874964277 0.2656017220261458 0.26560368077022317 0.2659434188951375 
0.755859375 0.125 0.125 0.125 0.125 0.125 0.125 0.125 0.125 0.125 0.1250000000000023 0.12500000000012268 0.12499999996254804 0.12499999472473948 0.12500031797204875 0.12540324229743827 0.26291491886883567 0.2652981847394736 0.26588276730727606 0.2656674059947088 0.26522978093854677 0.26573692869302146 
0.759765625 0.125 0.125 0.125 0.125 0.125 0.125 0.125 0.125 0.125 0.12499999999999963 0.1250000000001123 0.12500000001150993 0.12499999899733782 0.12499972219561568 0.1250145915213431 0.2507271943090675 0.2654710383954217 0.2659635583848506 0.26561852617358567 0.26505521920427116 0.26564617538188945 
0.763671875 0.125 0.125 0.125 0.125 0.125 0.125 0.125 0.125 0.125 0.12499999999999954 0.12499999999997669 0.12500000000337605 0.12500000067219075 0.12499999402055832 0.12499027783824385 0.1932629197674287 0.2656212642900869 0.2658430555214083 0.2655387605640437 0.26514394444007416 0.2656432802912686 
0.767578125 0.125 0.125 0.125 0.125 0.125 0.125 0.125 0.125 0.125 0.125 0.12499999999998772 0.12499999999844387 0.1250000000629591 0.12500003334940585 0.12500209065870432 0.13648103870295752 0.26547811061560794 0.26558409144159123 0.26552486516068213 0.2653989281052235 0.26563833640064466 
0.771484375 0.125 0.125 0.125 0.125 0.125 0.125 0.125 0.125 0.125 0.125 0.1250000000000027 0.12499999999973127 0.12499999992001974 0.12499999853371888 0.125001481354433 0.12620801511140836 0.2644874447546193 0.26534239444429625 0.2656257332428279 0.26565995006613047 0.2655506774347182 
0.775390625 0.125 0.125 0.125 0.125 0.125 0.125 0.125 0.125 0.125 0.125 0.12500000000000058 0.12500000000019468 0.1249999999989979 0.1249999964370309 0.12499975734706759 0.12511346843455956 0.2593789748587054 0.26530715899561685 0.26579298710203303 0.2657963982090227 0.26539601441379485 
0.779296875 0.125 0.125 0.125 0.125 0.125 0.125 0.125 0.125 0.125 0.125 0.12499999999999935 0.12500000000001457 0.12500000000906653 0.12500000044114526 0.12499987267574711 0.12498676580149282 0.22826559088752524 0.26544594715876824 0.26593026611392395 0.2657619550404434 0.26526712857133994 
0.783203125 0.125 0.125 0.125 0.125 0.125 0.125 0.125 0.125 0.125 0.125 0.12499999999999983 0.12499999999997556 0.1249999999994259 0.12500000036856615 0.12500004056596145 0.12499813608115073 0.1565321360290222 0.2654643831061106 0.2659200731346322 0.2656389969960985 0.2652570037081265 
0.787109375 0.125 0.125 0.125 0.125 0.125 0.125 0.125 0.125 0.125 0.125 0.125 0.12499999999999915 0.12499999999902109 0.12499999992359129 0.1250000120602824 0.12500266314899836 0.12867748463971135 0.2650098589409915 0.26570784190737967 0.26554335590768513 0.265392252927965 
0.791015625 0.125 0.125 0.125 0.125 0.125 0.125 0.125 0.125 0.125 0.125 0.125 0.1250000000000022 0.12500000000013695 0.12499999996451143 0.12499999470274097 0.12500026627435035 0.1253731062675813 0.26278553044501235 0.26546823367970757 0.26556112434557944 0.26559088756553006 
0.794921875 0.125 0.125 0.125 0.125 0.125 0.125 0.125 0.125 0.125 0.125 0.125 0.12499999999999956 0.12500000000009862 0.12500000001122116 0.12499999906453484 0.12499972705192616 0.12501098498340632 0.25004136837358204 0.26540291261130394 0.26570604964485395 0.2657471343967353 
0.798828125 0.125 0.125 0.125 0.125 0.125 0.125 0.125 0.125 0.125 0.125 0.125 0.1249999999999996 0.1249999999999757 0.12500000000313435 0.1250000006683763 0.1249999988239321 0.12499081474375687 0.19106107842670597 0.26539506554907927 0.26588348004952356 0.2657868105199704 
0.802734375 0.125 0.125 0.125 0.125 0.125 0.125 0.125 0.125 0.125 0.125 0.125 0.125 0.12499999999998976 0.12499999999850665 0.12500000005663292 0.12500003247065128 0.12500223178361577 0.13572663885477765 0.2651369190755873 0.2659368629872012 0.26571445601035143 
0.806640625 0.125 0.125 0.125 0.125 0.125 0.125 0.125 0.125 0.125 0.125 0.125 0.125 0.1250000000000027 0.12499999999975932 0.12499999992108357 0.12499999806587349 0.125001388534869 0.1261270432056532 0.26407770297427435 0.26578383975677344 0.2656088058778553 
0.810546875 0.125 0.125 0.125 0.125 0.125 0.125 0.125 0.125 0.125 0.125 0.125 0.125 0.12500000000000044 0.1250000000001836 0.12499999999950934 0.12499999655429951 0.12499974189235574 0.12510389192398963 0.25883970621664615 0.2655786084551446 0.26556186877205135 
0.814453125 0.125 0.125 0.125 0.125 0.125 0.125 0.125 0.125 0.125 0.125 0.125 0.125 0.12499999999999935 0.12500000000001155 0.12500000000888248 0.12500000048236687 0.12499988286609377 0.1249865235826444 0.22669859326597516 0.26545723333417337 0.2656376712592259 
0.818359375 0.125 0.125 0.125 0.125 0.125 0.125 0.125 0.125 0.125 0.125 0.125 0.125 0.12499999999999985 0.12499999999997712 0.12499999999939707 0.12500000035395037 0.12500004140351595 0.12499851915477411 0.15520072083272848 0.2652750880523657 0.2657843432813602 
0.822265625 0.125 0.125 0.125 0.125 0.125 0.125 0.125 0.125 0.125 0.125 0.125 0.125 0.125 0.12499999999999933 0.12499999999904784 0.12499999992023691 0.12500001084357257 0.12500260970422827 0.12848688005630082 0.26468685170990497 0.2658536612332759 
0.826171875 0.125 0.125 0.125 0.125 0.125 0.125 0.125 0.125 0.125 0.125 0.125 0.125 0.125 0.1250000000000018 0.1250000000001357 0.1249999999661831 0.12499999468128901 0.1250002124440721 0.1253520834246455 0.26233486153268615 0.2657754805459651 
0.830078125 0.125 0.125 0.125 0.125 0.125 0.125 0.125 0.125 0.125 0.125 0.125 0.125 0.125 0.12499999999999953 0.1250000000000946 0.1250000000114515 0.12499999919760246 0.12499973501551329 0.1250085245621041 0.24908618451035133 0.26566097401397804 
0.833984375 0.125 0.125 0.125 0.125 0.125 0.125 0.125 0.125 0.125 0.125 0.125 0.125 0.125 0.12499999999999963 0.12499999999997621 0.12500000000295539 0.12500000066226552 0.1250000039910931 0.12499123884378187 0.1890993832255833 0.26554228832610277 
0.837890625 0.125 0.125 0.125 0.125 0.125 0.125 0.125 0.125 0.125 0.125 0.125 0.125 0.125 0.125 0.12499999999998995 0.12499999999849612 0.12500000004251838 0.1250000311069361 0.1250023189586884 0.1351371651467967 0.26519871405647 
0.841796875 0.125 0.125 0.125 0.125 0.125 0.125 0.125 0.125 0.125 0.125 0.125 0.125 0.125 0.125 0.12500000000000247 0.12499999999977669 0.12499999992257121 0.12499999755193247 0.12500131268588413 0.12606648021166025 0.26400656233419945 
0.845703125 0.125 0.125 0.125 0.125 0.125 0.125 0.125 0.125 0.125 0.125 0.125 0.125 0.125 0.125 0.12500000000000042 0.12500000000018316 0.12500000000093706 0.12499999674147971 0.12499973305862214 0.1250968333700103 0.2583820357633315 
0.849609375 0.125 0.125 0.125 0.125 0.125 0.125 0.125 0.125 0.125 0.125 0.125 0.125 0.125 0.125 0.12499999999999936 0.12500000000000963 0.12500000000864134 0.12500000052755286 0.1249998915589941 0.12498639314596645 0.22468464078965367 
0.853515625 0.125 0.125 0.125 0.125 0.125 0.125 0.125 0.125 0.125 0.125 0.125 0.125 0.125 0.125 0.12499999999999988 0.12499999999997742 0.12499999999925934 0.1250000003296578 0.12500004158964462 0.12499879193108511 0.15362801878910703 
0.857421875 0.125 0.125 0.125 0.125 0.125 0.125 0.125 0.125 0.125 0.125 0.125 0.125 0.125 0.125 0.125 0.12499999999999943 0.12499999999908058 0.12499999991670299 0.1250000097712851 0.12500256620103017 0.1282766427383535 
0.861328125 0.125 0.125 0.125 0.125 0.125 0.125 0.125 0.125 0.125 0.125 0.125 0.125 0.125 0.125 0.125 0.12500000000000183 0.12500000000014852 0.12499999996913565 0.12499999473426465 0.12500017549497702 0.12533046105600443 
0.865234375 0.125 0.125 0.125 0.125 0.125 0.125 0.125 0.125 0.125 0.125 0.125 0.125 0.125 0.125 0.125 0.12499999999999956 0.12500000000009076 0.12500000001166026 0.12499999931837188 0.12499974143443075 0.1250060282677454 
0.869140625 0.125 0.125 0.125 0.125 0.125 0.125 0.125 0.125 0.125 0.125 0.125 0.125 0.125 0.125 0.125 0.12499999999999963 0.12499999999997521 0.12500000000261297 0.12500000064699654 0.12500000734341324 0.12499166188226686 
0.873046875 0.125 0.125 0.125 0.125 0.125 0.125 0.125 0.125 0.125 0.125 0.125 0.125 0.125 0.125 0.125 0.125 0.12499999999999062 0.12499999999849373 0.12500000002944023 0.12500003002537993 0.12500240846304192 
0.876953125 0.125 0.125 0.125 0.125 0.125 0.125 0.125 0.125 0.125 0.125 0.125 0.125 0.125 0.125 0.125 0.125 0.12500000000000272 0.12499999999981484 0.1249999999252646 0.12499999724181055 0.12500124354881378 
0.880859375 0.125 0.125 0.125 0.125 0.125 0.125 0.125 0.125 0.125 0.125 0.125 0.125 0.125 0.125 0.125 0.125 0.12500000000000033 0.12500000000018108 0.1250000000022695 0.12499999689073836 0.12499972444486299 
0.884765625 0.125 0.125 0.125 0.125 0.125 0.125 0.125 0.125 0.125 0.125 0.125 0.125 0.125 0.125 0.125 0.125 0.12499999999999936 0.12500000000000616 0.12500000000823833 0.12500000055098945 0.12499989888445087 
0.888671875 0.125 0.125 0.125 0.125 0.125 0.125 0.125 0.125 0.125 0.125 0.125 0.125 0.125 0.125 0.125 0.125 0.12499999999999988 0.12499999999997796 0.12499999999913235 0.12500000031011307 0.1250000418215778 
0.892578125 0.125 0.125 0.125 0.125 0.125 0.125 0.125 0.125 0.125 0.125 0.125 0.125 0.125 0.125 0.125 0.125 0.125 0.1249999999999999 0.12499999999913587 0.1249999999155023 0.12500000892677623 
0.896484375 0.125 0.125 0.125 0.125 0.125 0.125 0.125 0.125 0.125 0.125 0.125 0.125 0.125 0.125 0.125 0.125 0.125 0.12500000000000175 0.1250000000001599 0.12499999997153698 0.12499999477127985 
0.900390625 0.125 0.125 0.125 0.125 0.125 0.125 0.125 0.125 0.125 0.125 0.125 0.125 0.125 0.125 0.125 0.125 0.125 0.12499999999999949 0.12500000000008357 0.12500000001161465 0.12499999940729659 
0.904296875 0.125 0.125 0.125 0.125 0.125 0.125 0.125 0.125 0.125 0.125 0.125 0.125 0.125 0.125 0.125 0.125 0.125 0.12499999999999965 0.12499999999997442 0.12500000000233255 0.12500000063528066 
0.908203125 0.125 0.125 0.125 0.125 0.125 0.125 0.125 0.125 0.125 0.125 0.125 0.125 0.125 0.125 0.125 0.125 0.125 0.125 0.12499999999999117 0.12499999999851996 0.12500000002047545 
0.912109375 0.125 0.125 0.125 0.125 0.125 0.125 0.125 0.125 0.125 0.125 0.125 0.125 0.125 0.125 0.125 0.125 0.125 0.125 0.12500000000000264 0.1249999999998461 0.12499999992734932 
0.916015625 0.125 0.125 0.125 0.125 0.125 0.125 0.125 0.125 0.125 0.125 0.125 0.125 0.125 0.125 0.125 0.125 0.125 0.125 0.12500000000000025 0.12500000000017567 0.125000000003104 
0.919921875 0.125 0.125 0.125 0.125 0.125 0.125 0.125 0.125 0.125 0.125 0.125 0.125 0.125 0.125 0.125 0.125 0.125 0.125 0.12499999999999938 0.12500000000000258 0.12500000000792624 
0.923828125 0.125 0.125 0.125 0.125 0.125 0.125 0.125 0.125 0.125 0.125 0.125 0.125 0.125 0.125 0.125 0.125 0.125 0.125 0.1249999999999999 0.12499999999997888 0.12499999999906303 
0.927734375 0.125 0.125 0.125 0.125 0.125 0.125 0.125 0.125 0.125 0.125 0.125 0.125 0.125 0.125 0.125 0.125 0.125 0.125 0.125 0.12500000000000028 0.12499999999917791 
0.931640625 0.125 0.125 0.125 0.125 0.125 0.125 0.125 0.125 0.125 0.125 0.125 0.125 0.125 0.125 0.125 0.125 0.125 0.125 0.125 0.12500000000000167 0.12500000000016429 
0.935546875 0.125 0.125 0.125 0.125 0.125 0.125 0.125 0.125 0.125 0.125 0.125 0.125 0.125 0.125 0.125 0.125 0.125 0.125 0.125 0.12499999999999944 0.12500000000007844 
0.939453125 0.125 0.125 0.125 0.125 0.125 0.125 0.125 0.125 0.125 0.125 0.125 0.125 0.125 0.125 0.125 0.125 0.125 0.125 0.125 0.12499999999999965 0.1249999999999742 
0.943359375 0.125 0.125 0.125 0.125 0.125 0.125 0.125 0.125 0.125 0.125 0.125 0.125 0.125 0.125 0.125 0.125 0.125 0.125 0.125 0.125 0.12499999999999184 
0.947265625 0.125 0.125 0.125 0.125 0.125 0.125 0.125 0.125 0.125 0.125 0.125 0.125 0.125 0.125 0.125 0.125 0.125 0.125 0.125 0.125 0.1250000000000025 
0.951171875 0.125 0.125 0.125 0.125 0.125 0.125 0.125 0.125 0.125 0.125 0.125 0.125 0.125 0.125 0.125 0.125 0.125 0.125 0.125 0.125 0.1250000000000002 
0.955078125 0.125 0.125 0.125 0.125 0.125 0.125 0.125 0.125 0.125 0.125 0.125 0.125 0.125 0.125 0.125 0.125 0.125 0.125 0.125 0.125 0.12499999999999938 
0.958984375 0.125 0.125 0.125 0.125 0.125 0.125 0.125 0.125 0.125 0.125 0.125 0.125 0.125 0.125 0.125 0.125 0.125 0.125 0.125 0.125 0.12499999999999993 
0.962890625 0.125 0.125 0.125 0.125 0.125 0.125 0.125 0.125 0.125 0.125 0.125 0.125 0.125 0.125 0.125 0.125 0.125 0.125 0.125 0.125 0.125 
0.966796875 0.125 0.125 0.125 0.125 0.125 0.125 0.125 0.125 0.125 0.125 0.125 0.125 0.125 0.125 0.125 0.125 0.125 0.125 0.125 0.125 0.125 
0.970703125 0.125 0.125 0.125 0.125 0.125 0.125 0.125 0.125 0.125 0.125 0.125 0.125 0.125 0.125 0.125 0.125 0.125 0.125 0.125 0.125 0.125 
0.974609375 0.125 0.125 0.125 0.125 0.125 0.125 0.125 0.125 0.125 0.125 0.125 0.125 0.125 0.125 0.125 0.125 0.125 0.125 0.125 0.125 0.125 
0.978515625 0.125 0.125 0.125 0.125 0.125 0.125 0.125 0.125 0.125 0.125 0.125 0.125 0.125 0.125 0.125 0.125 0.125 0.125 0.125 0.125 0.125 
0.982421875 0.125 0.125 0.125 0.125 0.125 0.125 0.125 0.125 0.125 0.125 0.125 0.125 0.125 0.125 0.125 0.125 0.125 0.125 0.125 0.125 0.125 
0.986328125 0.125 0.125 0.125 0.125 0.125 0.125 0.125 0.125 0.125 0.125 0.125 0.125 0.125 0.125 0.125 0.125 0.125 0.125 0.125 0.125 0.125 
0.990234375 0.125 0.125 0.125 0.125 0.125 0.125 0.125 0.125 0.125 0.125 0.125 0.125 0.125 0.125 0.125 0.125 0.125 0.125 0.125 0.125 0.125 
0.994140625 0.125 0.125 0.125 0.125 0.125 0.125 0.125 0.125 0.125 0.125 0.125 0.125 0.125 0.125 0.125 0.125 0.125 0.125 0.125 0.125 0.125 
0.998046875 0.125 0.125 0.125 0.125 0.125 0.125 0.125 0.125 0.125 0.125 0.125 0.125 0.125 0.125 0.125 0.125 0.125 0.125 0.125 0.125 0.125 
