0.0025 0.015707317311820675 0.013575286801146372 0.011952802335544476 0.010676714052942345 0.009646798706134524 0.00879809262378354 0.008086640632203565 0.007481639433487974 0.0069608612105114724 0.006507863716202275 0.006110222967778531 
0.0075 0.04710645070964266 0.040717210347511 0.03585320790319884 0.03202683228745213 0.028938190153916982 0.026392751632275835 0.024258832606900146 0.022444120194342224 0.02088198559350158 0.01952313423426094 0.018330313833288973 
0.0125 0.07845909572784494 0.06783318290560847 0.05973801347282808 0.05336701876859213 0.04822296229527095 0.043982831050620015 0.04042775619458248 0.03740420634293906 0.03480131570751196 0.03253703393987399 0.030549339471271083 
0.0175 0.10973431109104528 0.09490589630828634 0.08359680542510503 0.07469064142990427 0.06749669462823284 0.061565272651460126 0.056591228984428525 0.05236029910216008 0.048717653745363756 0.045548647825654584 0.04276658893269731 
0.0225 0.14090123193758267 0.12191803096352517 0.10741914932789895 0.09599105140510483 0.08675495475978066 0.07913701005327552 0.07274706298335537 0.06731079583756 0.06262979919837762 0.05855705896409355 0.054981349883463405 
0.0275 0.17192910027940952 0.1488522514387175 0.13119458174331525 0.11726157642511319 0.10599329374842024 0.09669496553728921 0.08889306244236943 0.08225408855748005 0.07653654780614567 0.07156134776039064 0.06719290806431873 
0.0325 0.2027872953565125 0.1756912020037325 0.1549126018666529 0.1384955140545059 0.12520724133217914 0.11423604679254028 0.1050270216416941 0.09718856239167746 0.09043669049681304 0.0845605912027623 0.07940054675212176 
0.0375 0.2334453638559054 0.20241750224340027 0.1785626630991916 0.1596861248272136 0.1443923010662095 0.13175714359136173 0.12114672262577045 0.11211259403510024 0.10432901230365023 0.09755386209686888 0.09160354621060549 
0.0425 0.26387304996537286 0.22901374275121728 0.20213416456098274 0.18082662529506696 0.16354394538587524 0.14925512440845617 0.13724993289709617 0.127024550161959 0.1182122912602671 0.11054022828491766 0.10380118313015702 
0.0475 0.29404032523230395 0.2554624809155026 0.22561644252528207 0.20191018097138191 0.18265761058637894 0.16672683298138452 0.15333440307006652 0.14192278581233733 0.13208529727665436 0.12351875185112787 0.1159927300577559 
0.0525 0.32391741819814934 0.2817462368142185 0.24899876175992486 0.22292989914821448 0.20172869170230281 0.18416908480225402 0.16939786447950922 0.15680564274905728 0.14594679099540572 0.13648848831369406 0.12817745481747428 
0.0575 0.3534748437792571 0.3078474892355127 0.27227030676340686 0.24387882156796326 0.22075253727046676 0.2015786635287958 0.1854380267363096 0.17167144778027188 0.15979552262560762 0.14944848580196524 0.14035461992098924 
0.0625 0.3826834323650898 0.33374867184169754 0.2954201728834351 0.2647499169303786 0.23972444396012582 0.21895231730323586 0.2014525752222521 0.18651851104263767 0.17363023075115186 0.16239778421685588 0.15252348196692264 
0.0675 0.4115143586051088 0.35943216949531775 0.3184373573054164 0.2855360732152715 0.25863965105421644 0.23628675496742327 0.21743916851625017 0.20134512423985945 0.1874496411100298 0.1753354143722499 0.16468329102758766 
0.0725 0.4399391698559151 0.3848803147671482 0.3413107498983204 0.30623008980024585 0.2774933347644508 0.2535786421621998 0.23339543574401728 0.21614955883136835 0.20125246534115818 0.18826039711510675 0.17683329002159912 
0.0775 0.4679298142605734 0.41007538464715054 0.3640291239053474 0.3268246693518504 0.2962806023621253 0.27082459729831254 0.24931897384283155 0.2309300641657447 0.21503739969520674 0.20117174242194064 0.1889727140708063 
0.0825 0.4954586684324076 0.4349995974808114 0.3865811264669032 0.34731240946754055 0.3149964861053964 0.28802118738536764 0.265207344732548 0.24568486555320307 0.2288031237057812 0.21406844846926779 0.20110078983994575 
0.0875 0.5224985647159488 0.4596351101547824 0.4089552689633652 0.36768579404473944 0.33363593694269217 0.30516492370448867 0.2810580723834427 0.26041216227111114 0.2425482988171174 0.2269495006755698 0.21321673485737289 
0.0925 0.5490228179981318 0.4839640155573677 0.43113991716525013 0.3879371843520524 0.3521938179706234 0.3222522573094134 0.2968686397708764 0.27511012549612984 0.2562715669641807 0.23981387071212118 0.22531975681519342 
0.0975 0.5750052520432786 0.5079683403411893 0.45312328117854317 0.40805880977631526 0.3706648976233586 0.33927957433972317 0.3126364857060945 0.2897768961561601 0.2699715491008465 0.25266051547990914 0.23740905284695976 
0.1025 0.6004202253258839 0.531630043017286 0.47489340517306783 0.42804275821770177 0.3890438425688552 0.3562431911287425 0.3283590015317182 0.30441058269479493 0.28364684367152787 0.2654883760496988 0.24948380878104442 
0.1075 0.6252426563357051 0.5549310124119697 0.49643815688206455 0.44788096610350425 0.4073252102855334 0.3731393490873918 0.34403352766969036 0.31900925874050223 0.29729602502132896 0.2782963765620903 0.2615431983676579 
0.1125 0.6494480483301837 0.5778530665200072 0.5177452168614713 0.46756520798935153 0.4255034412911572 0.3899642093438026 0.35965735000848476 0.3335709606721869 0.3109176417394594 0.2910834230842423 0.273586382477361 
0.1175 0.6730125135097733 0.6003779517900951 0.5388020674977965 0.4870870857147784 0.44357285099344795 0.40671384711695285 0.3752276961154022 0.34809368507214433 0.3245102149302598 0.30384840241968414 0.2856125082687998 
0.1225 0.6959127965923143 0.6224873428811348 0.5595959817540342 0.5064380170778912 0.4615276211296207 0.42338424580082407 0.39074173125862244 0.36257538605676604 0.3380722364058055 0.31659018086741325 0.2976207083232173 
0.1275 0.7181262977631888 0.6441628429305637 0.5801140116437152 0.5256092239916044 0.4793617907594071 0.4399712907336273 0.4061965542224057 0.3770139724745612 0.35160216679356826 0.32930760292618205 0.3096100997431611 
0.1325 0.7396310949786097 0.6653859843789154 0.6003429764240351 0.5445917200814268 0.4970692467732242 0.4564707626244602 0.421589192897517 0.3914073049602292 0.36509843355213983 0.3419994899395987 0.3215797832125946 
0.1375 0.760405965600031 0.6861382303978449 0.6202694504999697 0.5633762976820486 0.5146437138739367 0.4728783306073502 0.43691659962732876 0.4057531928325619 0.37855942888744587 0.35466463867733555 0.3335288420154475 
0.1425 0.7804304073383297 0.706400976972091 0.6398797510325407 0.5819535141870449 0.5320787439870789 0.4891895448899796 0.45217564628835366 0.42004939082296194 0.3919835075612852 0.3673018198473629 0.3454563410094317 
0.1475 0.7996846584870905 0.726155555689358 0.6591599252458633 0.600313677702842 0.5493677050504892 0.505399828961381 0.4673631190820598 0.4342935956201681 0.4053689845833187 0.3799097765337501 0.35736132555167316 
0.1525 0.8181497174250234 0.7453832372956329 0.6780957374293644 0.6184468319545937 0.5665037691298724 0.5215044713195588 0.48247571301268355 0.44848344221552017 0.41871413277692765 0.3924872225541037 0.36924282037250683 
0.1575 0.8358073613682702 0.7640652360772644 0.696672655633643 0.636342740387906 0.5834798998020225 0.5374986166763202 0.4975100260233594 0.4626165000316628 0.4320171802085138 0.40503284073024826 0.38109982839344586 
0.1625 0.8526401643540922 0.78218271513509 0.7148758380609983 0.6539908694062874 0.6002888387419508 0.5533772565924117 0.512462552760282 0.47669026881602017 0.4452763074688651 0.4175452810652458 0.3929313294850394 
0.1675 0.8686315144381913 0.7997167926199851 0.7326901191545399 0.6713803706798164 0.6169230914442358 0.5691352194914538 0.5273296779315895 0.4907021742786111 0.4584896447942234 0.43002315881921555 0.40473627915999866 
0.1725 0.8837656300886935 0.8166485490034541 0.7500999953933354 0.6885000624558156 0.6333749120021647 0.5847671599959766 0.542107669224415 0.5046495634518082 0.4716552690135428 0.4424650524757762 0.41651360719659813 
0.1775 0.8980275757606155 0.8329590354612656 0.7670896108050704 0.7053384097972 0.6496362868608452 0.6002675475230391 0.5567926697397794 0.5185296997474462 0.484771200307184 0.4548695015902191 0.428262216186909 
0.1825 0.9114032766354452 0.8486292834525778 0.7836427422125508 0.7218835036686917 0.6656989174520891 0.6156306540704172 0.5713806899008793 0.532339757684226 0.4978353987608595 0.4672350045097197 0.43998098000399094 
0.1875 0.9238795325112867 0.8636403155815773 0.7997427842359144 0.7381230387852034 0.6815542016096598 0.6308505411169678 0.5858675987856093 0.5460768172556818 0.5108457606971005 0.479560015954992 0.4516687421816286 
0.1925 0.9354440308298673 0.877973157833263 0.8153727340790146 0.7540442901303317 0.6971932136530523 0.6459210455525523 0.6002491148289327 0.5597378579057787 0.5238001147647576 0.4918429444518337 0.4633243141996736 
0.1975 0.9460853588275453 0.8916088532795008 0.8305151761359109 0.7696340880461248 0.7126066830163589 0.6608357645435843 0.6145207958347391 0.5733197520758667 0.5366962177651095 0.50408214959987 0.47494647366740134 
0.2025 0.9557930147983301 0.9045284773562101 0.8451522664623357 0.7848787917880827 0.7277849712857859 0.6755880392296933 0.6286780282301476 0.5868192582827586 0.5495317501909752 0.5162759391646206 0.4865339623966183 
0.2075 0.9645574184577981 0.9167131548167033 0.859265717167159 0.7997642614315178 0.7427180474946903 0.6901709371351316 0.6427160154876136 0.6002330136833446 0.5623043114527383 0.5284225659776284 0.49808548435548083 
0.2125 0.9723699203976766 0.9281440784708419 0.8728367807903763 0.8142758280072653 0.7573954615086371 0.7045772331650012 0.6566297656315948 0.6135575260761856 0.5750114147624603 0.5405202246278858 0.5095997034931365 
0.2175 0.9792228106217657 0.9388025298231669 0.8858462347489711 0.82839826173643 0.7718063153145054 0.7187993890410072 0.6704140777367844 0.6267891652849386 0.5876504816442039 0.5525670479260915 0.521075241424359 
0.2225 0.985109326154774 0.948669901727411 0.8982743659454797 0.8421157382238372 0.7859392320065304 0.7328295310139022 0.6840635273137464 0.6399241538620956 0.6002188360351273 0.5645611031213111 0.5325106749623164 
0.2275 0.9900236577165575 0.9577277231771608 0.9101009556531756 0.8554118024607686 0.7997823222389068 0.7466594256699476 0.697572450465165 0.6529585570443484 0.6127136979380065 0.5765003878475776 0.5439045334863855 
0.2325 0.9939609554551797 0.9659576863590401 0.9213052648195598 0.8682693304802718 0.8133231478882894 0.7602804536257823 0.7109349266813592 0.6658882718826064 0.6251321765813911 0.5883828257754702 0.5552552961306781 
0.2375 0.996917333733128 0.9733416760769507 0.931866019933124 0.8806704884930721 0.8265486826382361 0.7736835808797276 0.7241447601270418 0.6787090154604065 0.6374712630385332 0.6002062619410463 0.5665613887774237 
0.2425 0.99888987496197 0.9798618017164832 0.9417613996418545 0.892596689321098 0.8394452691632144 0.786859327557626 0.7371954592523328 0.6914163121036992 0.6497278222504694 0.611968457721436 0.5778211808377532 
0.2475 0.9998766324816606 0.9855004318359631 0.9509690223954909 0.9040285459544056 0.8519985725544577 0.7997977337571645 0.7500802145389922 0.7040054794727167 0.6618985843921332 0.6236670854229671 0.5890329818005724 
0.2525 0.9998766324816606 0.9902402313092363 0.9594659352549998 0.9149458220275289 0.864193529583339 0.8124883221539092 0.7627918741672315 0.7164716134125093 0.6739801355128852 0.6352997224437484 0.6001950375281203 
0.2575 0.99888987496197 0.9940642019775364 0.9672286041209766 0.9253273789621539 0.8760142933384182 0.8249200569847128 0.7753229173590631 0.728809571422546 0.6859689073743552 0.6468638449682359 0.6113055262745033 
0.2625 0.996917333733128 0.9969557258958472 0.9742329062523285 0.9351511196267006 0.8874441727280806 0.8370812989727606 0.7876654251204612 0.7410139545870378 0.6978611663986574 0.6583568211462374 0.6223625544008394 
0.2675 0.9939609554551797 0.9988986073326678 0.9804541249052678 0.94439392838989 0.8984655662941571 0.8489597556983492 0.7998110480647527 0.7530790877857857 0.7096530016288455 0.6697759037030576 0.6333641517576872 
0.2725 0.9900236577165575 0.9998771266677093 0.985866944965313 0.9530316070302378 0.9090598896550462 0.860542426839128 0.8117509709518973 0.764998997980019 0.7213403115904776 0.6811182219209206 0.6443082667020423 
0.2775 0.9851093261547739 0.9998761105738095 0.9904454542549185 0.961038806171302 0.9192074957747917 0.8718155436119318 0.8234758735239143 0.7767673903385488 0.7329187899283297 0.6923807729242992 0.6551927607123545 
0.2825 0.9792228106217657 0.9988809600597065 0.9941631539698481 0.9683889532348027 0.9288875873312586 0.8827645016694493 0.8349758871559232 0.7883776219355464 0.744383909674843 0.7035604121930574 0.6660154025606642 
0.2875 0.9723699203976767 0.9968777009322892 0.996992957170296 0.9750541764154891 0.9380781203939293 0.8933737866005602 0.8462405467667814 0.7998226727103442 0.755730905986655 0.7146538432174706 0.676773861996003 
0.2925 0.9645574184577982 0.9938530812142975 0.9989071732877901 0.9810052201872156 0.9467556979127938 0.9036268909785602 0.8572587373350856 0.8110951133313361 0.7669547571621838 0.7256576061976667 0.6874657028874369 
0.2975 0.9557930147983302 0.9897946296052786 0.9998775728885535 0.9862113549337674 0.9548954513279982 0.9135062216930143 0.8680186342575387 0.8221870695511427 0.7780501637260744 0.7365680656768036 0.698088375768875 
0.3025 0.9460853588275454 0.9846907159763313 0.9998755143628236 0.9906402962174082 0.9624709103348958 0.9229929962924457 0.8785076366830717 0.8330901825768423 0.789011525334176 0.7473813969817502 0.7086392097195443 
0.3075 0.9354440308298674 0.9785306262057808 0.9988718260691407 0.9942581201331591 0.9694538606098129 0.9320671269694393 0.8887122928165239 0.8437955648987346 0.7998329152140683 0.7580935713271435 0.7191154035073001 
0.3125 0.9238795325112867 0.9713046410265006 0.9968367581710594 0.9970291120111548 0.9758141826968049 0.9407070899719044 0.8986182159405607 0.8542937509187757 0.8105080518109682 0.768700339417716 0.729514015907702 
0.3175 0.9114032766354453 0.9630041163153359 0.9937402292757054 0.9989155898092422 0.9815196647709538 0.9488897773426869 0.9082099896252769 0.8645746416063953 0.8210302672572624 0.7791972133600489 0.7398319551099432 
0.3225 0.8980275757606156 0.9536215660294737 0.9895518982724117 0.9998779441938968 0.986535803639488 0.9565903291195349 0.9174710604818826 0.8746274422946783 0.8313924722228936 0.7895794466641924 0.7500659670856931 
0.3275 0.8837656300886935 0.9431507480919065 0.9842411826019546 0.9998747827825623 0.9908256131005685 0.963781945775033 0.9263836167219568 0.884440592578885 0.8415871166262642 0.7998420120854758 0.7602126228286746 
0.3325 0.8686315144381912 0.9315867528404305 0.977777346135528 0.9988624120964308 0.9943493813839049 0.9704356754487343 0.934928450022971 0.8940016870289432 0.8516061455877627 0.8099795770047259 0.7702683042527853 
0.3375 0.8526401643540923 0.9189260936220667 0.9701296274999646 0.9967944098049757 0.9970642681019114 0.976520161071531 0.9430847968274392 0.9032973851126744 0.8614409498989897 0.8199864760282738 0.7802291887322325 
0.3425 0.8358073613682702 0.9051667991154979 0.9612673822184232 0.9936219987214434 0.9989238745480552 0.9820013431524016 0.9508301552198305 0.9123133085191854 0.8710823101651521 0.8298566803620637 0.7900912317860636 
0.3475 0.8181497174250234 0.890308506889834 0.9511602416163407 0.9892940213039458 0.999878222352164 0.9868421474046876 0.9581400758093973 0.9210339239636517 0.8805203336353957 0.839583763610704 0.7998501483243152 
0.3525 0.7996846584870906 0.8743525576230643 0.9397782964732859 0.9837566576401264 0.9998738586810777 0.9910021640487324 0.9649879238802987 0.9294424090100771 0.8897443824931469 0.8491608631850176 0.8095013909091199 
0.3575 0.7804304073383299 0.8573020893228871 0.9270923091449297 0.976953263585219 0.9988526432568777 0.9944371919685503 0.9713445990435208 0.937520497032824 0.8987429920989872 0.8585806372407147 0.8190401273045856 
0.3625 0.7604059656000309 0.839162130810619 0.9130739561712048 0.968824311567403 0.996750530145803 0.9970984960721612 0.9771781913032205 0.9452482963088202 0.9075037773095036 0.8678352151481896 0.8284612119996411 
0.3675 0.7396310949786099 0.8199396936453801 0.8976961036968703 0.9593073521089539 0.9934979184576245 0.9989320463448323 0.9824535783140435 0.9526040795214562 0.9160133251227651 0.8769161432271434 0.8377591606292724 
0.3725 0.7181262977631888 0.7996438615830538 0.8809331182040298 0.948336988278225 0.9890193076664192 0.9998783965185217 0.9871320054180925 0.9595640417967047 0.9242570708160402 0.8858143191251472 0.8469281098967653 
0.3775 0.6959127965923144 0.7782858765846872 0.8627612147846415 0.9358448895555906 0.9832322366657484 0.999872687296491 0.9911706249404676 0.966102019503565 0.9322191555386176 0.8945199250358858 0.8559617919988156 
0.3825 0.6730125135097733 0.7558792203139506 0.8431588447200145 0.921759868014872 0.9760462681578231 0.9988424286705573 0.9945217818239562 0.9721891467990637 0.9398822569447836 0.9030223339160293 0.8648534730003062 
0.3875 0.6494480483301838 0.7324396899956194 0.8221071235231601 0.9060080353682094 0.9673620665154767 0.9967049555271321 0.9971318600540986 0.9777934265649209 0.9472273953975152 0.9113100369633871 0.8735959358991847 
0.3925 0.6252426563357051 0.7079854674491428 0.7995902997658647 0.8885130632834519 0.9570703792581187 0.9933674234938243 0.9989401249240263 0.9828792335191919 0.9542336947579877 0.9193704875471119 0.88218137742959 
0.3975 0.600420225325884 0.6825371800661544 0.7755962639040807 0.8691965761580955 0.9450508446472856 0.9887257417906624 0.9998784620455798 0.9874067981991651 0.9608781329565577 0.9271900649432981 0.8906014218898416 
0.4025 0.5750052520432783 0.6561179524710001 0.7501170949025759 0.8479787121938537 0.931170639037583 0.9826619123577851 0.9998712158096197 0.9913315994315509 0.9671351861098507 0.9347537509995808 0.8988469294200065 
0.4075 0.5490228179981317 0.6287534475920601 0.7231496407178694 0.8247788954076286 0.915282985380976 0.9750409594589052 0.9988316591536901 0.9946033600322972 0.9729765038654505 0.9420452734427157 0.9069081053710257 
0.4125 0.5224985647159489 0.6004718958813775 0.6946961266141657 0.7995168684342099 0.8972255366467783 0.965707562373802 0.996657472622333 0.9971644158753953 0.9783702471982192 0.949046331429664 0.9147740944747041 
0.4175 0.49545866843240777 0.5713041114537125 0.66476478286734 0.7721140430374435 0.8768186627685662 0.9544819078604635 0.9932298196135273 0.9989481372715439 0.9832808397940995 0.9557373091361308 0.9224333731984968 
0.4225 0.4679298142605734 0.5412834939756705 0.633370480694092 0.7424952310042147 0.8538637072820705 0.941154320009874 0.9884108694304473 0.9998784017187223 0.9876676750716995 0.9620954182624698 0.9298728093223384 
0.4275 0.4399391698559153 0.5104460152230565 0.6005353623011559 0.7105908208995056 0.8281413389224197 0.9254782932460303 0.9820381700079638 0.999869440782148 0.9914858503383379 0.9680968568280417 0.9370788013796061 
0.4325 0.4115143586051087 0.47883018934099375 0.5662894479029086 0.6763394636295988 0.7994102149939943 0.9071614310344824 0.9739172615890807 0.9988200879499766 0.994681656220485 0.9737123915807916 0.9440350623467892 
0.4375 0.3826834323650899 0.44647702598723676 0.53067119957662 0.6396913186082164 0.7674063166774285 0.8858535377877235 0.9638124013366708 0.9966080558537213 0.9971971405960864 0.9789130686185281 0.9507255588969871 
0.4425 0.35347484377925736 0.41342996571411345 0.49372801913800385 0.6006118883685624 0.7318435366362983 0.861130774291131 0.951433861936804 0.9930837296808911 0.998954343387589 0.9836595033273878 0.9571294270054602 
0.4475 0.32391741819814945 0.379734797147092 0.45551665510036804 0.5590864279392185 0.6924164267307951 0.832474336027047 0.9364195505377161 0.9880725550418146 0.9998816592591692 0.9879175646785677 0.9632279540186944 
0.4525 0.29404032523230417 0.345439555745812 0.4161034925392383 0.5151248516201167 0.6488064788909788 0.7992414965783002 0.9183076389699717 0.9813495200067464 0.9998608681009464 0.991630790791932 0.9689933448211544 
0.4575 0.2638730499653728 0.3105944041830335 0.37556469964481076 0.4687669710653265 0.6006939261933841 0.7606260817195171 0.8964951404569207 0.9726519198766476 0.9988195258281766 0.9947623064607776 0.9744043902977778 
0.4625 0.23344536385590553 0.2752514946436889 0.33398620621057884 0.42008778596081287 0.5477777564774745 0.7156047300290722 0.8701684050409325 0.9615980410886797 0.9965343488072101 0.9972208299941661 0.979421197406557 
0.4675 0.20278729535651233 0.23946481362473157 0.29146349251765813 0.3692024203101028 0.4898072019355135 0.662865583645102 0.8382004637119839 0.9477826306512195 0.992962557969972 0.9989763737841126 0.9840246838682178 
0.4725 0.17192910027940958 0.20329001010028452 0.24810117215984054 0.3162701716811721 0.4266278490189007 0.6007205592843095 0.7989064355252329 0.9304076421713949 0.9876427676672352 0.999862966820811 0.9881418996289791 
0.4775 0.14090123193758286 0.1667842081986883 0.20401235928315298 0.26149704724233486 0.3582436461541861 0.5270212371873192 0.7497677712318923 0.9089225535269543 0.9806783883322869 0.999898408496615 0.991805186904372 
0.4825 0.10973431109104564 0.13000580581129847 0.15931781927488978 0.2051361374852702 0.2848910065483062 0.4391600617315583 0.686188325258539 0.8811159706133181 0.9710098752148609 0.9987224822800366 0.9947749390963534 
0.4875 0.07845909572784507 0.09301426080640923 0.11414491164101574 0.14748526403646076 0.20711195489535933 0.33442138400459154 0.6000110036130932 0.8463315994820501 0.9591887455659394 0.9965774420775648 0.9974481135360096 
0.4925 0.04710645070964296 0.05586986676711356 0.06862634429373946 0.08888155905876323 0.12580177011560834 0.21134309212423288 0.47196323344020086 0.7970990684332542 0.9421660939052369 0.9918132677791925 0.9980996510556495 
0.4975 0.01570731731182071 0.018633520332191313 0.02289876810915176 0.029692975861570166 0.04219987669224798 0.07261664013153521 0.21331871043498724 0.5548850791815036 0.6864583872563071 0.7312608390538821 0.7392983028773286 
0.5025 -0.015707317311820908 -0.01863352033219151 -0.022898768109151896 -0.02969297586157025 -0.042199876692248006 -0.07261664013153546 -0.2133187104349904 -0.5548850791814952 -0.6864583872563187 -0.7312608390538988 -0.7392983028773603 
0.5075 -0.047106450709642714 -0.055869866767113315 -0.06862634429373933 -0.08888155905876337 -0.12580177011560895 -0.21134309212423458 -0.4719632334401978 -0.7970990684332588 -0.9421660939052394 -0.9918132677791992 -0.9980996510556488 
0.5125 -0.07845909572784526 -0.09301426080640923 -0.11414491164101602 -0.14748526403646184 -0.2071119548953609 -0.33442138400459354 -0.6000110036130878 -0.8463315994820554 -0.9591887455659399 -0.9965774420775696 -0.997448113536009 
0.5175 -0.10973431109104541 -0.13000580581129842 -0.15931781927489078 -0.20513613748527137 -0.28489100654830773 -0.4391600617315585 -0.6861883252585365 -0.8811159706133213 -0.9710098752148597 -0.9987224822800392 -0.9947749390963528 
0.5225 -0.14090123193758305 -0.1667842081986888 -0.20401235928315364 -0.2614970472423355 -0.35824364615418675 -0.5270212371873167 -0.7497677712318936 -0.9089225535269563 -0.9806783883322858 -0.9998984084966149 -0.9918051869043699 
0.5275 -0.17192910027940977 -0.20329001010028486 -0.24810117215984093 -0.31627017168117344 -0.4266278490188999 -0.6007205592843061 -0.7989064355252365 -0.9304076421713987 -0.9876427676672394 -0.9998629668208112 -0.988141899628977 
0.5325 -0.20278729535651296 -0.23946481362473243 -0.29146349251765913 -0.3692024203101035 -0.48980720193551286 -0.6628655836450995 -0.8382004637119874 -0.9477826306512234 -0.9929625579699781 -0.9989763737841126 -0.9840246838682185 
0.5375 -0.23344536385590572 -0.2752514946436896 -0.33398620621057973 -0.42008778596081164 -0.547777756477473 -0.7156047300290719 -0.8701684050409358 -0.9615980410886801 -0.9965343488072127 -0.9972208299941641 -0.9794211974065583 
0.5425 -0.2638730499653735 -0.31059440418303436 -0.3755646996448106 -0.46876697106532583 -0.6006939261933816 -0.7606260817195188 -0.8964951404569234 -0.9726519198766466 -0.9988195258281777 -0.9947623064607758 -0.9744043902977797 
0.5475 -0.29404032523230433 -0.34543955574581303 -0.41610349253923773 -0.515124851620117 -0.648806478890977 -0.7992414965783028 -0.9183076389699744 -0.9813495200067477 -0.9998608681009464 -0.9916307907919293 -0.968993344821154 
0.5525 -0.32391741819815006 -0.37973479714709246 -0.4555166551003682 -0.5590864279392169 -0.6924164267307951 -0.8324743360270488 -0.9364195505377203 -0.9880725550418189 -0.9998816592591692 -0.9879175646785672 -0.9632279540186931 
0.5575 -0.3534748437792576 -0.4134299657141135 -0.49372801913800374 -0.6006118883685617 -0.7318435366362981 -0.8611307742911333 -0.9514338619368069 -0.9930837296808946 -0.9989543433875891 -0.9836595033273887 -0.9571294270054599 
0.5625 -0.38268343236509045 -0.4464770259872379 -0.5306711995766193 -0.6396913186082164 -0.7674063166774292 -0.8858535377877245 -0.9638124013366711 -0.9966080558537237 -0.997197140596086 -0.9789130686185301 -0.9507255588969847 
0.5675 -0.4115143586051093 -0.47883018934099364 -0.5662894479029081 -0.676339463629598 -0.7994102149939968 -0.9071614310344848 -0.9739172615890805 -0.998820087949978 -0.9946816562204834 -0.9737123915807943 -0.9440350623467869 
0.5725 -0.43993916985591547 -0.510446015223056 -0.6005353623011559 -0.7105908208995054 -0.8281413389224205 -0.9254782932460338 -0.9820381700079645 -0.9998694407821475 -0.9914858503383353 -0.9680968568280423 -0.9370788013796048 
0.5775 -0.4679298142605732 -0.5412834939756695 -0.6333704806940915 -0.7424952310042144 -0.8538637072820701 -0.9411543200098771 -0.9884108694304512 -0.9998784017187224 -0.9876676750716985 -0.9620954182624689 -0.9298728093223396 
0.5825 -0.4954586684324076 -0.5713041114537118 -0.6647647828673402 -0.7721140430374454 -0.8768186627685672 -0.9544819078604662 -0.9932298196135295 -0.9989481372715439 -0.9832808397941005 -0.9557373091361291 -0.9224333731984965 
0.5875 -0.5224985647159487 -0.600471895881378 -0.6946961266141657 -0.7995168684342113 -0.8972255366467796 -0.9657075623738024 -0.9966574726223353 -0.9971644158753956 -0.9783702471982217 -0.9490463314296613 -0.9147740944747041 
0.5925 -0.5490228179981318 -0.6287534475920601 -0.7231496407178691 -0.8247788954076306 -0.9152829853809773 -0.9750409594589039 -0.998831659153691 -0.9946033600322971 -0.972976503865452 -0.9420452734427137 -0.9069081053710257 
0.5975 -0.5750052520432785 -0.6561179524710002 -0.750117094902575 -0.8479787121938538 -0.9311706390375849 -0.9826619123577861 -0.9998712158096197 -0.9913315994315498 -0.9671351861098512 -0.9347537509995797 -0.8988469294200063 
0.6025 -0.6004202253258842 -0.6825371800661549 -0.7755962639040807 -0.8691965761580946 -0.9450508446472887 -0.9887257417906649 -0.9998784620455798 -0.9874067981991638 -0.9608781329565563 -0.9271900649432977 -0.8906014218898409 
0.6075 -0.6252426563357052 -0.7079854674491435 -0.799590299765866 -0.8885130632834534 -0.9570703792581202 -0.993367423493827 -0.9989401249240262 -0.9828792335191937 -0.9542336947579859 -0.9193704875471119 -0.88218137742959 
0.6125 -0.6494480483301839 -0.7324396899956191 -0.8221071235231618 -0.9060080353682112 -0.9673620665154764 -0.996704955527134 -0.9971318600540986 -0.9777934265649222 -0.9472273953975134 -0.9113100369633874 -0.8735959358991849 
0.6175 -0.6730125135097734 -0.7558792203139499 -0.843158844720014 -0.9217598680148743 -0.9760462681578235 -0.9988424286705587 -0.9945217818239562 -0.972189146799063 -0.9398822569447817 -0.9030223339160294 -0.8648534730003062 
0.6225 -0.6959127965923146 -0.7782858765846871 -0.862761214784641 -0.9358448895555913 -0.9832322366657498 -0.9998726872964915 -0.9911706249404663 -0.9661020195035643 -0.9322191555386169 -0.8945199250358865 -0.8559617919988153 
0.6275 -0.7181262977631889 -0.7996438615830551 -0.8809331182040292 -0.9483369882782258 -0.9890193076664209 -0.9998783965185211 -0.9871320054180912 -0.9595640417967042 -0.9242570708160398 -0.8858143191251471 -0.8469281098967659 
0.6325 -0.7396310949786097 -0.8199396936453808 -0.8976961036968718 -0.9593073521089542 -0.9934979184576266 -0.9989320463448326 -0.9824535783140429 -0.952604079521454 -0.9160133251227651 -0.8769161432271431 -0.8377591606292746 
0.6375 -0.7604059656000312 -0.8391621308106187 -0.9130739561712061 -0.9688243115674022 -0.9967505301458051 -0.9970984960721617 -0.9771781913032205 -0.9452482963088186 -0.9075037773095036 -0.8678352151481903 -0.8284612119996421 
0.6425 -0.7804304073383298 -0.8573020893228855 -0.9270923091449305 -0.9769532635852194 -0.9988526432568785 -0.99443719196855 -0.9713445990435208 -0.9375204970328235 -0.8987429920989872 -0.858580637240717 -0.8190401273045846 
0.6475 -0.7996846584870905 -0.8743525576230644 -0.9397782964732877 -0.9837566576401278 -0.9998738586810777 -0.9910021640487311 -0.9649879238802987 -0.9294424090100771 -0.8897443824931474 -0.8491608631850195 -0.8095013909091225 
0.6525 -0.8181497174250238 -0.8903085068898348 -0.9511602416163426 -0.9892940213039467 -0.999878222352164 -0.9868421474046868 -0.9581400758093968 -0.9210339239636504 -0.8805203336353957 -0.8395837636107066 -0.7998501483243187 
0.6575 -0.8358073613682705 -0.9051667991154969 -0.9612673822184222 -0.9936219987214451 -0.9989238745480552 -0.9820013431524025 -0.9508301552198292 -0.9123133085191849 -0.8710823101651529 -0.8298566803620656 -0.7900912317860687 
0.6625 -0.8526401643540924 -0.9189260936220671 -0.9701296274999636 -0.9967944098049762 -0.9970642681019114 -0.9765201610715323 -0.9430847968274371 -0.9032973851126744 -0.8614409498989916 -0.8199864760282743 -0.7802291887322383 
0.6675 -0.8686315144381913 -0.931586752840432 -0.9777773461355294 -0.9988624120964305 -0.9943493813839049 -0.9704356754487363 -0.9349284500229706 -0.8940016870289446 -0.8516061455877633 -0.8099795770047259 -0.7702683042527896 
0.6725 -0.8837656300886938 -0.9431507480919084 -0.9842411826019561 -0.999874782782563 -0.9908256131005685 -0.9637819457750336 -0.9263836167219563 -0.8844405925788841 -0.841587116626266 -0.7998420120854784 -0.7602126228286771 
0.6775 -0.8980275757606159 -0.9536215660294741 -0.9895518982724124 -0.9998779441938955 -0.9865358036394889 -0.9565903291195326 -0.9174710604818832 -0.8746274422946785 -0.8313924722228959 -0.7895794466641972 -0.7500659670856933 
0.6825 -0.9114032766354454 -0.9630041163153351 -0.9937402292757052 -0.9989155898092402 -0.9815196647709559 -0.9488897773426844 -0.9082099896252762 -0.8645746416063969 -0.8210302672572637 -0.7791972133600529 -0.7398319551099419 
0.6875 -0.9238795325112868 -0.9713046410264993 -0.9968367581710598 -0.9970291120111535 -0.9758141826968071 -0.9407070899719031 -0.8986182159405607 -0.8542937509187768 -0.8105080518109682 -0.7687003394177193 -0.7295140159077017 
0.6925 -0.9354440308298677 -0.9785306262057831 -0.9988718260691416 -0.9942581201331576 -0.9694538606098139 -0.9320671269694397 -0.8887122928165239 -0.8437955648987371 -0.7998329152140696 -0.7580935713271448 -0.7191154035073019 
0.6975 -0.9460853588275456 -0.9846907159763325 -0.999875514362824 -0.9906402962174076 -0.9624709103348953 -0.9229929962924461 -0.8785076366830717 -0.8330901825768458 -0.7890115253341802 -0.7473813969817497 -0.7086392097195466 
0.7025 -0.95579301479833 -0.9897946296052785 -0.9998775728885531 -0.9862113549337678 -0.9548954513279965 -0.9135062216930143 -0.8680186342575387 -0.8221870695511448 -0.7780501637260779 -0.7365680656768034 -0.6980883757688756 
0.7075 -0.964557418457798 -0.9938530812142975 -0.9989071732877881 -0.9810052201872169 -0.9467556979127931 -0.9036268909785602 -0.8572587373350864 -0.8110951133313381 -0.7669547571621855 -0.7256576061976676 -0.6874657028874364 
0.7125 -0.9723699203976767 -0.9968777009322903 -0.9969929571702945 -0.9750541764154917 -0.9380781203939302 -0.8933737866005602 -0.8462405467667835 -0.7998226727103469 -0.755730905986655 -0.7146538432174737 -0.6767738619960016 
0.7175 -0.9792228106217657 -0.9988809600597076 -0.9941631539698471 -0.9683889532348045 -0.9288875873312593 -0.8827645016694494 -0.8349758871559259 -0.7883776219355491 -0.744383909674843 -0.7035604121930592 -0.6660154025606639 
0.7225 -0.9851093261547739 -0.9998761105738098 -0.9904454542549171 -0.961038806171302 -0.9192074957747917 -0.8718155436119325 -0.8234758735239167 -0.7767673903385515 -0.7329187899283306 -0.6923807729242987 -0.6551927607123545 
0.7275 -0.9900236577165575 -0.9998771266677093 -0.9858669449653124 -0.9530316070302374 -0.9090598896550467 -0.8605424268391274 -0.8117509709518986 -0.7649989979800214 -0.72134031159048 -0.6811182219209186 -0.6443082667020436 
0.7325 -0.9939609554551797 -0.9988986073326676 -0.9804541249052683 -0.9443939283898904 -0.8984655662941571 -0.8489597556983509 -0.7998110480647559 -0.7530790877857865 -0.7096530016288489 -0.6697759037030556 -0.6333641517576881 
0.7375 -0.996917333733128 -0.9969557258958468 -0.9742329062523312 -0.935151119626703 -0.8874441727280805 -0.8370812989727624 -0.7876654251204639 -0.7410139545870378 -0.6978611663986579 -0.6583568211462376 -0.6223625544008394 
0.7425 -0.99888987496197 -0.9940642019775353 -0.9672286041209778 -0.9253273789621554 -0.8760142933384175 -0.8249200569847144 -0.7753229173590658 -0.7288095714225478 -0.6859689073743539 -0.6468638449682359 -0.6113055262745027 
0.7475 -0.9998766324816606 -0.9902402313092351 -0.9594659352549992 -0.9149458220275294 -0.8641935295833386 -0.8124883221539099 -0.7627918741672334 -0.7164716134125113 -0.6739801355128852 -0.635299722443749 -0.6001950375281188 
0.7525 -0.9998766324816606 -0.9855004318359633 -0.9509690223954895 -0.9040285459544047 -0.8519985725544577 -0.7997977337571668 -0.7500802145389917 -0.7040054794727174 -0.661898584392133 -0.6236670854229681 -0.5890329818005706 
0.7575 -0.9988898749619699 -0.9798618017164838 -0.9417613996418548 -0.8925966893210989 -0.8394452691632146 -0.7868593275576272 -0.7371954592523344 -0.6914163121036992 -0.649727822250469 -0.6119684577214352 -0.5778211808377519 
0.7625 -0.996917333733128 -0.9733416760769521 -0.9318660199331248 -0.8806704884930733 -0.8265486826382374 -0.7736835808797289 -0.724144760127043 -0.6787090154604065 -0.6374712630385331 -0.6002062619410439 -0.5665613887774233 
0.7675 -0.9939609554551797 -0.9659576863590406 -0.9213052648195605 -0.8682693304802723 -0.8133231478882902 -0.7602804536257832 -0.7109349266813593 -0.6658882718826057 -0.6251321765813904 -0.5883828257754686 -0.5552552961306788 
0.7725 -0.9900236577165575 -0.9577277231771587 -0.9101009556531764 -0.8554118024607686 -0.7997823222389081 -0.7466594256699479 -0.697572450465165 -0.6529585570443479 -0.6127136979380051 -0.5765003878475777 -0.5439045334863853 
0.7775 -0.9851093261547739 -0.9486699017274088 -0.8982743659454797 -0.8421157382238379 -0.785939232006533 -0.7328295310139036 -0.6840635273137449 -0.6399241538620943 -0.6002188360351259 -0.5645611031213124 -0.5325106749623157 
0.7825 -0.9792228106217656 -0.938802529823167 -0.885846234748971 -0.8283982617364307 -0.7718063153145073 -0.7187993890410072 -0.6704140777367854 -0.6267891652849359 -0.5876504816442025 -0.5525670479260915 -0.521075241424359 
0.7875 -0.9723699203976766 -0.9281440784708439 -0.872836780790378 -0.8142758280072653 -0.7573954615086385 -0.7045772331650016 -0.6566297656315953 -0.6135575260761853 -0.5750114147624591 -0.5405202246278858 -0.509599703493137 
0.7925 -0.9645574184577981 -0.9167131548167033 -0.8592657171671583 -0.7997642614315185 -0.7427180474946907 -0.6901709371351316 -0.6427160154876114 -0.6002330136833433 -0.5623043114527383 -0.5284225659776278 -0.4980854843554815 
0.7975 -0.9557930147983299 -0.9045284773562107 -0.8451522664623345 -0.7848787917880841 -0.727784971285786 -0.6755880392296933 -0.6286780282301464 -0.5868192582827582 -0.5495317501909752 -0.5162759391646209 -0.48653396239661845 
0.8025 -0.9460853588275451 -0.8916088532795006 -0.8305151761359109 -0.7696340880461263 -0.7126066830163588 -0.6608357645435843 -0.6145207958347387 -0.5733197520758667 -0.536696217765109 -0.50408214959987 -0.4749464736674008 
0.8075 -0.9354440308298672 -0.8779731578332622 -0.8153727340790137 -0.7540442901303324 -0.6971932136530516 -0.6459210455525509 -0.6002491148289325 -0.5597378579057792 -0.5238001147647573 -0.4918429444518337 -0.4633243141996737 
0.8125 -0.9238795325112866 -0.8636403155815786 -0.7997427842359142 -0.7381230387852027 -0.6815542016096602 -0.6308505411169665 -0.5858675987856095 -0.5460768172556817 -0.5108457606971004 -0.47956001595499176 -0.4516687421816286 
0.8175 -0.9114032766354448 -0.8486292834525774 -0.7836427422125528 -0.7218835036686926 -0.6656989174520884 -0.6156306540704172 -0.5713806899008793 -0.5323397576842245 -0.4978353987608602 -0.46723500450971867 -0.43998098000399066 
0.8225 -0.8980275757606153 -0.8329590354612663 -0.7670896108050711 -0.7053384097972005 -0.6496362868608432 -0.6002675475230391 -0.5567926697397794 -0.5185296997474443 -0.48477120030718346 -0.45486950159021894 -0.4282622161869076 
0.8275 -0.8837656300886931 -0.8166485490034541 -0.7500999953933354 -0.6885000624558143 -0.633374912002164 -0.5847671599959766 -0.5421076692244142 -0.5046495634518091 -0.4716552690135415 -0.44246505247577594 -0.4165136071965966 
0.8325 -0.8686315144381915 -0.799716792619986 -0.7326901191545399 -0.671380370679815 -0.616923091444235 -0.5691352194914538 -0.527329677931589 -0.4907021742786118 -0.4584896447942225 -0.43002315881921477 -0.4047362791599979 
0.8375 -0.8526401643540921 -0.782182715135092 -0.7148758380609967 -0.6539908694062857 -0.6002888387419506 -0.5533772565924117 -0.512462552760282 -0.4766902688160197 -0.4452763074688646 -0.4175452810652446 -0.39293132948503806 
0.8425 -0.8358073613682702 -0.7640652360772654 -0.6966726556336429 -0.636342740387906 -0.5834798998020225 -0.5374986166763195 -0.4975100260233603 -0.4626165000316624 -0.43201718020851315 -0.40503284073024726 -0.38109982839344514 
0.8475 -0.8181497174250235 -0.7453832372956329 -0.678095737429364 -0.6184468319545942 -0.5665037691298718 -0.5215044713195575 -0.48247571301268444 -0.44848344221552017 -0.4187141327769263 -0.39248722255410334 -0.36924282037250683 
0.8525 -0.7996846584870907 -0.7261555556893589 -0.6591599252458624 -0.600313677702842 -0.5493677050504884 -0.5053998289613806 -0.46736311908205963 -0.43429359562016695 -0.4053689845833174 -0.37990977653375085 -0.35736132555167194 
0.8575 -0.7804304073383295 -0.7064009769720907 -0.6398797510325394 -0.5819535141870446 -0.5320787439870789 -0.4891895448899807 -0.4521756462883527 -0.4200493908229614 -0.39198350756128525 -0.3673018198473624 -0.3454563410094298 
0.8625 -0.7604059656000308 -0.6861382303978449 -0.6202694504999702 -0.5633762976820474 -0.5146437138739365 -0.4728783306073502 -0.43691659962732876 -0.4057531928325612 -0.3785594288874463 -0.35466463867733383 -0.33352884201544664 
0.8675 -0.7396310949786097 -0.665385984378915 -0.6003429764240358 -0.5445917200814263 -0.49706924677322445 -0.4564707626244602 -0.42158919289751684 -0.3914073049602288 -0.3650984335521391 -0.341999489939597 -0.3215797832125933 
0.8725 -0.7181262977631889 -0.6441628429305631 -0.5801140116437149 -0.525609223991603 -0.47936179075940777 -0.4399712907336273 -0.4061965542224047 -0.3770139724745615 -0.35160216679356676 -0.32930760292618005 -0.30961009974316034 
0.8775 -0.6959127965923139 -0.6224873428811356 -0.5595959817540332 -0.5064380170778905 -0.46152762112962104 -0.4233842458008229 -0.39074173125862244 -0.3625753860567648 -0.33807223640580286 -0.3165901808674118 -0.297620708323217 
0.8825 -0.6730125135097731 -0.6003779517900953 -0.5388020674977969 -0.48708708571477854 -0.44357285099344873 -0.406713847116952 -0.37522769611540313 -0.3480936850721424 -0.32451021493025795 -0.3038484024196838 -0.28561250826879936 
0.8875 -0.6494480483301834 -0.5778530665200066 -0.5177452168614718 -0.46756520798935153 -0.42550344129115664 -0.38996420934380227 -0.35965735000848337 -0.3335709606721852 -0.3109176417394586 -0.29108342308424245 -0.27358638247736117 
0.8925 -0.6252426563357052 -0.5549310124119684 -0.4964381568820654 -0.4478809661035042 -0.40732521028553254 -0.37313934908739155 -0.34403352766968864 -0.31900925874050157 -0.2972960250213291 -0.2782963765620903 -0.2615431983676579 
0.8975 -0.6004202253258841 -0.5316300430172859 -0.47489340517306716 -0.4280427582177016 -0.3890438425688546 -0.3562431911287413 -0.3283590015317172 -0.30441058269479404 -0.283646843671528 -0.26548837604969894 -0.24948380878104442 
0.9025 -0.5750052520432781 -0.5079683403411895 -0.45312328117854317 -0.40805880977631437 -0.3706648976233586 -0.33927957433972195 -0.31263648570609315 -0.28977689615616053 -0.26997154910084614 -0.25266051547990914 -0.23740905284695976 
0.9075 -0.5490228179981314 -0.4839640155573673 -0.43113991716525013 -0.3879371843520517 -0.35219381797062294 -0.3222522573094121 -0.29686863977087613 -0.2751101254961308 -0.25627156696418024 -0.23981387071212099 -0.22531975681519342 
0.9125 -0.5224985647159487 -0.45963511015478176 -0.4089552689633652 -0.367685794044739 -0.33363593694269117 -0.3051649237044875 -0.28105807238344294 -0.26041216227111075 -0.24254829881711756 -0.22694950067557013 -0.21321673485737272 
0.9175 -0.4954586684324075 -0.4349995974808114 -0.3865811264669028 -0.3473124094675392 -0.31499648610539516 -0.2880211873853674 -0.2652073447325481 -0.24568486555320318 -0.22880312370578174 -0.21406844846926804 -0.2011007898399452 
0.9225 -0.46792981426057273 -0.41007538464715054 -0.36402912390534653 -0.3268246693518496 -0.2962806023621252 -0.2708245972983127 -0.24931897384283155 -0.2309300641657452 -0.2150373996952069 -0.2011717424219403 -0.18897271407080596 
0.9275 -0.43993916985591464 -0.38488031476714807 -0.34131074989831905 -0.30623008980024585 -0.2774933347644509 -0.2535786421621998 -0.23339543574401736 -0.21614955883136835 -0.20125246534115818 -0.18826039711510661 -0.17683329002159912 
0.9325 -0.41151435860510843 -0.35943216949531676 -0.318437357305416 -0.28553607321527263 -0.2586396510542162 -0.2362867549674235 -0.2174391685162504 -0.20134512423985976 -0.1874496411100298 -0.17533541437224975 -0.16468329102758716 
0.9375 -0.38268343236508956 -0.3337486718416962 -0.2954201728834356 -0.2647499169303792 -0.23972444396012615 -0.2189523173032361 -0.2014525752222522 -0.18651851104263767 -0.17363023075115155 -0.16239778421685575 -0.1525234819669227 
0.9425 -0.35347484377925625 -0.30784748923551214 -0.27227030676340686 -0.2438788215679632 -0.22075253727046676 -0.2015786635287959 -0.18543802673630916 -0.17167144778027163 -0.15979552262560728 -0.14944848580196549 -0.14035461992098958 
0.9475 -0.32391741819814873 -0.2817462368142185 -0.24899876175992486 -0.22292989914821448 -0.20172869170230295 -0.18416908480225416 -0.16939786447950922 -0.1568056427490574 -0.14594679099540597 -0.1364884883136944 -0.1281774548174746 
0.9525 -0.2940403252323034 -0.25546248091550267 -0.22561644252528193 -0.201910180971382 -0.18265761058637894 -0.16672683298138452 -0.15333440307006652 -0.1419227858123376 -0.1320852972766548 -0.1235187518511282 -0.11599273005775577 
0.9575 -0.26387304996537336 -0.22901374275121716 -0.20213416456098257 -0.18082662529506727 -0.1635439453858757 -0.14925512440845656 -0.1372499328970965 -0.12702455016195932 -0.11821229126026737 -0.11054022828491762 -0.10380118313015668 
0.9625 -0.2334453638559052 -0.2024175022434001 -0.17856266309919194 -0.15968612482721423 -0.14439230106620993 -0.13175714359136206 -0.12114672262577054 -0.11211259403510014 -0.10432901230365 -0.09755386209686855 -0.0916035462106053 
0.9675 -0.20278729535651246 -0.17569120200373256 -0.15491260186665323 -0.13849551405450608 -0.12520724133217898 -0.11423604679254011 -0.1050270216416941 -0.09718856239167727 -0.09043669049681273 -0.08456059120276209 -0.07940054675212159 
0.9725 -0.1719291002794097 -0.14885225143871783 -0.13119458174331547 -0.11726157642511302 -0.10599329374842006 -0.09669496553728904 -0.08889306244236915 -0.08225408855747988 -0.07653654780614551 -0.07156134776039055 -0.06719290806431873 
0.9775 -0.140901231937583 -0.1219180309635251 -0.1074191493278987 -0.0959910514051045 -0.08675495475978033 -0.07913701005327524 -0.0727470629833552 -0.06731079583756 -0.06262979919837762 -0.05855705896409358 -0.054981349883463405 
0.9825 -0.1097343110910449 -0.09490589630828601 -0.0835968054251047 -0.0746906414299041 -0.06749669462823267 -0.061565272651460126 -0.05659122898442855 -0.05236029910216008 -0.048717653745363756 -0.045548647825654584 -0.0427665889326972 
0.9875 -0.07845909572784475 -0.0678331829056083 -0.05973801347282798 -0.053367018768592046 -0.04822296229527085 -0.043982831050620015 -0.040427756194582526 -0.03740420634293909 -0.03480131570751196 -0.03253703393987399 -0.030549339471271114 
0.9925 -0.04710645070964264 -0.040717210347511086 -0.03585320790319892 -0.03202683228745221 -0.028938190153917066 -0.026392751632275918 -0.02425883260690023 -0.022444120194342308 -0.020881985593501663 -0.019523134234261025 -0.018330313833289057 
0.9975 -0.01570731731182083 -0.013575286801146539 -0.011952802335544632 -0.010676714052942491 -0.00964679870613466 -0.008798092623783659 -0.008086640632203676 -0.007481639433488071 -0.006960861210511564 -0.006507863716202355 -0.006110222967778596 
