0.0025 0.015707317311820675 0.01357528653916705 0.011952801484951448 0.010676713115087241 0.009646797965408734 0.008798092003305473 0.00808664009666038 0.007481638978980246 0.006960860792805611 0.006507863330822265 0.006110222618262587 
0.0075 0.04710645070964266 0.04071721006052723 0.03585320754804828 0.032026831874570026 0.028938189633780018 0.026392751091824034 0.02425883208093135 0.02244411969023948 0.02088198511848777 0.019523133788851725 0.018330313410857803 
0.0125 0.07845909572784494 0.06783318263262575 0.05973801318248879 0.05336701850416746 0.04822296204459998 0.0439828307682628 0.04042775589501747 0.03740420602778649 0.03480131537935316 0.03253703360480889 0.03054933913611644 
0.0175 0.10973431109104528 0.09490589603494884 0.08359680512784019 0.07469064115640242 0.06749669439888652 0.06156527245653862 0.056591228799222064 0.052360298917020695 0.0487176535539651 0.045548647621970195 0.04276658871978836 
0.0225 0.14090123193758267 0.12191803068930505 0.1074191490274309 0.09599105112288674 0.08675495450158686 0.07913700983297951 0.07274706279367633 0.06731079567056533 0.06262979904696173 0.05855705882045212 0.05498134974101646 
0.0275 0.17192910027940952 0.14885225116458198 0.13119458144134255 0.11726157614107441 0.1059932934850364 0.09669496529555725 0.08889306222654109 0.08225408836697577 0.07653654763916849 0.07156134761386018 0.06719290793192656 
0.0325 0.2027872953565125 0.1756912017297564 0.15491260156334907 0.13849551376917935 0.12520724106987824 0.11423604655015586 0.10502702141785568 0.09718856218616335 0.09043669031061578 0.08456059103595107 0.07940054660319258 
0.0375 0.2334453638559054 0.20241750196953928 0.1785626627942404 0.15968612454016512 0.1443923008029648 0.13175714335112843 0.12114672240386005 0.11211259382818374 0.1043290121111414 0.09755386191842004 0.0916035460468922 
0.0425 0.26387304996537286 0.22901374247747408 0.20213416425400785 0.18082662500588625 0.16354394512080914 0.14925512416745265 0.1372499326763612 0.12702454995719092 0.11821229106899679 0.11054022810498661 0.10380118296136437 
0.0475 0.29404032523230395 0.2554624806418884 0.22561644221595956 0.20191018067967312 0.18265761031928 0.16672683273856248 0.1533344028483356 0.14192278560799673 0.1320852970870434 0.12351875167316254 0.11599272988977957 
0.0525 0.32391741819814934 0.2817462365407404 0.24899876144793254 0.22292989885360529 0.20172869143288696 0.18416908455761588 0.16939786425617936 0.15680564254361798 0.14594679080571982 0.13648848813682268 0.12817745465122093 
0.0575 0.3534748437792571 0.3078474889621808 0.27227030644839667 0.24387882127007007 0.22075253699840264 0.2015786632822231 0.18543802651141486 0.1716714475734037 0.15979552243484646 0.14944848562470295 0.14035461975525437 
0.0625 0.3826834323650898 0.3337486715685223 0.29542017256503644 0.26474991662878994 0.23972444368507873 0.21895231705446458 0.2014525749957171 0.1865185108343954 0.1736302305591686 0.16239778403854535 0.1525234818006257 
0.0675 0.4115143586051088 0.3594321692223083 0.318437356983234 0.28553607290953786 0.2586396507758266 0.23628675471617844 0.2174391682878706 0.2013451240301927 0.18744964091688987 0.1753354141928516 0.1646832908603436 
0.0725 0.4399391698559151 0.3848803144943179 0.34131074957193164 0.3062300894898834 0.27749333448233005 0.2535786419082061 0.23339543551357472 0.2161495586201173 0.20125246514682898 0.18826039693469618 0.1768332898534233 
0.0775 0.4679298142605734 0.4100753843745117 0.36402912357429684 0.3268246690363336 0.296280602075852 0.2708245970412726 0.24931897361010533 0.23093006395272647 0.21503739949956363 0.2011717422404971 0.18897271390176118 
0.0825 0.4954586684324076 0.4349995972083803 0.38658112613070417 0.34731240914629746 0.31499648581451395 0.2880211871249633 0.2652073444973146 0.24568486533824221 0.22880312350868237 0.21406844828669314 0.20110078967001313 
0.0875 0.5224985647159488 0.45963510988257356 0.4089552686214892 0.36768579371714555 0.33363593664669505 0.30516492344036394 0.28105807214545264 0.2604121620540286 0.24254829861842567 0.22694950049174664 0.21321673468647398 
0.0925 0.5490228179981318 0.48396401528539773 0.4311399168171248 0.3879371840174271 0.3521938176689759 0.3222522570411971 0.2968686395298627 0.27511012527673273 0.25627156676376345 0.2398138705269405 0.22531975664323273 
0.0975 0.5750052520432786 0.5079683400694769 0.4531232808235484 0.40805880943389794 0.37066489731544483 0.3392795740669926 0.31263648546177264 0.28977689593423805 0.2699715488985532 0.2526605152932657 0.2374090526738489 
0.1025 0.6004202253258839 0.5316300427458504 0.47489340481052783 0.4280427578666797 0.3890438422540439 0.3562431908510513 0.3283590012837688 0.3044105824701323 0.28364684346720553 0.26548837586147545 0.24948380860670324 
0.1075 0.6252426563357051 0.554931012140833 0.49643815651123724 0.4478809657429337 0.4073252099630547 0.37313934880425137 0.34403352741777027 0.31900925851284406 0.29729602481481826 0.2782963763721683 0.26154319819198535 
0.1125 0.6494480483301837 0.5778530662491926 0.5177452164815505 0.46756520761826403 0.42550344096025494 0.38996420905464546 0.3596573497522523 0.33357096044128176 0.31091764153056967 0.2910834228925021 0.27358638230027577 
0.1175 0.6730125135097733 0.6003779515196201 0.5388020671078894 0.4870870853319625 0.44357285065319024 0.4067138468212076 0.37522769585439747 0.3480936848377197 0.32451021471880026 0.3038484022259738 0.28561250809019495 
0.1225 0.6959127965923143 0.6224873426110176 0.5595959813531742 0.5064380166822081 0.4615276207790089 0.4233842454978183 0.3907417309924654 0.362575385818491 0.3380722361915978 0.3165901806716048 0.29762070814298947 
0.1275 0.7181262977631888 0.6441628426608205 0.580114011230808 0.5256092235814732 0.47936179039740573 0.4399712904225663 0.40619655395058524 0.37701397223213184 0.35160216657633586 0.3293076027281036 0.3096100995612045 
0.1325 0.7396310949786097 0.6653859841095622 0.6003429759979237 0.5445917196554898 0.49706924639842387 0.4564707623046817 0.42158919261944083 0.39140730471328977 0.36509843333171815 0.3419994897390991 0.3215797830287698 
0.1375 0.760405965600031 0.6861382301288774 0.62026945005926 0.5633762972382982 0.5146437134851405 0.47287833027771337 0.43691659934252813 0.4057531925806722 0.3785594286634895 0.3546646384742222 0.3335288418296618 
0.1425 0.7804304073383297 0.7064009767035041 0.6398797505758843 0.5819535137236597 0.532078743582632 0.48918954454963653 0.45217564599606536 0.4200493905657584 0.39198350733363 0.3673018196414412 0.34545634082151366 
0.1475 0.7996846584870905 0.7261555554211307 0.6591599247714277 0.6003136772175733 0.5493677046283543 0.5053998286092067 0.46736311878157105 0.434293595357095 0.40536898435152063 0.3799097763248627 0.35736132536148235 
0.1525 0.8181497174250234 0.7453832370277187 0.6780957369355922 0.6184468314444996 0.5665037686888296 0.5215044709540239 0.48247571270326445 0.4484834419462019 0.4187141325407598 0.3924872223419453 0.36924282017994015 
0.1575 0.8358073613682702 0.7640652358095669 0.696672655118056 0.6363427398509717 0.5834798993386442 0.5374986162962507 0.4975100257039514 0.4626164997552816 0.43201717996762234 0.4050328405146482 0.38109982819826754 
0.1625 0.8526401643540922 0.7821827148675136 0.71487583752184 0.653990868837908 0.6002888382545923 0.5533772561960487 0.5124625524302526 0.476690268532237 0.4452763072227044 0.41754528084592746 0.39293132928710467 
0.1675 0.8686315144381913 0.7997167923522799 0.7326901185883793 0.6713803700772522 0.6169230909298571 0.5691352190770796 0.5273296775888794 0.49070217398646787 0.4584896445426654 0.4300231585958235 0.4047362789591586 
0.1725 0.8837656300886935 0.816648548735488 0.7500999947981748 0.6885000618150878 0.6333749114567143 0.584767159560858 0.5421076688693325 0.5046495631508034 0.4716552687556532 0.44246505224817334 0.416513606992551 
0.1775 0.8980275757606155 0.8329590351924033 0.7670896101763781 0.7053384091103372 0.6496362862806414 0.6002675470656669 0.5567926693690683 0.5185296994363208 0.48477120004284147 0.45486950135793547 0.42826221597946407 
0.1825 0.9114032766354452 0.848629283182721 0.7836427415468632 0.7218835029352004 0.6656989168342067 0.6156306535885024 0.571380689514842 0.5323397573621499 0.4978353984896361 0.4672350042722466 0.4399809797930625 
0.1875 0.9238795325112867 0.8636403153093867 0.7997427835300938 0.7381230379936974 0.6815542009470743 0.6308505406037662 0.5858675983791015 0.5460768169225282 0.5108457604174581 0.47956001571229145 0.4516687419667656 
0.1925 0.9354440308298673 0.8779731575584603 0.8153727333224707 0.754044289272352 0.697193212937058 0.6459210450098103 0.6002491144062118 0.5597378575583688 0.5238001144767193 0.4918429442034509 0.4633243139804546 
0.1975 0.9460853588275453 0.8916088530000973 0.8305151753318429 0.769634087119878 0.712606682250972 0.6608357639648328 0.614520795385898 0.5733197517139641 0.5366962174685085 0.5040821493447116 0.4749464734439418 
0.2025 0.9557930147983301 0.9045284770706746 0.8451522655934632 0.7848787907767045 0.7277849704502878 0.6755880386077813 0.628678027754346 0.5868192579062558 0.549531749883561 0.5162759389025591 0.4865339621685062 
0.2075 0.9645574184577981 0.9167131545219194 0.8592657162240147 0.7997642603109926 0.7427180465763527 0.6901709364609693 0.6427160149907052 0.6002330132881635 0.5623043111334711 0.5284225657086796 0.49808548412197184 
0.2125 0.9723699203976766 0.9281440781665026 0.8728367797860491 0.8142758267981351 0.7573954605253814 0.7045772324577755 0.6566297650954502 0.6135575256602267 0.5750114144320468 0.5405202243506803 0.5095997032536833 
0.2175 0.9792228106217657 0.9388025294932573 0.8858462336237453 0.8283982603869676 0.771806314220522 0.7187993882449166 0.6704140771656033 0.6267891648482881 0.5876504813004018 0.5525670476394343 0.5210752411796621 
0.2225 0.985109326154774 0.9486699013895394 0.8982743647171766 0.8421157366865356 0.7859392307756561 0.7328295301623654 0.6840635267026771 0.6399241534018898 0.6002188356755989 0.5645611028252433 0.5325106747105357 
0.2275 0.9900236577165575 0.9577277227907949 0.9101009543450284 0.8554118008221712 0.7997823209168746 0.7466594247427206 0.697572449810755 0.6529585565561502 0.6127136975618551 0.576500387541598 0.543904533229383 
0.2325 0.9939609554551797 0.9659576859090835 0.9213052632536769 0.8682693285906059 0.8133231464086629 0.7602804526010536 0.7109349259720935 0.6658882713615811 0.6251321761870068 0.5883828254575092 0.5552552958591224 
0.2375 0.996917333733128 0.9733416756595528 0.9318660182203463 0.8806704862635801 0.8265486808995928 0.773683579736558 0.7241447593466663 0.678709014904988 0.6374712626248819 0.6002062616107927 0.5665613885169352 
0.2425 0.99888987496197 0.9798618010284988 0.9417613978746313 0.8925966869686499 0.8394452672958834 0.7868593262745591 0.7371954584109595 0.6914163115166916 0.6497278218160275 0.6119684573765137 0.5778211805187241 
0.2475 0.9998766324816606 0.9855004311054432 0.9509690199435233 0.9040285432101479 0.8519985704379189 0.7997977324039055 0.7500802136414307 0.7040054788383268 0.6618985839273838 0.6236670850613202 0.5890329815955829 
0.2525 0.9998766324816606 0.9902402309175994 0.9594659325679392 0.9149458185540076 0.8641935271126926 0.8124883205443365 0.7627918731357388 0.7164716127146461 0.6739801350172183 0.6352997220691589 0.6001950370129872 
0.2575 0.99888987496197 0.9940642005088622 0.9672286016532013 0.9253273752359742 0.8760142903561207 0.8249200551233703 0.7753229162052223 0.7288095706824443 0.6859689068614832 0.6468638445760534 0.6113055264549 
0.2625 0.996917333733128 0.9969557256047398 0.974232901939687 0.9351511155379667 0.8874441696788494 0.837081297023777 0.7876654239304197 0.7410139537987902 0.6978611658451206 0.6583568207235727 0.6223625529392095 
0.2675 0.9939609554551797 0.9988986142355288 0.9804541192145312 0.9443939226591676 0.8984655625246641 0.8489597534191448 0.7998110466747985 0.7530790868913116 0.709653001015299 0.6697759032632989 0.6333641539090832 
0.2725 0.9900236577165575 0.9998771377169614 0.9858669413114847 0.9530315999710541 0.9090598848254068 0.8605424239990701 0.8117509693100801 0.7649989969954213 0.7213403109459582 0.6811182214535524 0.644308261044162 
0.2775 0.9851093261547739 0.9998761172126847 0.9904454477688446 0.961038799498038 0.9192074905330909 0.8718155405564361 0.8234758717981131 0.7767673892961978 0.7329187892510947 0.6923807724611044 0.6551927712387641 
0.2825 0.9792228106217657 0.9988809596669291 0.9941631378771912 0.9683889442466695 0.9288875813872053 0.8827644980874039 0.8349758851702036 0.7883776207657466 0.7443839089174984 0.7035604115860282 0.6660153805230228 
0.2875 0.9723699203976767 0.9968776977177477 0.9969929492752684 0.9750541604247662 0.9380781128908006 0.8933737823657684 0.8462405444112503 0.7998226713813175 0.7557309051403701 0.7146538428235166 0.676773902930333 
0.2925 0.9645574184577982 0.9938530787079116 0.9989072015512099 0.9810052028839464 0.9467556872277346 0.9036268860061005 0.8572587347609738 0.8110951118655181 0.7669547562656688 0.725657605167636 0.6874656265723851 
0.2975 0.9557930147983302 0.9897946282526872 0.9998776270990495 0.9862113425836637 0.954895439174271 0.913506214947471 0.868018631049375 0.8221870678945531 0.7780501627549868 0.7365680660890601 0.6980885087812457 
0.3025 0.9460853588275454 0.9846907152385465 0.9998755570531008 0.9906402682882377 0.9624708998861509 0.9229929891959437 0.878507632953341 0.8330901806889816 0.7890115242149962 0.7473813937913778 0.7086389850976897 
0.3075 0.9354440308298674 0.9785306257945188 0.9988718361873292 0.9942580528979423 0.9694538415229577 0.932067119833784 0.8887122890288498 0.8437955628548673 0.7998329139896775 0.7580935761398948 0.7191157608885068 
0.3125 0.9238795325112867 0.9713046408601845 0.9968367464508828 0.9970290696921037 0.9758141463080668 0.9407070771981589 0.8986182110352794 0.8542937485258745 0.8105080504753288 0.7687003263188827 0.7295134759671021 
0.3175 0.9114032766354453 0.9630041163444124 0.9937402146512189 0.9989156717315566 0.9815196364351663 0.948889759844949 0.9082099824160715 0.864574638535382 0.8210302656891256 0.7791972385877362 0.7398327168559437 
0.3225 0.8980275757606156 0.9536215662108036 0.9895518883099396 0.9998781268015665 0.9865357864679165 0.9565903163619118 0.9174710531882877 0.8746274390070075 0.8313924703187241 0.7895793917778136 0.7500649733845237 
0.3275 0.8837656300886935 0.9431507483960765 0.9842411761854033 0.9998749502600471 0.9908255374774493 0.9637819301031944 0.9263836104889679 0.8844405893677119 0.8415871150877129 0.7998421179349166 0.7602137921899234 
0.3325 0.8686315144381912 0.9315867532480316 0.9777773412341825 0.9988624787517918 0.9943492240911143 0.9704356342943167 0.934928438364822 0.8940016825113163 0.8516061427839305 0.8099793712854028 0.7702671228998997 
0.3375 0.8526401643540923 0.9189260941186225 0.9701296234634288 0.9967943902797003 0.9970641788318431 0.9765201040073533 0.9430847780238274 0.9032973786338963 0.8614409482572241 0.8199868501363674 0.7802300838877839 
0.3425 0.8358073613682702 0.9051667996892329 0.961267378962542 0.9936219545160133 0.9989240348901371 0.9820013101883878 0.950830138471763 0.9123133020228227 0.8710823036219153 0.8298560175170401 0.7900910510050565 
0.3475 0.8181497174250234 0.8903085075305662 0.951160239036306 0.9892939872259304 0.9998785981348879 0.9868421126940898 0.95814006322618 0.9210339181587065 0.8805203388547571 0.8395848721424364 0.7998491159539451 
0.3525 0.7996846584870906 0.8743525583213956 0.9397782944456244 0.983756635471043 0.9998742324223576 0.9910020120934097 0.964987896931536 0.9294424004633043 0.8897443595102015 0.8491590913934006 0.80950404288327 
0.3575 0.7804304073383299 0.857302090069637 0.9270923075962741 0.97695324632012 0.9988528296463512 0.9944368959598927 0.9713445371105307 0.937520481569556 0.8987430287280517 0.8585832915459043 0.8190357339943233 
0.3625 0.7604059656000309 0.8391621315964382 0.9130739550700887 0.9688242958705587 0.9967505281261686 0.9970983167355942 0.9771781208034064 0.9452482772074989 0.9075036770665492 0.8678314896850441 0.8284670735428546 
0.3675 0.7396310949786099 0.8199396944604894 0.8976961030314604 0.9593073375405413 0.9934978433611747 0.9989323154868922 0.9824535529404612 0.9526040672968651 0.9160135168054648 0.8769209264022184 0.837752723230251 
0.3725 0.7181262977631888 0.7996438624170784 0.880933117973101 0.9483369746424278 0.9890192446371329 0.9998790736170812 0.9871319571208446 0.9595640300080572 0.9242566544817298 0.8858088365544238 0.8469342840009817 
0.3775 0.6959127965923144 0.7782858774265525 0.8627612149936197 0.9358448763739915 0.983232200591396 0.9998734203388365 0.9911703707775807 0.9661019762035942 0.9322199640333755 0.8945251919236089 0.8559567185686071 
0.3825 0.6730125135097733 0.7558792211518583 0.84315884537654 0.9217598548616769 0.9760462447045228 0.9988428694290615 0.9945213485012462 0.9721890689323482 0.9398806505949344 0.9030188635079776 0.8648578280176051 
0.3875 0.6494480483301838 0.7324396908170614 0.8221071246323035 0.9060080219999864 0.9673620457989455 0.9967050487560063 0.9971316323826546 0.9777933736755278 0.9472303151943946 0.9113096475128998 0.8735908554268405 
0.3925 0.6252426563357051 0.7079854682409791 0.7995903013253276 0.8885130495927741 0.9570703593302134 0.9933673585810855 0.9989404942380159 0.982879224743718 0.9542284391984477 0.9193767672052018 0.8821897046667777 
0.3975 0.600420225325884 0.6825371808147376 0.7755962658992633 0.8691965621498304 0.9450508250327786 0.9887256917162843 0.9998794053278114 0.9874067091035292 0.9608870353508764 0.927176789304071 0.8905874034982728 
0.4025 0.5750052520432783 0.6561179531623611 0.7501170973014026 0.8479786980063672 0.9311706180731367 0.9826619256430281 0.9998722910907939 0.9913312647347124 0.9671206931598759 0.934773123324535 0.8988701873146882 
0.4075 0.5490228179981317 0.6287534482121276 0.7231496434656046 0.8247788813448106 0.9152829607852492 0.9750410177492871 0.9988323814702859 0.9946028781051633 0.972998343601463 0.9420229696700354 0.9068741482043662 
0.4125 0.5224985647159489 0.6004718964162543 0.6946961296285724 0.7995168549962518 0.897225506090833 0.9657076494107567 0.9966577170242806 0.997164139573097 0.9783393315844199 0.9490675033707471 0.9148338058772796 
0.4175 0.49545866843240777 0.5713041118899731 0.6647647860346785 0.772114030947021 0.8768186238465241 0.9544820252335682 0.9932298148795934 0.9989486159813613 0.9833207036016882 0.9557206513377084 0.9223499478519827 
0.4225 0.4679298142605734 0.5412834943006962 0.6333704838666719 0.742495221217603 0.8538636574818254 0.9411544762429817 0.9884108788660189 0.9998793578408419 0.9876248021113466 0.9621096463641358 0.93004134651544 
0.4275 0.4399391698559153 0.5104460154254056 0.6005353652972124 0.7105908145845086 0.8281412759156028 0.925478496726761 0.9820383017453882 0.9998711441636449 0.991522911590317 0.9680799901256395 0.9369246666885565 
0.4325 0.4115143586051087 0.4788301894107507 0.5662894505096635 0.6763394620865806 0.7994101373261758 0.9071616903725085 0.9739174936897156 0.9988199892542208 0.9946696024986675 0.9737390536316394 0.9443314582284938 
0.4375 0.3826834323650899 0.4464770259163765 0.5306712015573146 0.6396913231074702 0.7674062250164685 0.8858538625248952 0.9638127587301257 0.9966112806521776 0.9971694118665344 0.9788764378576925 0.9506140535201641 
0.4425 0.35347484377925736 0.413429965496845 0.49372802024344303 0.6006118998811716 0.7318434357968218 0.8611311716962035 0.9514342586879528 0.9930773064342266 0.9990390040784647 0.9837038455142659 0.957395864487789 
0.4475 0.32391741819814945 0.37973479678015826 0.45551665508511213 0.5590864467567391 0.6924163284889846 0.8324748019413823 0.936420268300982 0.9880879029575925 0.9998112676352668 0.9878703656826332 0.9630771032032253 
0.4525 0.29404032523230417 0.34543955522874653 0.4161034911819336 0.515124876897606 0.6488064048398203 0.7992419910930165 0.9183082220218444 0.9813179150129052 0.9999707776983471 0.9916951953840899 0.9694941341474023 
0.4575 0.2638730499653728 0.3105944035183437 0.3755646967714207 0.4687670003846677 0.6006939080580481 0.7606264754397094 0.896496369692491 0.9727199202777368 0.9986519493479649 0.9946796694078914 0.9741943667858634 
0.4625 0.23344536385590553 0.27525149383696434 0.3339862017183959 0.4200878150850018 0.5477778280459612 0.7156046781690659 0.870169476883627 0.9614747310725785 0.9966864619679133 0.9973272696646115 0.9801428982211505 
0.4675 0.20278729535651233 0.23946481268466466 0.2914634863973552 0.36920244335434527 0.4898073736899299 0.6628642881286421 0.8381991149239704 0.9480119347794547 0.9926874601985272 0.9989237911756347 0.9836370616109618 
0.4725 0.17192910027940958 0.20329000903858654 0.24810116451208908 0.3162701818990509 0.42662806055454 0.6007166499581349 0.7989051050297783 0.9300731772676346 0.9879328703790844 1.0000760518072438 0.9880069961496615 
0.4775 0.14090123193758286 0.16678420702993657 0.2040123503276864 0.261497038498727 0.35824371732492094 0.5270131785286318 0.7497672494371881 0.9093091309278577 0.9802302662427724 0.9996607956052407 0.9912084325305616 
0.4825 0.10973431109104564 0.1300058045524931 0.15931780934420334 0.20513610611681055 0.2848906562899259 0.4391533272164774 0.6859585775684918 0.8809627943159477 0.9718117263273942 0.9990512709125261 0.9949990240285669 
0.4875 0.07845909572784507 0.09301425947848846 0.11414490118817083 0.1474852108514369 0.20711097792347943 0.33443237388299935 0.6006533967279362 0.8454516647910646 0.9573377216782624 0.9943319741495522 0.9980276145187531 
0.4925 0.04710645070964296 0.05586986538970183 0.0686263338119977 0.08888148974447592 0.12580031283599766 0.21135289580811484 0.4705158787846521 0.8062936648042182 0.9513982442735431 1.003188448352282 0.9979559869906791 
0.4975 0.01570731731182071 0.01863351893235561 0.022898758196774522 0.029692901412312518 0.042198568172770956 0.07258707257261991 0.20133476880027576 0.6434112628062746 0.7660480278458213 0.9120199397519303 0.7012145466325352 
0.5025 -0.015707317311820908 -0.018633518932355805 -0.02289875819677469 -0.029692901412312685 -0.04219856817277109 -0.0725870725726201 -0.20133476880027823 -0.6434112628062897 -0.7660480278458411 -0.9120199397519072 -0.7012145466325295 
0.5075 -0.047106450709642714 -0.055869865389701664 -0.06862633381199768 -0.08888148974447606 -0.12580031283599777 -0.21135289580811634 -0.4705158787846503 -0.8062936648042179 -0.9513982442735375 -1.00318844835226 -0.9979559869888694 
0.5125 -0.07845909572784526 -0.09301425947848846 -0.11414490118817083 -0.14748521085143723 -0.20711097792348038 -0.334432373883002 -0.6006533967279374 -0.8454516647910635 -0.957337721678261 -0.9943319741495478 -0.9980276145029423 
0.5175 -0.10973431109104541 -0.13000580455249303 -0.15931780934420367 -0.20513610611681116 -0.28489065628992755 -0.4391533272164775 -0.6859585775684999 -0.8809627943159501 -0.9718117263274048 -0.9990512709126159 -0.9949990240020455 
0.5225 -0.14090123193758305 -0.16678420702993724 -0.20401235032768705 -0.26149703849872835 -0.3582437173249227 -0.5270131785286292 -0.7497672494371929 -0.909309130927861 -0.9802302662427708 -0.9996607956051284 -0.9912084325758228 
0.5275 -0.17192910027940977 -0.20329000903858688 -0.2481011645120899 -0.3162701818990522 -0.42662806055453995 -0.6007166499581365 -0.7989051050297774 -0.9300731772676332 -0.9879328703790357 -1.00007605180675 -0.9880069962828195 
0.5325 -0.20278729535651296 -0.23946481268466538 -0.29146348639735653 -0.369202443354347 -0.48980737368992733 -0.6628642881286481 -0.8381991149239704 -0.9480119347794497 -0.9926874601984753 -0.9989237911725931 -0.9836370614844743 
0.5375 -0.23344536385590572 -0.27525149383696534 -0.333986201718397 -0.4200878150850022 -0.5477778280459581 -0.71560467816907 -0.8701694768836291 -0.9614747310725805 -0.9966864619679654 -0.9973272696585364 -0.9801428989915829 
0.5425 -0.2638730499653735 -0.3105944035183444 -0.3755646967714222 -0.4687670003846671 -0.6006939080580496 -0.7606264754397111 -0.896496369692493 -0.9727199202777433 -0.9986519493481233 -0.9946796693975867 -0.9741943628976789 
0.5475 -0.29404032523230433 -0.34543955522874675 -0.41610349118193474 -0.5151248768976029 -0.6488064048398245 -0.7992419910930182 -0.9183082220218456 -0.9813179150129027 -0.99997077769848 -0.9916951953701167 -0.9694941394544657 
0.5525 -0.32391741819815006 -0.3797347967801589 -0.45551665508511224 -0.5590864467567371 -0.6924163284889864 -0.8324748019413829 -0.9364202683009775 -0.9880879029575518 -0.999811267634355 -0.9878703656650761 -0.963077114722373 
0.5575 -0.3534748437792576 -0.4134299654968457 -0.4937280202434415 -0.6006118998811735 -0.7318434357968218 -0.8611311716962028 -0.9514342586879463 -0.993077306434176 -0.9990390040756032 -0.9837038454942092 -0.9573957511678874 
0.5625 -0.38268343236509045 -0.44647702591637717 -0.530671201557312 -0.6396913231074742 -0.7674062250164698 -0.885853862524896 -0.9638127587301265 -0.9966112806522279 -0.9971694118601301 -0.9788764378356447 -0.9506138561034545 
0.5675 -0.4115143586051093 -0.4788301894107504 -0.5662894505096625 -0.6763394620865821 -0.7994101373261767 -0.9071616903725099 -0.9739174936897242 -0.9988199892544338 -0.9946696024882251 -0.9737390536081734 -0.9443313218519311 
0.5725 -0.43993916985591547 -0.5104460154254051 -0.6005353652972145 -0.71059081458451 -0.8281412759156028 -0.9254784967267621 -0.9820383017453896 -0.9998711441637452 -0.9915229115758811 -0.9680799901001113 -0.9369253858052332 
0.5775 -0.4679298142605732 -0.541283494300696 -0.6333704838666742 -0.7424952212176035 -0.853863657481825 -0.9411544762429775 -0.9884108788659914 -0.9998793578400003 -0.9876248020932485 -0.9621096463347498 -0.9300403715366126 
0.5825 -0.4954586684324076 -0.5713041118899718 -0.6647647860346798 -0.772114030947021 -0.8768186238465234 -0.954482025233564 -0.9932298148795529 -0.9989486159783324 -0.9833207035809992 -0.9557206513013985 -0.9223512047202154 
0.5875 -0.5224985647159487 -0.6004718964162548 -0.6946961296285743 -0.7995168549962527 -0.8972255060908338 -0.9657076494107574 -0.9966577170243168 -0.9971641395666189 -0.9783393315615876 -0.9490675033258335 -0.9148326987959104 
0.5925 -0.5490228179981318 -0.6287534482121281 -0.7231496434656052 -0.8247788813448105 -0.9152829607852518 -0.9750410177492941 -0.9988323814704693 -0.994602878094451 -0.9729983435770204 -0.9420229696184376 -0.9068751164660104 
0.5975 -0.5750052520432785 -0.656117953162362 -0.7501170973014025 -0.8479786980063672 -0.9311706180731371 -0.982661925643032 -0.9998722910908823 -0.9913312647197647 -0.9671206931331318 -0.9347731232722852 -0.8988694047568807 
0.6025 -0.6004202253258842 -0.6825371808147395 -0.7755962658992633 -0.8691965621498311 -0.945050825032776 -0.9887256917162653 -0.9998794053269924 -0.9874067090849612 -0.9608870353196166 -0.9271767892576948 -0.8905880227177384 
0.6075 -0.6252426563357052 -0.7079854682409791 -0.7995903013253288 -0.888513049592775 -0.9570703593302102 -0.9933673585810496 -0.9989404942349944 -0.9828792247222746 -0.9542284391590145 -0.9193767671690843 -0.8821892375789576 
0.6125 -0.6494480483301839 -0.7324396908170632 -0.8221071246323042 -0.9060080219999883 -0.9673620457989466 -0.9967050487560303 -0.9971316323760597 -0.9777933736518327 -0.9472303151451854 -0.911309647487473 -0.8735912158240053 
0.6175 -0.6730125135097734 -0.7558792211518575 -0.84315884537654 -0.9217598548616796 -0.9760462447045304 -0.9988428694292191 -0.9945213484902119 -0.9721890689068516 -0.939880650540433 -0.9030188634881852 -0.8648574935932458 
0.6225 -0.6959127965923146 -0.7782858774265524 -0.8627612149936197 -0.9358448763739922 -0.9832322005914039 -0.999873420338916 -0.9911703707621218 -0.9661019761756325 -0.9322199639812255 -0.8945251919021106 -0.855957110003062 
0.6275 -0.7181262977631889 -0.7996438624170771 -0.8809331179731018 -0.9483369746424258 -0.9890192446371182 -0.9998790736162864 -0.987131957101681 -0.9595640299742428 -0.9242566544361156 -0.8858088365317507 -0.8469337939196971 
0.6325 -0.7396310949786097 -0.8199396944604903 -0.8976961030314614 -0.9593073375405392 -0.9934978433611436 -0.9989323154838659 -0.9824535529183724 -0.9526040672530002 -0.9160135167723157 -0.8769209263880335 -0.8377532987174887 
0.6375 -0.7604059656000312 -0.8391621315964389 -0.9130739550700897 -0.9688242958705603 -0.9967505281261828 -0.9970983167288653 -0.9771781207787589 -0.9452482771548645 -0.9075036770466304 -0.8678314896815731 -0.8284664845389044 
0.6425 -0.7804304073383298 -0.8573020900696356 -0.9270923075962755 -0.9769532463201253 -0.9988528296464831 -0.9944368959485209 -0.9713445370834801 -0.9375204815140377 -0.8987430287052155 -0.8585832915419266 -0.8190362498711106 
0.6475 -0.7996846584870905 -0.8743525583213965 -0.9397782944456241 -0.9837566354710489 -0.9998742324224332 -0.991002012077425 -0.9649878969021775 -0.9294424004089534 -0.8897443594853343 -0.8491590913825605 -0.8095036715527153 
0.6525 -0.8181497174250238 -0.8903085075305662 -0.9511602390363054 -0.9892939872259242 -0.9998785981341225 -0.9868421126742716 -0.9581400631934096 -0.9210339181154057 -0.8805203388343696 -0.8395848721329126 -0.7998493098518358 
0.6575 -0.8358073613682705 -0.9051667996892335 -0.9612673789625411 -0.9936219545159894 -0.9989240348871017 -0.9820013101655528 -0.9508301384332545 -0.9123133019977313 -0.8710823036187931 -0.8298560175159584 -0.7900910248951856 
0.6625 -0.8526401643540924 -0.9189260941186225 -0.9701296234634303 -0.9967943902797036 -0.9970641788249653 -0.9765201039817548 -0.9430847779816526 -0.9032973786136457 -0.8614409482537368 -0.8199868501373233 -0.7802299816695901 
0.6675 -0.8686315144381913 -0.9315867532480325 -0.9777773412341862 -0.9988624787518992 -0.9943492240793974 -0.970435634265862 -0.9349284383194191 -0.8940016824810029 -0.8516061427708407 -0.8099793712806433 -0.7702673019918851 
0.6725 -0.8837656300886938 -0.9431507483960765 -0.984241176185407 -0.9998749502601236 -0.9908255374609117 -0.9637819300722432 -0.9263836104440556 -0.8844405893431961 -0.8415871150774443 -0.7998421179302644 -0.7602135850898953 
0.6775 -0.8980275757606159 -0.9536215662108015 -0.989551888309938 -0.9998781268008395 -0.9865357864473918 -0.956590316329507 -0.9174710531565836 -0.8746274390033748 -0.8313924703198583 -0.7895793917780509 -0.7500651724714407 
0.6825 -0.9114032766354454 -0.9630041163444117 -0.9937402146512071 -0.998915671728509 -0.9815196364115276 -0.9488897598118843 -0.9082099823869619 -0.8645746385301593 -0.8210302656879304 -0.7791972385865372 -0.7398325470453038 
0.6875 -0.9238795325112868 -0.9713046408601862 -0.9968367464508704 -0.9970290696850422 -0.9758141462814297 -0.9407070771642647 -0.8986182109997289 -0.8542937485099702 -0.8105080504683891 -0.7687003263156734 -0.7295136084706969 
0.6925 -0.9354440308298677 -0.9785306257945213 -0.9988718361873956 -0.9942580528858915 -0.9694538414929996 -0.932067119798952 -0.8887122890011259 -0.843795562848138 -0.7998329139881423 -0.7580935761390154 -0.7191156647484711 
0.6975 -0.9460853588275456 -0.9846907152385472 -0.9998755570531888 -0.990640268271387 -0.9624708998535542 -0.9229929891612829 -0.878507632936137 -0.833090180688889 -0.7890115242154363 -0.7473813937920802 -0.7086390506297717 
0.7025 -0.95579301479833 -0.9897946282526876 -0.999877627098384 -0.9862113425629685 -0.9548954391405758 -0.9135062149143266 -0.8680186310287303 -0.8221870678888885 -0.7780501627505773 -0.7365680660860423 -0.698088466515028 
0.7075 -0.964557418457798 -0.9938530787079133 -0.9989072015481149 -0.9810052028601044 -0.9467556871932555 -0.9036268859745752 -0.8572587347392556 -0.8110951118613943 -0.7669547562635983 -0.7256576051645165 -0.6874656524907697 
0.7125 -0.9723699203976767 -0.9968776977177468 -0.9969929492680155 -0.9750541603974506 -0.9380781128548469 -0.893373782335489 -0.8462405444009777 -0.7998226713817391 -0.755730905142121 -0.7146538428239164 -0.6767738877478381 
0.7175 -0.9792228106217657 -0.9988809596669288 -0.9941631378648526 -0.9683889442154461 -0.9288875813504404 -0.8827644980589986 -0.8349758851545929 -0.7883776207623576 -0.7443839089154133 -0.7035604115860203 -0.6660153890338057 
0.7225 -0.9851093261547739 -0.9998761172126854 -0.9904454477512981 -0.9610387994642033 -0.9192074904974498 -0.8718155405307172 -0.8234758717835913 -0.7767673892914575 -0.7329187892465046 -0.6923807724578319 -0.6551927666556829 
0.7275 -0.9900236577165575 -0.9998771377169601 -0.985866941289857 -0.953031599936416 -0.9090598847915946 -0.8605424239755337 -0.811750969304887 -0.7649989969975163 -0.7213403109458364 -0.6811182214507706 -0.6443082634123213 
0.7325 -0.9939609554551797 -0.9988986142355315 -0.9804541191903006 -0.9443939226230734 -0.8984655624917968 -0.8489597533969787 -0.7998110466639159 -0.7530790868907862 -0.7096530010164354 -0.6697759032630399 -0.6333641527227272 
0.7375 -0.996917333733128 -0.9969557256047402 -0.9742329019110602 -0.9351511154996093 -0.8874441696476589 -0.8370812970035251 -0.7876654239185706 -0.7410139537930752 -0.6978611658415027 -0.6583568207225384 -0.6223625535067326 
0.7425 -0.99888987496197 -0.9940642005088624 -0.9672286016207162 -0.9253273751980634 -0.8760142903282582 -0.8249200551056618 -0.7753229162023229 -0.728809570682136 -0.6859689068582574 -0.6468638445730008 -0.6113055261879238 
0.7475 -0.9998766324816606 -0.9902402309176003 -0.9594659325377266 -0.9149458185181627 -0.8641935270871224 -0.8124883205282574 -0.7627918731291515 -0.7164716127154946 -0.6739801350174498 -0.6352997220668575 -0.6001950371285003 
0.7525 -0.9998766324816606 -0.9855004311054449 -0.9509690199144594 -0.904028543174368 -0.8519985704135307 -0.7997977323888078 -0.7500802136332594 -0.7040054788349188 -0.6618985839256798 -0.6236670850599416 -0.5890329815409193 
0.7575 -0.9988898749619699 -0.9798618010284995 -0.9417613978429462 -0.8925966869343884 -0.8394452672740533 -0.7868593262612517 -0.7371954584072403 -0.6914163115141455 -0.6497278218130043 -0.6119684573743124 -0.5778211805377353 
0.7625 -0.996917333733128 -0.9733416756595541 -0.931866018193428 -0.880670486233708 -0.8265486808808366 -0.7736835797251339 -0.7241447593425142 -0.6787090149042573 -0.6374712626229961 -0.6002062616082957 -0.5665613885048777 
0.7675 -0.9939609554551797 -0.9659576859090825 -0.9213052632284041 -0.868269328562224 -0.8133231463909367 -0.7602804525904497 -0.7109349259674055 -0.665888271359616 -0.6251321761850092 -0.5883828254551704 -0.5552552958595722 
0.7725 -0.9900236577165575 -0.9577277227907957 -0.9101009543193277 -0.855411800794902 -0.7997823209005983 -0.7466594247329551 -0.6975724498069061 -0.6529585565538167 -0.6127136975595197 -0.5765003875389951 -0.5439045332249625 
0.7775 -0.9851093261547739 -0.9486699013895394 -0.8982743646955026 -0.842115736663939 -0.7859392307621711 -0.7328295301541388 -0.6840635266993361 -0.6399241533995651 -0.6002188356732667 -0.5645611028227133 -0.5325106747075166 
0.7825 -0.9792228106217656 -0.9388025294932575 -0.8858462336036084 -0.8283982603658259 -0.7718063142082041 -0.7187993882376489 -0.670414077162236 -0.6267891648459307 -0.5876504812976635 -0.5525670476368935 -0.5210752411760832 
0.7875 -0.9723699203976766 -0.928144078166503 -0.8728367797666925 -0.814275826778185 -0.7573954605137536 -0.7045772324508507 -0.6566297650932434 -0.6135575256581309 -0.5750114144292471 -0.5405202243477283 -0.5095997032504807 
0.7925 -0.9645574184577981 -0.9167131545219193 -0.8592657162077416 -0.799764260294793 -0.742718046566847 -0.6901709364549916 -0.6427160149865337 -0.6002330132855034 -0.5623043111310367 -0.5284225657056091 -0.4980854841184096 
0.7975 -0.9557930147983299 -0.9045284770706735 -0.8451522655782351 -0.7848787907615103 -0.7277849704418398 -0.6755880386026853 -0.6286780277526015 -0.5868192579031287 -0.5495317498806033 -0.5162759388996722 -0.4865339621647544 
0.8025 -0.9460853588275451 -0.8916088530000981 -0.8305151753180742 -0.7696340871061927 -0.7126066822429171 -0.6608357639599705 -0.6145207953833486 -0.5733197517114348 -0.5366962174651823 -0.5040821493416305 -0.47494647344022856 
0.8075 -0.9354440308298672 -0.8779731575584594 -0.8153727333106897 -0.7540442892609606 -0.6971932129304599 -0.6459210450054178 -0.6002491144029146 -0.5597378575555496 -0.5238001144737207 -0.49184294420003033 -0.46332431397676394 
0.8125 -0.9238795325112866 -0.8636403153093853 -0.7997427835191616 -0.7381230379832979 -0.6815542009411927 -0.6308505406000151 -0.5858675983773547 -0.5460768169189698 -0.5108457604143124 -0.4795600157088985 -0.4516687419628291 
0.8175 -0.9114032766354448 -0.8486292831827191 -0.7836427415374462 -0.7218835029259342 -0.6656989168286797 -0.615630653584929 -0.571380689511839 -0.5323397573591052 -0.49783539848599706 -0.46723500426882514 -0.4399809797890157 
0.8225 -0.8980275757606153 -0.8329590351924047 -0.7670896101680077 -0.7053384091026292 -0.6496362862759734 -0.6002675470623057 -0.5567926693668508 -0.5185296994329057 -0.48477120003932467 -0.45486950135425974 -0.42826221597541964 
0.8275 -0.8837656300886931 -0.8166485487354865 -0.7500999947907442 -0.6885000618079451 -0.6333749114524871 -0.5847671595578515 -0.5421076688664631 -0.5046495631471256 -0.4716552687520466 -0.4424650522443784 -0.416513606988371 
0.8325 -0.8686315144381915 -0.7997167923522792 -0.7326901185819426 -0.671380370071101 -0.6169230909259003 -0.5691352190741712 -0.5273296775864608 -0.49070217398280036 -0.45848964453872165 -0.43002315859197354 -0.40473627895483455 
0.8375 -0.8526401643540921 -0.7821827148675136 -0.7148758375160796 -0.653990868832541 -0.6002888382510577 -0.5533772561932072 -0.5124625524273634 -0.47669026852828567 -0.4452763072187925 -0.41754528084188636 -0.3929313292827148 
0.8425 -0.8358073613682702 -0.7640652358095662 -0.69667265511306 -0.6363427398460184 -0.5834798993353683 -0.5374986162935295 -0.4975100257011576 -0.4626164997512962 -0.43201717996346156 -0.40503284051048327 -0.3810998281937668 
0.8475 -0.8181497174250235 -0.7453832370277171 -0.6780957369311073 -0.6184468314402013 -0.5665037686856307 -0.5215044709513135 -0.4824757127002522 -0.4484834419419262 -0.41871413253648165 -0.3924872223376619 -0.36924282017530063 
0.8525 -0.7996846584870907 -0.7261555554211329 -0.6591599247674842 -0.600313677213559 -0.5493677046253707 -0.505399828606449 -0.4673631187784612 -0.43429359535274237 -0.40536898434711127 -0.3799097763204039 -0.35736132535675885 
0.8575 -0.7804304073383295 -0.7064009767035041 -0.639879750572308 -0.5819535137199648 -0.5320787435796566 -0.48918954454684455 -0.45217564599277604 -0.42004939056117885 -0.39198350732900394 -0.3673018196368693 -0.345456340816658 
0.8625 -0.7604059656000308 -0.6861382301288778 -0.6202694500560362 -0.5633762972348277 -0.5146437134821629 -0.4728783302748328 -0.4369165993390448 -0.4057531925759478 -0.3785594286587631 -0.35466463846948915 -0.33352884182467263 
0.8675 -0.7396310949786097 -0.66538598410956 -0.6003429759949295 -0.5445917196520991 -0.49706924639543426 -0.4564707623016575 -0.42158919261580596 -0.39140730470835494 -0.3650984333267789 -0.34199948973420863 -0.3215797830236737 
0.8725 -0.7181262977631889 -0.6441628426608224 -0.5801140112280004 -0.5256092235781843 -0.4793617903942892 -0.4399712904194063 -0.406196553946708 -0.3770139722270223 -0.3516021665712615 -0.3293076027230645 -0.3096100995559669 
0.8775 -0.6959127965923139 -0.6224873426110176 -0.5595959813504724 -0.5064380166788555 -0.46152762077577975 -0.42338424549446474 -0.3907417309883758 -0.3625753858131949 -0.33807223618631543 -0.3165901806663997 -0.2976207081376261 
0.8825 -0.6730125135097731 -0.6003779515196201 -0.5388020671052421 -0.48708708532856404 -0.4435728506497777 -0.40671384681764006 -0.3752276958500902 -0.34809368483220854 -0.324510214713358 -0.3038484022206135 -0.28561250808469535 
0.8875 -0.6494480483301834 -0.5778530662491926 -0.5177452164788936 -0.4675652076147003 -0.4255034409566208 -0.38996420905084617 -0.3596573497476724 -0.3335709604355751 -0.310917641524938 -0.29108342288696626 -0.2735863822946353 
0.8925 -0.6252426563357052 -0.5549310121408322 -0.4964381565085212 -0.44788096573919095 -0.40732520995917915 -0.37313934880018185 -0.34403352741294707 -0.3190092585069275 -0.29729602480899314 -0.27829637636646753 -0.26154319818620464 
0.8975 -0.6004202253258841 -0.5316300427458484 -0.47489340480769926 -0.4280427578626774 -0.38904384224987154 -0.3562431908466969 -0.3283590012786649 -0.30441058246399233 -0.28364684346119107 -0.26548837585559565 -0.24948380860076122 
0.9025 -0.5750052520432781 -0.5079683400694773 -0.45312328082055997 -0.40805880942960426 -0.3706648973109621 -0.33927957406232606 -0.31263648545638023 -0.2897768959278825 -0.2699715488923373 -0.2526605152871961 -0.23740905266774753 
0.9075 -0.5490228179981314 -0.4839640152853976 -0.4311399168139297 -0.3879371840127838 -0.35219381766413566 -0.32225225703619353 -0.2968686395241738 -0.2751101252701453 -0.25627156675733465 -0.23981387052067493 -0.22531975663696466 
0.9125 -0.5224985647159487 -0.45963510988257356 -0.40895526861804316 -0.3676857937121148 -0.33363593664147556 -0.305164923435005 -0.2810580721394491 -0.2604121620472018 -0.24254829861177732 -0.22694950048527798 -0.2132167346800612 
0.9175 -0.4954586684324075 -0.43499959720838 -0.3865811261269665 -0.34731240914083344 -0.31499648580887996 -0.2880211871192234 -0.2652073444909833 -0.24568486533116354 -0.22880312350180176 -0.2140684482800405 -0.20110078966350692 
0.9225 -0.46792981426057273 -0.4100753843745117 -0.3640291235702259 -0.3268246690303935 -0.29628060206977797 -0.27082459703513173 -0.24931897360342883 -0.23093006394538124 -0.2150373994924673 -0.20117174223371892 -0.18897271389519257 
0.9275 -0.43993916985591464 -0.38488031449431775 -0.34131074956748564 -0.30623008948342834 -0.27749333447578445 -0.2535786419016354 -0.23339543550652936 -0.21614955861251678 -0.201252465139576 -0.1882603969278256 -0.17683328984667107 
0.9325 -0.41151435860510843 -0.35943216922230825 -0.3184373569783766 -0.28553607290252697 -0.25863965076877626 -0.2362867547091503 -0.21743916828045895 -0.20134512402240115 -0.1874496409095164 -0.17533541418573076 -0.16468329085302294 
0.9375 -0.38268343236508956 -0.33374867156852095 -0.295420172559729 -0.2647499166211789 -0.23972444367748996 -0.21895231704696227 -0.20145257498798097 -0.18651851082645213 -0.17363023055147947 -0.16239778403069177 -0.1525234817922717 
0.9425 -0.35347484377925625 -0.30784748896218045 -0.2722703064425981 -0.24387882126181715 -0.22075253699024694 -0.20157866327427354 -0.18543802650338176 -0.17167144756505878 -0.15979552242626996 -0.1494484856156416 -0.14035461974610336 
0.9475 -0.32391741819814873 -0.2817462365407404 -0.2489987614416034 -0.22292989884466574 -0.20172869142416042 -0.18416908454923686 -0.16939786424757522 -0.1568056425341659 -0.1459467907958483 -0.1364884881272577 -0.1281774546432624 
0.9525 -0.2940403252323034 -0.2554624806418891 -0.22561644220906002 -0.20191018067001867 -0.18265761030998057 -0.16672683272943903 -0.15333440283845107 -0.14192278559721147 -0.13208529707728486 -0.12351875166616956 -0.11599272988650895 
0.9575 -0.26387304996537336 -0.2290137424774746 -0.20213416424649555 -0.18082662499548988 -0.16354394511069525 -0.14925512415683703 -0.1372499326653686 -0.127024549947703 -0.11821229106361138 -0.1105402281044573 -0.10380118296411833 
0.9625 -0.2334453638559052 -0.20241750196953928 -0.17856266278608243 -0.1596861245288383 -0.14439230079146395 -0.13175714333988348 -0.1211467223956035 -0.11211259382557259 -0.10432901211315909 -0.09755386192225081 -0.09160354604827407 
0.9675 -0.20278729535651246 -0.17569120172975689 -0.1549126015544619 -0.13849551375657854 -0.12520724105809364 -0.11423604654388654 -0.1050270214175967 -0.09718856218963201 -0.09043669031102143 -0.08456059102815876 -0.07940054658476411 
0.9725 -0.1719291002794097 -0.14885225116458198 -0.1311945814315473 -0.1172615761285092 -0.10599329347877258 -0.0966949652962442 -0.08889306222479403 -0.08225408835453824 -0.07653654761201203 -0.07156134757098077 -0.06719290787822334 
0.9775 -0.140901231937583 -0.12191803068930493 -0.10741914901765771 -0.09599105111441819 -0.08675495449760744 -0.07913700981351138 -0.07274706275474445 -0.06731079561068493 -0.06262979897613394 -0.058557058746242924 -0.05498134967165398 
0.9825 -0.1097343110910449 -0.09490589603494826 -0.08359680511979936 -0.07469064114090188 -0.06749669435338858 -0.0615652723800826 -0.056591228714449326 -0.05236029883712183 -0.048717653493223816 -0.04554864758820663 -0.042766588710709194 
0.9875 -0.07845909572784475 -0.06783318263262561 -0.05973801315724454 -0.053367018439794106 -0.04822296196227875 -0.04398283072789667 -0.04042775589594064 -0.03740420607815955 -0.03480131547054934 -0.03253703372948069 -0.03054933928401061 
0.9925 -0.04710645070964264 -0.04071721006052723 -0.03585320753484788 -0.03202683191710925 -0.028938189828175625 -0.026392751371188877 -0.02425883240223425 -0.022444120037528003 -0.020881985465443544 -0.01952313412998392 -0.018330313748949324 
0.9975 -0.01570731731182083 -0.013575286539167196 -0.011952802149380813 -0.010676714007346755 -0.009646798752693985 -0.008798092705762721 -0.008086640728981888 -0.007481639528300746 -0.006960861308894196 -0.006507863816913314 -0.0061102230691318675 
