1 13.937748754296674 0.9975933958028017 
2 1.2881578304507162 0.09219980694609287 
3 0.1213738026232002 0.008687321464526379 
4 0.011552145510613288 0.0008268440098827382 
5 0.0011047469288811534 7.907218444768699e-5 
6 0.00010581680672209839 7.573830567032182e-6 
7 1.0136940754772049e-5 7.255508281053932e-7 
8 9.712800658504439e-7 6.95193030272275e-8 
9 9.318813010498548e-8 6.6699339182224265e-9 
10 8.965740550444758e-9 6.417222550986073e-10 
11 8.702214582248474e-10 6.228604022894074e-11 
12 1.210739358050424e-10 8.665858517913683e-12 
13 8.129471698099509e-11 5.818663702694287e-12 
14 8.079779925946343e-11 5.783096851404581e-12 
15 8.102566791765587e-11 5.799406534735123e-12 
16 8.100652158949038e-11 5.798036137630936e-12 
17 8.096683000306005e-11 5.79519521509819e-12 
18 8.095395571832444e-11 5.794273739065414e-12 
19 8.098163779608053e-11 5.796255081851714e-12 
20 8.091872365668078e-11 5.791752006708502e-12 
21 8.097421626717247e-11 5.7957238864373065e-12 
22 8.097284662340464e-11 5.795625854280071e-12 
23 8.096968901610167e-11 5.795399848757407e-12 
24 8.098612374435047e-11 5.7965761632865205e-12 
25 8.098157889279977e-11 5.796250865853498e-12 
26 8.101753802695705e-11 5.798824638374906e-12 
27 8.10191650714733e-11 5.798941093972772e-12 
28 8.101079515711553e-11 5.798342017935892e-12 
29 8.102877522062917e-11 5.799628939728896e-12 
30 8.093625688364811e-11 5.793006946206843e-12 
31 8.095951070324546e-11 5.794671336724024e-12 
32 8.098132040293755e-11 5.7962323644596236e-12 
33 8.104297843471576e-11 5.800645533787358e-12 
34 8.105285286785755e-11 5.801352295651359e-12 
35 8.100464299396027e-11 5.797901677286783e-12 
36 8.10163453425908e-11 5.798739272074506e-12 
37 8.106710088177379e-11 5.802372096254505e-12 
38 8.103517042460595e-11 5.800086676007869e-12 
39 8.100755987690308e-11 5.7981104529801444e-12 
40 8.1023749580181e-11 5.799269229864043e-12 
41 8.097946855482255e-11 5.7960998185598426e-12 
42 8.096488769663624e-11 5.795056194651261e-12 
43 8.088847150963432e-11 5.789586711391846e-12 
44 8.10114406933595e-11 5.798388222147569e-12 
45 8.09498112701929e-11 5.793977100479216e-12 
46 8.094174393358827e-11 5.793399681423931e-12 
47 8.093952976763918e-11 5.793241202650425e-12 
48 8.101648330341507e-11 5.7987491466108896e-12 
49 8.093322872273645e-11 5.7927902058006155e-12 
50 8.102031960466654e-11 5.799023729605621e-12 
51 8.099072654769022e-11 5.796905608614805e-12 
52 8.09561179914043e-11 5.794428503610423e-12 
53 8.090635331488824e-11 5.7908666003567576e-12 
54 8.102471308157573e-11 5.7993381924092264e-12 
55 8.108831596053294e-11 5.803890564038267e-12 
56 8.103138856954946e-11 5.799815989995749e-12 
57 8.106165779483288e-11 5.801982507686025e-12 
58 8.10526418529849e-11 5.801337192276553e-12 
59 8.106974127586419e-11 5.802561082277523e-12 
60 8.102320111112713e-11 5.7992299732297334e-12 
61 8.095974768295654e-11 5.79468829853033e-12 
62 8.093507433836855e-11 5.792922305610867e-12 
63 8.098826888424069e-11 5.7967297015246735e-12 
64 8.101294015554614e-11 5.7984955460490835e-12 
65 8.098576859287524e-11 5.79655074334443e-12 
66 8.097624748899225e-11 5.795869270997507e-12 
67 8.111189713967199e-11 5.805578385291833e-12 
68 8.103331367865088e-11 5.7999537795455266e-12 
69 8.104596575614932e-11 5.800859351110787e-12 
70 8.092956227390225e-11 5.792527779980813e-12 
71 8.097006155098156e-11 5.795426512915474e-12 
72 8.094983333520936e-11 5.793978679781231e-12 
73 8.09909617284598e-11 5.796922441661999e-12 
74 8.093197016028061e-11 5.792700124280545e-12 
75 8.094641424358414e-11 5.793733958536424e-12 
76 8.089905507185262e-11 5.790344229120079e-12 
77 8.097301193886137e-11 5.795637686722367e-12 
78 8.092280341795463e-11 5.7920440153373696e-12 
79 8.091752228521284e-11 5.7916660186294045e-12 
80 8.089727729193951e-11 5.790216984646688e-12 
81 8.097423965297575e-11 5.795725560274547e-12 
82 8.104552762562203e-11 5.800827991948828e-12 
83 8.10068375389842e-11 5.798058751693938e-12 
84 8.097993619633741e-11 5.79613328996868e-12 
85 8.100743477149234e-11 5.798101498569089e-12 
86 8.104095793866557e-11 5.800500916923369e-12 
87 8.099382612739468e-11 5.79712746081615e-12 
88 8.103085420229782e-11 5.7997777426969505e-12 
89 8.102382959460101e-11 5.799274956890579e-12 
90 8.100801504408874e-11 5.798143031539739e-12 
91 8.095777075694627e-11 5.794546800188912e-12 
92 8.096433759736991e-11 5.795016821334608e-12 
93 8.099670080461572e-11 5.797333215637917e-12 
94 8.104928324344824e-11 5.8010968000330195e-12 
95 8.10099121528712e-11 5.798278816968638e-12 
96 8.10493118384641e-11 5.801098846719287e-12 
97 8.109556189618689e-11 5.8044091913777474e-12 
98 8.101608822686041e-11 5.7987208690340215e-12 
99 8.109872123727832e-11 5.804635320996201e-12 
100 8.100803056628313e-11 5.79814414253972e-12 
101 8.09863580082449e-11 5.7965929307084385e-12 
102 8.093704498849813e-11 5.793063354756562e-12 
103 8.101543770064407e-11 5.7986743076654206e-12 
104 8.09542856933856e-11 5.794297357007422e-12 
105 8.098382323095226e-11 5.79641150420036e-12 
106 8.102600798964189e-11 5.799430875363823e-12 
107 8.098840351864465e-11 5.7967393379727545e-12 
108 8.095238722014095e-11 5.794161473917236e-12 
109 8.088566248451481e-11 5.78938565561467e-12 
110 8.08864722898506e-11 5.7894436173751465e-12 
111 8.093685533613006e-11 5.7930497804015335e-12 
112 8.095430134913128e-11 5.794298477566329e-12 
113 8.103628517633206e-11 5.800166464284981e-12 
114 8.095895310788028e-11 5.794631426874619e-12 
115 8.097351558813868e-11 5.795673735384291e-12 
116 8.098607835292876e-11 5.796572914398675e-12 
117 8.098157658799555e-11 5.796250700887297e-12 
118 8.097187093209189e-11 5.795556019242355e-12 
119 8.098943244118349e-11 5.796812983031769e-12 
120 8.097520739150591e-11 5.795794826092404e-12 
121 8.095821052776835e-11 5.7945782767548555e-12 
122 8.097466987908504e-11 5.795756353678338e-12 
123 8.098002211206126e-11 5.7961394393806275e-12 
124 8.101752195885258e-11 5.7988234883014485e-12 
125 8.100929664091733e-11 5.798234761743434e-12 
126 8.091125760701232e-11 5.791217624723771e-12 
127 8.09555956338945e-11 5.794391115908061e-12 
128 8.091765680794773e-11 5.791675647084779e-12 
129 8.09828690521737e-11 5.7963432089207795e-12 
130 8.102100824039432e-11 5.799073018659848e-12 
131 8.104144155828061e-11 5.800535531963614e-12 
132 8.100613582673983e-11 5.798008526688948e-12 
133 8.100734482731204e-11 5.798095060820652e-12 
