0.0033333333333333335 0.02094241988335696 0.0195355193652362 0.017989434311202975 0.016597602717501138 0.015383188355341276 0.01432577568814646 0.013400488635050072 0.012585447622727463 0.01186268184747026 0.011217661663722692 0.010638639027383824 
0.01 0.06279051952931337 0.0535193101655313 0.047053809856331404 0.0421861241758924 0.03834950536760783 0.03522727629624374 0.03262452865820723 0.03041351759322352 0.02850656656465272 0.02684125710723706 0.025371785641473653 
0.016666666666666666 0.10452846326765346 0.09014671844798623 0.0790662393708775 0.07038269327168198 0.06344553706841792 0.05779907141534445 0.053123168915770874 0.049190261464046585 0.04583613647603107 0.04294037764949432 0.040413236755025644 
0.023333333333333334 0.14608302856241162 0.1264111766666589 0.1113012931235312 0.0993138929498019 0.08958952346473993 0.08156514200854985 0.07484943960058127 0.06915968722695486 0.06428616109161274 0.06007031266503775 0.05639048639585729 
0.03 0.1873813145857246 0.16229100142858294 0.14307918000063918 0.1278825698202614 0.11554644888277384 0.1053291819240967 0.09673252435025712 0.08940690319593954 0.0830977438627023 0.07761403522926832 0.07280909239463541 
0.03666666666666667 0.22835087011065572 0.19796942177420696 0.17463103199157218 0.15617532191730538 0.1412173383590307 0.1288417492307776 0.11842724878952496 0.10954012427051235 0.10186868754134926 0.09518254239145037 0.08930698646129845 
0.043333333333333335 0.2689198206152657 0.23342997807952917 0.2060503424938959 0.18434563496621453 0.16674356133211043 0.15218849559537556 0.13995067542225426 0.12951375932823717 0.12050464186634402 0.11264800758936386 0.10573640348610235 
0.05 0.3090169943749474 0.26862375128778787 0.23731668947244883 0.2124233719670513 0.19219673675106638 0.17545717102514527 0.16138255785795297 0.14938470390739064 0.13903388074489412 0.1300105528886513 0.1220731565232352 
0.056666666666666664 0.3485720473218152 0.30350812500396795 0.26839637788997306 0.2403878342993708 0.21757988979747203 0.1986757839252797 0.18276767201046193 0.169203179875904 0.1575024977039049 0.14730599259136054 0.13833988840744713 
0.06333333333333334 0.387515586452103 0.3380419654710408 0.29926216966566166 0.2682163384929101 0.24287609928502557 0.22183867223244272 0.204114534310553 0.18898990179936542 0.17593855064372804 0.16456448844444704 0.15456458798909953 
0.07 0.4257792915650727 0.372183615448804 0.3298885369051521 0.2958909145892908 0.26807028835801383 0.24493325636138139 0.22541583444486485 0.20874544218487498 0.19435060929093095 0.18180073279359388 0.1707654227013082 
0.07666666666666666 0.4632960351198618 0.4058911334643611 0.3602493893744484 0.3233946288704382 0.29315002196316475 0.2679494165475996 0.24666255398448933 0.22846317593499024 0.212736380561722 0.1990174669216534 0.1869496039338188 
0.08333333333333333 0.5 0.4391224060347842 0.3903179724884399 0.35071089427454993 0.31810337906738734 0.29087815928564065 0.2678477012763696 0.2481366675063112 0.23109047456516016 0.2162116593352592 0.20311721280954867 
0.09 0.5358267949789967 0.4718351410101425 0.420066677382036 0.37782206139457086 0.3429198202717606 0.3137107361176576 0.2889646038042092 0.26776091644606587 0.24940824633422318 0.2333791005475905 0.21926531157902318 
0.09666666666666666 0.5707135676844317 0.5039868636482283 0.4494681834263912 0.40470843427285014 0.3675876168668554 0.3364402104115897 0.31000666987283865 0.2873308955709197 0.2676860035030308 0.25051637659487813 0.23539065699462403 
0.10333333333333333 0.6045991148623748 0.5355348068325615 0.4784946133829681 0.4313525947046993 0.3920917109347932 0.3590589977546573 0.330969000404528 0.30684155983381006 0.2859199074738933 0.26762068663199007 0.2514906889733082 
0.11 0.6374239897486897 0.5664360877314193 0.5071157335023176 0.45773717386019896 0.416419824132399 0.38155572397955045 0.3518467438677048 0.3262892066902131 0.3041060549571069 0.2846890593548953 0.2675632352938196 
0.11666666666666667 0.6691306063588582 0.5966476596237141 0.5353035170214442 0.4838384821368245 0.44056263989199984 0.4039201060356016 0.3726318226338528 0.3456706203884977 0.32224152384408716 0.3017184447543368 0.2836059643398167 
0.12333333333333334 0.6996633405133654 0.6261257498991162 0.5630295471545436 0.5096365684851404 0.46450342322357796 0.42614678944844314 0.3933153270021478 0.3649803550014458 0.340324034589792 0.31870648410765096 0.29961646819020366 
0.13 0.7289686274214116 0.6548272134947617 0.5902581764164152 0.5351177306357773 0.4882229442013506 0.4482270928554682 0.4138925363951396 0.3842111826472988 0.35834998230752163 0.33565144788445966 0.31559282041336545 
0.13666666666666666 0.7569950556517565 0.6827085359210598 0.6169607165340106 0.560254767064195 0.5117134078940709 0.47014464602228584 0.43435988315103696 0.4033581208360394 0.3763139026521041 0.3525509175347278 0.3315336404864583 
0.14333333333333334 0.7836934573258398 0.7097237024932459 0.6431116225956561 0.585017609042192 0.5349650905208948 0.49188787011374907 0.4547074938792939 0.4224191266754695 0.3942109345441816 0.3694009437043875 0.34743724892296635 
0.15 0.8090169943749475 0.7358311820479215 0.6686653449096904 0.609397486503754 0.5579504832378274 0.5134549498692024 0.4749222881899271 0.44138982536811555 0.41203885981830546 0.38619725618000206 0.3633008473515108 
0.15666666666666668 0.8329212407100995 0.7609870540539095 0.6935885001895765 0.6333745061880864 0.580648486832356 0.53483616977945 0.4949986162513347 0.4602605886367055 0.42979593182345993 0.4029372446005252 0.379120953569636 
0.16333333333333333 0.8553642601605067 0.7851389332183694 0.7178673392393544 0.6569004660471979 0.6030597651692683 0.5560074420089547 0.5149362082580271 0.479022333905751 0.4474769434963117 0.4196197972980191 0.39489485266915325 
0.17 0.8763066800438637 0.808253218507744 0.741445950666319 0.6799552911001395 0.6251698342876177 0.5769536520608276 0.5347256633394285 0.4976727381946345 0.4650737273588713 0.4362426094039733 0.410621293523846 
0.17666666666666667 0.8957117602394129 0.8302859275947364 0.7642697871631989 0.7025431222852914 0.6469357783881579 0.5976780056559463 0.5543473715343428 0.5162114604216397 0.482580492795221 0.45280036040686084 0.426299240978151 
0.18333333333333332 0.9135454576426009 0.8511666317986147 0.786345286796904 0.7246161100621129 0.6683365267177781 0.6181726646987759 0.5737896541262852 0.5346300017436233 0.4999964853548197 0.46928672563200696 0.44192587518270493 
0.19 0.9297764858882515 0.8708830718032875 0.8076276972526578 0.7461100403469704 0.689383381864871 0.6384039381739798 0.5930554772493695 0.5529128245971456 0.5173209457355537 0.48569821889462894 0.45749634907566267 
0.19666666666666666 0.9443763702374811 0.8893983842048808 0.8280149217478182 0.7670313332168823 0.7100556988108874 0.6583466755482099 0.6121420660182463 0.5710504598023839 0.5345464889603072 0.5020347090566951 0.47300604903097637 
0.20333333333333334 0.9573194975320674 0.9065978091908619 0.8475087835673806 0.787384357487209 0.7302911646685856 0.6780074764267976 0.631025696286426 0.5890447938093245 0.5516608815173806 0.5182950738251023 0.4884529677292546 
0.21 0.9685831611286311 0.922498100039997 0.8661278577834801 0.8070806173349686 0.7500638129713227 0.69738747620747 0.6496807187069138 0.6068958982229226 0.5686562997417483 0.5344730150733574 0.5038371455684357 
0.21666666666666667 0.9781476007338057 0.9371106951844662 0.8837394564671553 0.8260477347193914 0.769397005634701 0.7164470798970671 0.6681047487267319 0.6245885046647901 0.5855335443934557 0.5505588671993137 0.5191572390477877 
0.22333333333333333 0.985996037070505 0.9502434688590418 0.9002498422755815 0.8443221503620482 0.7882719274448461 0.7351408269272252 0.6863062381743914 0.642100081504146 0.6022938768071663 0.566546129436161 0.5344079078290196 
0.23 0.9921147013144779 0.9618838878153604 0.9157430012787219 0.8619064464903302 0.8066029536296776 0.7534668809993743 0.7042700818434147 0.6594212511010438 0.6189281698886354 0.5824347878469739 0.5495814541871843 
0.23666666666666666 0.9964928592495044 0.9721950939966832 0.9301948624818152 0.8786660507009012 0.8243400871319316 0.7714421015682611 0.7219567726584055 0.6765581898108629 0.6354186360700724 0.5982263624183765 0.5646724813571135 
0.24333333333333335 0.9991228300988584 0.9809654197626713 0.9433755215996865 0.8945030471582676 0.8415169011854787 0.7890382069246498 0.7393405253790022 0.6935105252886296 0.6517527001475737 0.613915738507491 0.5796804228863843 
0.25 1.0 0.987960440036921 0.9552284920057001 0.9094879548931071 0.8581416891194695 0.8061851707233343 0.7564281823536179 0.7102551871595777 0.6679312296161329 0.6294898511070293 0.5946066455270257 
0.25666666666666665 0.9991228300988584 0.9933616339793819 0.9659377632883344 0.9236546534428116 0.8741081764468566 0.8228432627730269 0.7732271345414584 0.7267611430839735 0.683958757297492 0.6449359524161163 0.6094485270467299 
0.2633333333333333 0.9964928592495044 0.997379421308023 0.9754586125799436 0.9368064981808292 0.8892992478766737 0.8390339439210174 0.7897079243164707 0.7430163726847127 0.6998266953248917 0.6602504128239736 0.6241968356037801 
0.27 0.9921147013144778 0.9995247851588651 0.9833751543649291 0.9487535840922023 0.9037395794546784 0.8547733395420537 0.8058162012638387 0.7590289918812144 0.7155114232535749 0.6754369945848517 0.6388403100142743 
0.27666666666666667 0.985996037070505 0.9999685977744078 0.9896089320237568 0.9596244031504023 0.9175165127304049 0.8699931630663527 0.8215190350979049 0.7747992317816602 0.7309914285298613 0.690495246471722 0.6533728835411042 
0.2833333333333333 0.9781476007338057 0.9986136025610665 0.9945487517384848 0.9695817326892456 0.9305337542747384 0.8845745949648698 0.8368254198319263 0.7902993887820865 0.7462626639226028 0.7054121697378645 0.6677954554052854 
0.29 0.9685831611286312 0.9954122242598207 0.9981117282227451 0.97834387728595 0.9425325791821729 0.8984832070238764 0.8517518485483561 0.8054876726385628 0.7613318250359129 0.7201674655799175 0.6821104116983449 
0.2966666666666667 0.9573194975320672 0.9905613222104387 0.9998338560742824 0.9854578508629424 0.9534586851690856 0.9118065384690179 0.8662640593270247 0.8203376432298505 0.7761947322500525 0.7347473552068643 0.6963131468916391 
0.30333333333333334 0.9443763702374811 0.9837954437914003 0.9998196835706752 0.9910420647881056 0.9635618739661294 0.9245671481771899 0.8802649647382822 0.8348496728617022 0.7908262572907923 0.7491518250544257 0.7103892265824685 
0.31 0.9297764858882515 0.9750508618315731 0.9979019335518311 0.995628063596317 0.9728738389456513 0.9365535377770503 0.893676562285901 0.8490343110241851 0.8051936187519867 0.7633856404274156 0.7243228168395157 
0.31666666666666665 0.913545457642601 0.9644596908497854 0.9942223045132135 0.9987409884794566 0.980881951915852 0.9475386312245033 0.9065383922808598 0.8628783350620832 0.8192763401012618 0.7774420200608112 0.7381063385774581 
0.3233333333333333 0.895711760239413 0.9519640420868793 0.988828866787905 1.0000331534698637 0.9872482766094902 0.9576426717480777 0.9189406700352869 0.8763176095372551 0.833071089487689 0.7912987042903202 0.7517408199519864 
0.33 0.8763066800438635 0.93750892480153 0.981235469880979 0.9995040527260487 0.9923293027966356 0.9671404002956943 0.9308028414315237 0.8892632806632351 0.8465812000371745 0.8049295725573852 0.765228874426614 
0.33666666666666667 0.8553642601605067 0.9211155450787323 0.9714761368005146 0.997044427426052 0.9966055856486381 0.9758424695644221 0.9418479237354861 0.9016937191633816 0.8598010573560182 0.8183178496414524 0.7785637402904719 
0.3433333333333333 0.8329212407100995 0.9027741529282893 0.9596793980919364 0.9929093404158208 0.999267147266027 0.9830915003452017 0.9519640421992851 0.9136937544763488 0.872695195481671 0.831460331572088 0.7917251774357205 
0.35 0.8090169943749475 0.8824739101264544 0.9456557460384657 0.9868294690282602 1.000098516800187 0.988793884363739 0.9614271762900544 0.9253051046792351 0.8851907052372315 0.8443567593915067 0.8046908248508807 
0.3566666666666667 0.7836934573258398 0.8602261213101081 0.9293026289874602 0.9782480636894058 0.9990225603202816 0.9935276798997144 0.9704195186291633 0.9363401028721022 0.8972275173001327 0.8569990829144549 0.8174486410871478 
0.36333333333333334 0.7569950556517564 0.8360409460841562 0.9106167025108513 0.967322216171907 0.9960599942846006 0.9974794587644817 0.978493480654704 0.9465306333075773 0.9088377872063015 0.8693697992595978 0.8299955590967784 
0.37 0.7289686274214114 0.8099330153689484 0.8895088952843584 0.9540438308188471 0.9914299719541837 0.9996762167826161 0.9850036412027385 0.9559320125472711 0.9201130904890696 0.8814222325401695 0.8423284365198094 
0.37666666666666665 0.6996633405133657 0.781926766341493 0.8659043113623144 0.9380673929393224 0.9844832424715019 1.0000172230849598 0.9901512199786182 0.9649001029033726 0.9310121191755423 0.8930869823088144 0.8544397990608601 
0.38333333333333336 0.669130606358858 0.752052290319523 0.8397690154743545 0.9192603020010043 0.9747514528148029 0.9983899040855673 0.9946732455835754 0.9734231447174211 0.9412709759597624 0.9043463174696431 0.866317960050983 
0.39 0.6374239897486899 0.7203467364121723 0.8110537847743454 0.8975124848928753 0.9624304949978787 0.9949508611860972 0.9982311194505022 0.9808314678587877 0.950706545678559 0.9152682625765809 0.8779329031777136 
0.39666666666666667 0.6045991148623749 0.6868553269396341 0.7797195148501723 0.8725824770465216 0.9472433556750866 0.9897152094063911 0.9999606482895467 0.9866626640259748 0.9595457861187349 0.9259115591580939 0.8892289385454025 
0.4033333333333333 0.5707135676844317 0.6516308623599888 0.7457485366948404 0.8442842596637709 0.9286999222452295 0.9817042025346062 0.9997851892244246 0.9913948373723567 0.9681160242396164 0.9361429690638395 0.9001769461906257 
0.41 0.5358267949789967 0.614734142834419 0.7091323813949109 0.8124515776190128 0.9065632648898321 0.9706284888501749 0.9976188201485352 0.9957411376613197 0.9761528589214251 0.9456760443264588 0.9107717790372958 
0.4166666666666667 0.49999999999999994 0.5762341501197297 0.6698801128960726 0.776879630139529 0.8804528090361375 0.9565383418833303 0.9937016050011073 0.9988629460709372 0.9828732768376096 0.9544764742384768 0.9210794575631943 
0.42333333333333334 0.4632960351198616 0.5362080001462404 0.6280225818464434 0.7373872269003945 0.8498408822769782 0.938796959336424 0.987672647099103 1.0001114345910964 0.9881202018410329 0.9628823384723236 0.9312164785621128 
0.43 0.4257792915650729 0.49474094980553124 0.583612063538348 0.6938160152205575 0.8142407473636115 0.916716359728486 0.9783968246900809 0.999404099960345 0.9925687588697244 0.9710959878268193 0.9407383773076393 
0.43666666666666665 0.38751558645210316 0.4519262687842709 0.5367262363494124 0.6460252022935202 0.773073456298095 0.8897037294330702 0.9656800879476383 0.9967092416598575 0.9967135039315095 0.9786142826361235 0.9495711002031342 
0.44333333333333336 0.34857204732181535 0.4078650093793133 0.4874704893299166 0.5939209037428631 0.7256567208299104 0.856765121333757 0.949222718466282 0.9922661267705161 0.9993771724530857 0.9846433741940953 0.9582819389821496 
0.45 0.3090169943749475 0.3626656843153768 0.4359792765134522 0.5374701100546965 0.6712772318317215 0.8166199208545107 0.9278731538902615 0.9852106496384628 1.0001118375925762 0.9894154654255549 0.965748287408686 
0.45666666666666667 0.26891982061526576 0.31644387253300726 0.3824177430196587 0.4767180677790725 0.6091762436331744 0.7676756649249844 0.9005576599261633 0.9743991939662893 0.9988989711305083 0.9937178374193958 0.9737442792398231 
0.4633333333333333 0.22835087011065575 0.26932146321749106 0.3269818845532081 0.4118166725841152 0.5386209332358002 0.7076537368386087 0.8652750264100197 0.9596280802208978 0.9956173001765257 0.9975663867548452 0.9816786482473444 
0.47 0.18738131458572457 0.22142648863324807 0.2698958049753286 0.3430331392435618 0.45902905655042553 0.6335185210659788 0.8203391365757082 0.9396297285679008 0.9906525287508241 0.9997659926665131 0.9854743722797301 
0.4766666666666667 0.1460830285624115 0.17289447926602353 0.21141936083081136 0.27076242044511445 0.37001868454581954 0.5402904026939027 0.7575906699834319 0.9127913100271811 0.981907596936771 0.9999874218263712 0.9903967833473762 
0.48333333333333334 0.10452846326765373 0.1238106765437924 0.15182037455980957 0.19580365537909178 0.272861605704771 0.42452613961205565 0.6770027097419216 0.8770227736677554 0.9699165833951671 0.9983360580965722 0.9953539139861429 
0.49 0.06279051952931358 0.0742791667145232 0.09093312127681989 0.11729961198168923 0.16495115819536868 0.2700921300141535 0.5440091395881606 0.8214874615187545 0.9480980068502244 0.9908490016237737 0.9950559962912183 
0.49666666666666665 0.02094241988335711 0.0236475187254992 0.027176140697539052 0.03215096863429511 0.040602070824300326 0.0645143882047042 0.22034435041210473 0.5557350599977671 0.6816826829604455 0.7238995304225996 0.7318091180958735 
0.5033333333333333 -0.02094241988335731 -0.023647518725499417 -0.027176140697539188 -0.03215096863429524 -0.04060207082430045 -0.06451438820470429 -0.22034435041210218 -0.555735059997769 -0.6816826829604596 -0.7238995304226096 -0.7318091180958854 
0.51 -0.06279051952931379 -0.07427916671452311 -0.09093312127681982 -0.11729961198168923 -0.16495115819536868 -0.270092130014152 -0.5440091395881606 -0.8214874615187584 -0.9480980068502238 -0.9908490016237707 -0.9950559962912203 
0.5166666666666667 -0.1045284632676535 -0.1238106765437924 -0.1518203745598099 -0.19580365537909178 -0.2728616057047697 -0.42452613961205393 -0.6770027097419229 -0.8770227736677594 -0.9699165833951651 -0.998336058096571 -0.9953539139861438 
0.5233333333333333 -0.14608302856241212 -0.17289447926602383 -0.21141936083081161 -0.2707624204451142 -0.37001868454581754 -0.5402904026939054 -0.7575906699834336 -0.9127913100271833 -0.9819075969367692 -0.9999874218263741 -0.9903967833473742 
0.53 -0.18738131458572477 -0.2214264886332479 -0.26989580497532906 -0.3430331392435598 -0.4590290565504247 -0.6335185210659793 -0.8203391365757111 -0.9396297285679015 -0.990652528750823 -0.9997659926665184 -0.9854743722797287 
0.5366666666666666 -0.22835087011065594 -0.2693214632174914 -0.3269818845532078 -0.4118166725841137 -0.5386209332358008 -0.7076537368386078 -0.8652750264100237 -0.9596280802208975 -0.9956173001765244 -0.9975663867548484 -0.981678648247348 
0.5433333333333333 -0.26891982061526637 -0.31644387253300776 -0.3824177430196571 -0.47671806777907316 -0.6091762436331757 -0.7676756649249863 -0.9005576599261663 -0.9743991939662859 -0.9988989711305079 -0.9937178374193957 -0.9737442792398258 
0.55 -0.30901699437494773 -0.3626656843153764 -0.4359792765134513 -0.5374701100546978 -0.6712772318317191 -0.8166199208545138 -0.9278731538902618 -0.9852106496384602 -1.0001118375925795 -0.9894154654255543 -0.9657482874086873 
0.5566666666666666 -0.34857204732181557 -0.40786500937931197 -0.4874704893299177 -0.5939209037428632 -0.7256567208299077 -0.8567651213337606 -0.9492227184662811 -0.9922661267705147 -0.9993771724530891 -0.9846433741940953 -0.9582819389821546 
0.5633333333333334 -0.38751558645210293 -0.45192626878427156 -0.536726236349414 -0.6460252022935201 -0.7730734562980958 -0.8897037294330729 -0.9656800879476383 -0.9967092416598575 -0.9967135039315098 -0.9786142826361248 -0.9495711002031357 
0.57 -0.42577929156507266 -0.49474094980553257 -0.5836120635383488 -0.6938160152205551 -0.8142407473636133 -0.9167163597284869 -0.978396824690079 -0.9994040999603456 -0.9925687588697232 -0.9710959878268216 -0.9407383773076401 
0.5766666666666667 -0.4632960351198622 -0.536208000146241 -0.6280225818464434 -0.7373872269003935 -0.8498408822769782 -0.9387969593364227 -0.9876726470991 -1.000111434591099 -0.988120201841033 -0.9628823384723268 -0.9312164785621173 
0.5833333333333334 -0.5000000000000001 -0.5762341501197301 -0.6698801128960726 -0.7768796301395294 -0.8804528090361392 -0.9565383418833301 -0.993701605001105 -0.9988629460709388 -0.9828732768376109 -0.9544764742384775 -0.9210794575631993 
0.59 -0.5358267949789968 -0.6147341428344183 -0.7091323813949092 -0.8124515776190128 -0.9065632648898321 -0.9706284888501749 -0.9976188201485352 -0.995741137661321 -0.9761528589214271 -0.9456760443264565 -0.9107717790372987 
0.5966666666666667 -0.5707135676844323 -0.6516308623599875 -0.7457485366948389 -0.8442842596637709 -0.9286999222452279 -0.9817042025346054 -0.9997851892244264 -0.9913948373723559 -0.968116024239619 -0.9361429690638396 -0.900176946190625 
0.6033333333333334 -0.6045991148623752 -0.6868553269396344 -0.7797195148501721 -0.8725824770465241 -0.9472433556750859 -0.9897152094063885 -0.9999606482895517 -0.9866626640259745 -0.959545786118735 -0.9259115591580975 -0.8892289385454016 
0.61 -0.63742398974869 -0.7203467364121732 -0.8110537847743444 -0.8975124848928766 -0.9624304949978794 -0.9949508611860948 -0.9982311194505049 -0.9808314678587894 -0.9507065456785573 -0.9152682625765854 -0.877932903177715 
0.6166666666666667 -0.6691306063588582 -0.7520522903195228 -0.8397690154743539 -0.9192603020010041 -0.9747514528148022 -0.9983899040855669 -0.9946732455835771 -0.973423144717425 -0.9412709759597615 -0.9043463174696438 -0.8663179600509884 
0.6233333333333333 -0.6996633405133658 -0.7819267663414919 -0.8659043113623157 -0.9380673929393228 -0.9844832424714982 -1.0000172230849615 -0.9901512199786165 -0.9649001029033757 -0.9310121191755455 -0.8930869823088129 -0.8544397990608628 
0.63 -0.7289686274214119 -0.8099330153689464 -0.8895088952843591 -0.9540438308188471 -0.9914299719541793 -0.9996762167826205 -0.9850036412027365 -0.9559320125472709 -0.9201130904890741 -0.8814222325401699 -0.8423284365198074 
0.6366666666666667 -0.7569950556517562 -0.8360409460841559 -0.9106167025108514 -0.9673222161719063 -0.9960599942845979 -0.997479458764485 -0.9784934806547062 -0.9465306333075758 -0.9088377872063023 -0.8693697992596013 -0.829995559096776 
0.6433333333333333 -0.7836934573258402 -0.8602261213101084 -0.9293026289874596 -0.9782480636894036 -0.9990225603202816 -0.9935276798997131 -0.9704195186291646 -0.9363401028721046 -0.8972275173001322 -0.8569990829144571 -0.8174486410871459 
0.65 -0.8090169943749473 -0.8824739101264544 -0.9456557460384646 -0.9868294690282573 -1.0000985168001886 -0.9887938843637384 -0.9614271762900525 -0.9253051046792378 -0.8851907052372335 -0.8443567593915063 -0.8046908248508794 
0.6566666666666666 -0.8329212407100994 -0.9027741529282892 -0.9596793980919368 -0.9929093404158181 -0.999267147266028 -0.9830915003452037 -0.9519640421992858 -0.913693754476348 -0.8726951954816736 -0.8314603315720841 -0.7917251774357231 
0.6633333333333333 -0.855364260160507 -0.9211155450787315 -0.9714761368005139 -0.9970444274260502 -0.9966055856486391 -0.9758424695644234 -0.9418479237354879 -0.9016937191633818 -0.8598010573560184 -0.8183178496414497 -0.7785637402904745 
0.67 -0.8763066800438636 -0.9375089248015296 -0.9812354698809771 -0.9995040527260496 -0.9923293027966354 -0.9671404002956947 -0.930802841431525 -0.8892632806632371 -0.8465812000371744 -0.804929572557386 -0.765228874426613 
0.6766666666666666 -0.8957117602394129 -0.9519640420868798 -0.9888288667879028 -1.0000331534698645 -0.9872482766094912 -0.9576426717480774 -0.9189406700352896 -0.8763176095372565 -0.8330710894876869 -0.7912987042903243 -0.7517408199519837 
0.6833333333333333 -0.9135454576426013 -0.9644596908497854 -0.9942223045132116 -0.9987409884794559 -0.980881951915856 -0.9475386312245025 -0.906538392280861 -0.8628783350620839 -0.8192763401012583 -0.7774420200608142 -0.7381063385774571 
0.69 -0.9297764858882515 -0.975050861831572 -0.9979019335518295 -0.9956280635963167 -0.9728738389456532 -0.9365535377770523 -0.8936765622859001 -0.8490343110241851 -0.8051936187519884 -0.7633856404274136 -0.7243228168395184 
0.6966666666666667 -0.9443763702374811 -0.9837954437913989 -0.9998196835706739 -0.9910420647881063 -0.9635618739661289 -0.9245671481771952 -0.880264964738282 -0.8348496728616995 -0.7908262572907971 -0.7491518250544239 -0.7103892265824712 
0.7033333333333334 -0.9573194975320674 -0.990561322210438 -0.9998338560742827 -0.9854578508629437 -0.9534586851690849 -0.9118065384690214 -0.8662640593270267 -0.8203376432298471 -0.7761947322500523 -0.7347473552068665 -0.6963131468916399 
0.71 -0.9685831611286312 -0.9954122242598207 -0.9981117282227444 -0.978343877285953 -0.9425325791821729 -0.8984832070238745 -0.8517518485483567 -0.8054876726385646 -0.7613318250359102 -0.72016746557992 -0.6821104116983453 
0.7166666666666667 -0.9781476007338057 -0.9986136025610666 -0.9945487517384834 -0.9695817326892474 -0.9305337542747405 -0.8845745949648686 -0.8368254198319239 -0.7902993887820894 -0.7462626639226023 -0.7054121697378644 -0.6677954554052881 
0.7233333333333334 -0.985996037070505 -0.9999685977744078 -0.9896089320237564 -0.9596244031504028 -0.9175165127304089 -0.8699931630663527 -0.8215190350979034 -0.774799231781661 -0.7309914285298645 -0.6904952464717208 -0.653372883541106 
0.73 -0.9921147013144779 -0.9995247851588651 -0.9833751543649318 -0.9487535840922017 -0.9037395794546782 -0.8547733395420533 -0.8058162012638409 -0.7590289918812134 -0.7155114232535755 -0.6754369945848524 -0.6388403100142741 
0.7366666666666667 -0.9964928592495044 -0.997379421308023 -0.9754586125799455 -0.9368064981808311 -0.8892992478766724 -0.8390339439210158 -0.7897079243164724 -0.7430163726847133 -0.699826695324891 -0.6602504128239762 -0.624196835603778 
0.7433333333333333 -0.9991228300988584 -0.9933616339793819 -0.9659377632883336 -0.9236546534428146 -0.8741081764468573 -0.8228432627730257 -0.7732271345414574 -0.7267611430839751 -0.6839587572974928 -0.6449359524161167 -0.609448527046729 
0.75 -1.0 -0.9879604400369213 -0.9552284920057008 -0.9094879548931084 -0.8581416891194686 -0.8061851707233356 -0.7564281823536178 -0.7102551871595785 -0.6679312296161347 -0.6294898511070273 -0.594606645527027 
0.7566666666666667 -0.9991228300988584 -0.9809654197626715 -0.9433755215996888 -0.8945030471582682 -0.8415169011854774 -0.7890382069246503 -0.7393405253790043 -0.6935105252886302 -0.6517527001475759 -0.6139157385074884 -0.5796804228863882 
0.7633333333333333 -0.9964928592495044 -0.9721950939966831 -0.9301948624818175 -0.8786660507009008 -0.8243400871319321 -0.7714421015682601 -0.7219567726584073 -0.6765581898108642 -0.6354186360700709 -0.5982263624183763 -0.5646724813571175 
0.77 -0.9921147013144778 -0.9618838878153604 -0.9157430012787228 -0.8619064464903284 -0.8066029536296793 -0.7534668809993738 -0.7042700818434153 -0.6594212511010478 -0.6189281698886323 -0.5824347878469783 -0.5495814541871834 
0.7766666666666666 -0.9859960370705049 -0.950243468859042 -0.9002498422755815 -0.8443221503620478 -0.7882719274448461 -0.7351408269272257 -0.6863062381743931 -0.6421000815041458 -0.6022938768071674 -0.566546129436163 -0.5344079078290163 
0.7833333333333333 -0.9781476007338056 -0.9371106951844662 -0.8837394564671553 -0.8260477347193924 -0.769397005634701 -0.7164470798970679 -0.6681047487267362 -0.6245885046647872 -0.58553354439346 -0.5505588671993116 -0.5191572390477889 
0.79 -0.9685831611286311 -0.922498100039997 -0.8661278577834801 -0.8070806173349684 -0.7500638129713223 -0.697387476207472 -0.6496807187069144 -0.6068958982229228 -0.5686562997417501 -0.5344730150733558 -0.5038371455684371 
0.7966666666666666 -0.9573194975320672 -0.9065978091908619 -0.8475087835673804 -0.7873843574872084 -0.7302911646685849 -0.6780074764268007 -0.6310256962864237 -0.589044793809328 -0.5516608815173784 -0.5182950738251023 -0.4884529677292543 
0.8033333333333333 -0.944376370237481 -0.8893983842048808 -0.8280149217478183 -0.7670313332168816 -0.710055698810888 -0.658346675548211 -0.6121420660182463 -0.5710504598023862 -0.5345464889603042 -0.5020347090566951 -0.47300604903097593 
0.81 -0.9297764858882512 -0.8708830718032875 -0.8076276972526578 -0.746110040346969 -0.689383381864873 -0.6384039381739791 -0.5930554772493721 -0.5529128245971436 -0.5173209457355523 -0.4856982188946284 -0.4574963490756618 
0.8166666666666667 -0.9135454576426008 -0.8511666317986147 -0.7863452867969036 -0.7246161100621131 -0.668336526717779 -0.6181726646987752 -0.5737896541262869 -0.5346300017436206 -0.4999964853548193 -0.46928672563200485 -0.44192587518270393 
0.8233333333333334 -0.8957117602394127 -0.8302859275947362 -0.7642697871631978 -0.7025431222852947 -0.6469357783881565 -0.597678005655949 -0.5543473715343407 -0.5162114604216383 -0.48258049279522 -0.45280036040686 -0.42629924097814936 
0.83 -0.8763066800438634 -0.808253218507743 -0.7414459506663192 -0.6799552911001409 -0.6251698342876181 -0.5769536520608293 -0.5347256633394258 -0.4976727381946336 -0.4650737273588705 -0.43624260940397197 -0.410621293523845 
0.8366666666666667 -0.8553642601605064 -0.7851389332183683 -0.7178673392393564 -0.6569004660471965 -0.603059765169271 -0.5560074420089527 -0.514936208258026 -0.479022333905751 -0.4474769434963098 -0.4196197972980177 -0.39489485266915336 
0.8433333333333334 -0.8329212407100997 -0.7609870540539092 -0.6935885001895779 -0.6333745061880854 -0.5806484868323576 -0.5348361697794487 -0.4949986162513347 -0.4602605886367047 -0.42979593182345793 -0.40293724460052555 -0.3791209535696369 
0.85 -0.809016994374947 -0.7358311820479231 -0.6686653449096894 -0.6093974865037556 -0.5579504832378267 -0.5134549498692024 -0.4749222881899276 -0.44138982536811416 -0.41203885981830507 -0.3861972561800027 -0.3633008473515108 
0.8566666666666667 -0.7836934573258393 -0.709723702493247 -0.6431116225956564 -0.5850176090421945 -0.5349650905208946 -0.49188787011374935 -0.4547074938792929 -0.4224191266754682 -0.3942109345441816 -0.3694009437043877 -0.34743724892296723 
0.8633333333333333 -0.7569950556517565 -0.6827085359210597 -0.6169607165340109 -0.560254767064195 -0.5117134078940712 -0.47014464602228584 -0.43435988315103563 -0.4033581208360399 -0.3763139026521048 -0.3525509175347291 -0.3315336404864604 
0.87 -0.7289686274214109 -0.6548272134947609 -0.5902581764164159 -0.5351177306357764 -0.4882229442013519 -0.4482270928554676 -0.41389253639513895 -0.3842111826472995 -0.3583499823075223 -0.33565144788446055 -0.3155928204133668 
0.8766666666666667 -0.6996633405133654 -0.6261257498991146 -0.5630295471545443 -0.5096365684851413 -0.4645034232235782 -0.4261467894484415 -0.3933153270021478 -0.3649803550014455 -0.3403240345897927 -0.3187064841076519 -0.2996164681902047 
0.8833333333333333 -0.6691306063588581 -0.596647659623713 -0.5353035170214442 -0.48383848213682507 -0.4405626398919981 -0.403920106035601 -0.3726318226338531 -0.345670620388498 -0.32224152384408894 -0.3017184447543379 -0.28360596433981694 
0.89 -0.6374239897486896 -0.5664360877314202 -0.5071157335023176 -0.4577371738601982 -0.41641982413239814 -0.3815557239795511 -0.3518467438677047 -0.32628920669021416 -0.3041060549571081 -0.28468905935489586 -0.2675632352938196 
0.8966666666666666 -0.6045991148623747 -0.5355348068325616 -0.47849461338296817 -0.431352594704698 -0.3920917109347932 -0.35905899775465644 -0.3309690004045285 -0.30684155983381123 -0.2859199074738938 -0.26762068663199007 -0.2514906889733085 
0.9033333333333333 -0.5707135676844315 -0.503986863648228 -0.44946818342639067 -0.40470843427284975 -0.3675876168668554 -0.33644021041158984 -0.3100066698728393 -0.2873308955709203 -0.2676860035030307 -0.25051637659487846 -0.2353906569946246 
0.91 -0.5358267949789963 -0.4718351410101421 -0.4200666773820347 -0.3778220613945709 -0.3429198202717606 -0.31371073611765793 -0.2889646038042085 -0.2677609164460652 -0.2494082463342229 -0.2333791005475909 -0.21926531157902332 
0.9166666666666666 -0.49999999999999967 -0.43912240603478286 -0.3903179724884398 -0.35071089427454993 -0.3181033790673871 -0.2908781592856397 -0.2678477012763689 -0.2481366675063112 -0.2310904745651605 -0.2162116593352596 -0.20311721280954806 
0.9233333333333333 -0.46329603511986134 -0.40589113346436045 -0.36024938937444845 -0.3233946288704375 -0.2931500219631641 -0.2679494165475989 -0.24666255398448939 -0.22846317593499046 -0.212736380561722 -0.19901746692165312 -0.18694960393381835 
0.93 -0.4257792915650722 -0.372183615448804 -0.3298885369051521 -0.29589091458929073 -0.26807028835801316 -0.24493325636138108 -0.22541583444486485 -0.20874544218487462 -0.1943506092909308 -0.18180073279359366 -0.17076542270130887 
0.9366666666666666 -0.3875155864521025 -0.33804196547104054 -0.2992621696656613 -0.26821633849290943 -0.2428760992850249 -0.22183867223244258 -0.20411453431055285 -0.18898990179936542 -0.17593855064372846 -0.1645644884444476 -0.1545645879891002 
0.9433333333333334 -0.3485720473218147 -0.3035081250039678 -0.26839637788997306 -0.2403878342993703 -0.21757988979747192 -0.1986757839252797 -0.18276767201046193 -0.16920317987590466 -0.1575024977039055 -0.14730599259136082 -0.13833988840744696 
0.95 -0.3090169943749476 -0.2686237512877872 -0.2373166894724482 -0.2124233719670513 -0.19219673675106697 -0.17545717102514563 -0.1613825578579533 -0.1493847039073909 -0.13903388074489403 -0.13001055288865074 -0.12207315652323475 
0.9566666666666667 -0.26891982061526504 -0.2334299780795285 -0.20605034249389612 -0.1843456349662152 -0.16674356133211085 -0.1521884955953759 -0.13995067542225414 -0.12951375932823683 -0.1205046418663437 -0.11264800758936352 -0.10573640348610217 
0.9633333333333334 -0.22835087011065586 -0.1979694217742075 -0.17463103199157284 -0.1561753219173057 -0.1412173383590302 -0.12884174923077713 -0.11842724878952463 -0.10954012427051203 -0.10186868754134926 -0.09518254239145037 -0.08930698646129845 
0.97 -0.18738131458572468 -0.16229100142858285 -0.14307918000063868 -0.12788256982026072 -0.11554644888277317 -0.10532918192409632 -0.09673252435025695 -0.08940690319593954 -0.0830977438627023 -0.07761403522926838 -0.07280909239463558 
0.9766666666666667 -0.14608302856241073 -0.12641117666665824 -0.11130129312353078 -0.09931389294980184 -0.08958952346473993 -0.08156514200854996 -0.07484943960058144 -0.06915968722695502 -0.0642861610916129 -0.060070312665037914 -0.056390486395857455 
0.9833333333333333 -0.10452846326765342 -0.09014671844798626 -0.07906623937087773 -0.07038269327168231 -0.06344553706841809 -0.05779907141534461 -0.05312316891577102 -0.04919026146404671 -0.045836136476031186 -0.042940377649494474 -0.04041323675502581 
0.99 -0.06279051952931326 -0.0535193101655313 -0.04705380985633132 -0.04218612417589236 -0.03834950536760775 -0.035227276296243656 -0.03262452865820715 -0.030413517593223437 -0.028506566564652638 -0.026841257107236935 -0.025371785641473486 
0.9966666666666667 -0.02094241988335679 -0.019535519365236034 -0.017989434311202847 -0.016597602717501013 -0.015383188355341186 -0.014325775688146377 -0.013400488635049989 -0.01258544762272738 -0.011862681847470188 -0.011217661663722622 -0.01063863902738377 
