0.001953125 1.0 1.0 1.0 1.0 1.0 1.0 1.0 1.0 1.0 1.0 1.0 1.0 1.0 1.0 1.0 1.0 1.0 1.0 1.0 1.0 1.0 
0.005859375 1.0 1.0 1.0 1.0 1.0 1.0 1.0 1.0 1.0 1.0 1.0 1.0 1.0 1.0 1.0 1.0 1.0 1.0 1.0 1.0 1.0 
0.009765625 1.0 1.0 1.0 1.0 1.0 1.0 1.0 1.0 1.0 1.0 1.0 1.0 1.0 1.0 1.0 1.0 1.0 1.0 1.0 1.0 1.0 
0.013671875 1.0 1.0 1.0 1.0 1.0 1.0 1.0 1.0 1.0 1.0 1.0 1.0 1.0 1.0 1.0 1.0 1.0 1.0 1.0 1.0 1.0 
0.017578125 1.0 1.0 1.0 1.0 1.0 1.0 1.0 1.0 1.0 1.0 1.0 1.0 1.0 1.0 1.0 1.0 1.0 1.0 1.0 1.0 1.0 
0.021484375 1.0 1.0 1.0 1.0 1.0 1.0 1.0 1.0 1.0 1.0 1.0 1.0 1.0 1.0 1.0 1.0 1.0 1.0 1.0 1.0 1.0 
0.025390625 1.0 1.0 1.0 1.0 1.0 1.0 1.0 1.0 1.0 1.0 1.0 1.0 1.0 1.0 1.0 1.0 1.0 1.0 1.0 1.0 1.0 
0.029296875 1.0 1.0 1.0 1.0 1.0 1.0 1.0 1.0 1.0 1.0 1.0 1.0 1.0 1.0 1.0 1.0 1.0 1.0 1.0 1.0 1.0 
0.033203125 1.0 1.0 1.0 1.0 1.0 1.0 1.0 1.0 1.0 1.0 1.0 1.0 1.0 1.0 1.0 1.0 1.0 1.0 1.0 1.0 1.0 
0.037109375 1.0 1.0 1.0 1.0 1.0 1.0 1.0 1.0 1.0 1.0 1.0 1.0 1.0 1.0 1.0 1.0 1.0 1.0 1.0 1.0 1.0 
0.041015625 1.0 1.0 1.0 1.0 1.0 1.0 1.0 1.0 1.0 1.0 1.0 1.0 1.0 1.0 1.0 1.0 1.0 1.0 1.0 1.0 1.0 
0.044921875 1.0 1.0 1.0 1.0 1.0 1.0 1.0 1.0 1.0 1.0 1.0 1.0 1.0 1.0 1.0 1.0 1.0 1.0 1.0 1.0 1.0 
0.048828125 1.0 1.0 1.0 1.0 1.0 1.0 1.0 1.0 1.0 1.0 1.0 1.0 1.0 1.0 1.0 1.0 1.0 1.0 1.0 1.0 1.0 
0.052734375 1.0 1.0 1.0 1.0 1.0 1.0 1.0 1.0 1.0 1.0 1.0 1.0 1.0 1.0 1.0 1.0 1.0 1.0 1.0 1.0 1.0 
0.056640625 1.0 1.0 1.0 1.0 1.0 1.0 1.0 1.0 1.0 1.0 1.0 1.0 1.0 1.0 1.0 1.0 1.0 1.0 1.0 1.0 1.0 
0.060546875 1.0 1.0 1.0 1.0 1.0 1.0 1.0 1.0 1.0 1.0 1.0 1.0 1.0 1.0 1.0 1.0 1.0 1.0 1.0 1.0 1.0 
0.064453125 1.0 1.0 1.0 1.0 1.0 1.0 1.0 1.0 1.0 1.0 1.0 1.0 1.0 1.0 1.0 1.0 1.0 1.0 1.0 1.0 1.0 
0.068359375 1.0 1.0 1.0 1.0 1.0 1.0 1.0 1.0 1.0 1.0 1.0 1.0 1.0 1.0 1.0 1.0 1.0 1.0 1.0 1.0 1.0 
0.072265625 1.0 1.0 1.0 1.0 1.0 1.0 1.0 1.0 1.0 1.0 1.0 1.0 1.0 1.0 1.0 1.0 1.0 1.0 1.0 1.0 1.0 
0.076171875 1.0 1.0 1.0 1.0 1.0 1.0 1.0 1.0 1.0 1.0 1.0 1.0 1.0 1.0 1.0 1.0 1.0 1.0 1.0 1.0 1.0 
0.080078125 1.0 1.0 1.0 1.0 1.0 1.0 1.0 1.0 1.0 1.0 1.0 1.0 1.0 1.0 1.0 1.0 1.0 1.0 1.0 1.0 1.0 
0.083984375 1.0 1.0 1.0 1.0 1.0 1.0 1.0 1.0 1.0 1.0 1.0 1.0 1.0 1.0 1.0 1.0 1.0 1.0 1.0 1.0 1.0 
0.087890625 1.0 1.0 1.0 1.0 1.0 1.0 1.0 1.0 1.0 1.0 1.0 1.0 1.0 1.0 1.0 1.0 1.0 1.0 1.0 1.0 1.0 
0.091796875 1.0 1.0 1.0 1.0 1.0 1.0 1.0 1.0 1.0 1.0 1.0 1.0 1.0 1.0 1.0 1.0 1.0 1.0 1.0 1.0 0.9999999999999993 
0.095703125 1.0 1.0 1.0 1.0 1.0 1.0 1.0 1.0 1.0 1.0 1.0 1.0 1.0 1.0 1.0 1.0 1.0 1.0 1.0 1.0 1.000000000000002 
0.099609375 1.0 1.0 1.0 1.0 1.0 1.0 1.0 1.0 1.0 1.0 1.0 1.0 1.0 1.0 1.0 1.0 1.0 1.0 1.0 1.0 1.0000000000000204 
0.103515625 1.0 1.0 1.0 1.0 1.0 1.0 1.0 1.0 1.0 1.0 1.0 1.0 1.0 1.0 1.0 1.0 1.0 1.0 1.0 1.0 1.000000000000008 
0.107421875 1.0 1.0 1.0 1.0 1.0 1.0 1.0 1.0 1.0 1.0 1.0 1.0 1.0 1.0 1.0 1.0 1.0 1.0 1.0 1.0000000000000002 0.999999999999891 
0.111328125 1.0 1.0 1.0 1.0 1.0 1.0 1.0 1.0 1.0 1.0 1.0 1.0 1.0 1.0 1.0 1.0 1.0 1.0 1.0 1.0000000000000122 0.9999999999997502 
0.115234375 1.0 1.0 1.0 1.0 1.0 1.0 1.0 1.0 1.0 1.0 1.0 1.0 1.0 1.0 1.0 1.0 1.0 1.0 1.0 1.000000000000018 1.0000000000000127 
0.119140625 1.0 1.0 1.0 1.0 1.0 1.0 1.0 1.0 1.0 1.0 1.0 1.0 1.0 1.0 1.0 1.0 1.0 1.0 1.0 0.999999999999942 1.0000000000009057 
0.123046875 1.0 1.0 1.0 1.0 1.0 1.0 1.0 1.0 1.0 1.0 1.0 1.0 1.0 1.0 1.0 1.0 1.0 1.0 1.0000000000000033 0.9999999999997908 1.0000000000010854 
0.126953125 1.0 1.0 1.0 1.0 1.0 1.0 1.0 1.0 1.0 1.0 1.0 1.0 1.0 1.0 1.0 1.0 1.0 1.0 1.000000000000012 0.9999999999998669 0.9999999999978417 
0.130859375 1.0 1.0 1.0 1.0 1.0 1.0 1.0 1.0 1.0 1.0 1.0 1.0 1.0 1.0 1.0 1.0 1.0 1.0 0.9999999999999748 1.0000000000005556 0.9999999999925981 
0.134765625 1.0 1.0 1.0 1.0 1.0 1.0 1.0 1.0 1.0 1.0 1.0 1.0 1.0 1.0 1.0 1.0 1.0 1.0000000000000009 0.9999999999998469 1.0000000000011648 0.9999999999975804 
0.138671875 1.0 1.0 1.0 1.0 1.0 1.0 1.0 1.0 1.0 1.0 1.0 1.0 1.0 1.0 1.0 1.0 1.0 1.0000000000000033 0.9999999999998017 0.9999999999992427 1.0000000000245284 
0.142578125 1.0 1.0 1.0 1.0 1.0 1.0 1.0 1.0 1.0 1.0 1.0 1.0 1.0 1.0 1.0 1.0 1.0 0.9999999999999905 1.0000000000002507 0.9999999999941974 1.0000000000448253 
0.146484375 1.0 1.0 1.0 1.0 1.0 1.0 1.0 1.0 1.0 1.0 1.0 1.0 1.0 1.0 1.0 1.0 1.0 0.9999999999999041 1.000000000001012 0.9999999999946751 0.9999999999747939 
0.150390625 1.0 1.0 1.0 1.0 1.0 1.0 1.0 1.0 1.0 1.0 1.0 1.0 1.0 1.0 1.0 1.0 1.0000000000000016 0.9999999999998049 1.0000000000002018 1.000000000014809 0.9999999997971166 
0.154296875 1.0 1.0 1.0 1.0 1.0 1.0 1.0 1.0 1.0 1.0 1.0 1.0 1.0 1.0 1.0 1.0 1.0000000000000007 1.0000000000000326 0.9999999999960387 1.0000000000415834 0.9999999997847386 
0.158203125 1.0 1.0 1.0 1.0 1.0 1.0 1.0 1.0 1.0 1.0 1.0 1.0 1.0 1.0 1.0 1.0 0.9999999999999534 1.0000000000007403 0.9999999999936036 1.000000000004112 1.000000000400306 
0.162109375 1.0 1.0 1.0 1.0 1.0 1.0 1.0 1.0 1.0 1.0 1.0 1.0 1.0 1.0 1.0 1.0 0.9999999999998481 1.0000000000007188 1.0000000000066553 0.9999999998498348 1.0000000013845978 
0.166015625 1.0 1.0 1.0 1.0 1.0 1.0 1.0 1.0 1.0 1.0 1.0 1.0 1.0 1.0 1.0 1.0000000000000016 0.9999999999999089 0.999999999997777 1.0000000000343456 0.9999999997610152 1.0000000007632306 
0.169921875 1.0 1.0 1.0 1.0 1.0 1.0 1.0 1.0 1.0 1.0 1.0 1.0 1.0 1.0 1.0 0.9999999999999853 1.0000000000004385 0.9999999999939453 1.000000000023138 1.0000000001902127 0.9999999964085526 
0.173828125 1.0 1.0 1.0 1.0 1.0 1.0 1.0 1.0 1.0 1.0 1.0 1.0 1.0 1.0 1.0 0.9999999999999044 1.0000000000008615 1.0000000000006393 0.9999999999017253 1.000000001155465 0.9999999916200017 
0.177734375 1.0 1.0 1.0 1.0 1.0 1.0 1.0 1.0 1.0 1.0 1.0 1.0 1.0 1.0 1.0000000000000016 0.9999999999998626 0.9999999999991687 1.0000000000250604 0.9999999997684252 1.00000000110382 0.9999999985076187 
0.181640625 1.0 1.0 1.0 1.0 1.0 1.0 1.0 1.0 1.0 1.0 1.0 1.0 1.0 1.0 0.9999999999999987 1.0000000000001743 0.9999999999951901 1.0000000000324427 1.000000000024319 0.9999999976451307 1.0000000254711896 
0.185546875 1.0 1.0 1.0 1.0 1.0 1.0 1.0 1.0 1.0 1.0 1.0 1.0 1.0 1.0 0.9999999999999502 1.0000000000007414 0.9999999999969469 0.9999999999477084 1.0000000008919872 0.9999999924208747 1.0000000473831447 
0.189453125 1.0 1.0 1.0 1.0 1.0 1.0 1.0 1.0 1.0 1.0 1.0 1.0 1.0 1.0 0.9999999999998743 1.0000000000000888 1.0000000000155451 0.999999999799216 1.0000000012670647 0.9999999959343331 0.9999999974530845 
0.193359375 1.0 1.0 1.0 1.0 1.0 1.0 1.0 1.0 1.0 1.0 1.0 1.0 1.0 1.0000000000000013 0.9999999999999991 0.999999999996817 1.0000000000335694 0.9999999999076944 0.9999999987385924 1.0000000190980884 0.9999998438506743 
0.197265625 1.0 1.0 1.0 1.0 1.0 1.0 1.0 1.0 1.0 1.0 1.0 1.0 1.0 0.9999999999999828 1.0000000000004958 0.9999999999954061 0.9999999999840771 1.000000000621821 0.9999999935269233 1.000000045067532 0.9999997353699552 
0.201171875 1.0 1.0 1.0 1.0 1.0 1.0 1.0 1.0 1.0 1.0 1.0 1.0 1.0 0.9999999999999142 1.0000000000005311 1.0000000000072888 0.9999999998444515 1.0000000012727894 0.9999999941797567 1.0000000122650825 1.0000000145746148 
0.205078125 1.0 1.0 1.0 1.0 1.0 1.0 1.0 1.0 1.0 1.0 1.0 1.0 1.0000000000000016 0.9999999999999146 0.9999999999983695 1.0000000000287783 0.9999999998405411 0.9999999996399034 1.000000013041666 0.999999874017092 1.0000008278686794 
0.208984375 1.0 1.0 1.0 1.0 1.0 1.0 1.0 1.0 1.0 1.0 1.0 1.0 0.9999999999999982 1.0000000000002365 0.9999999999955258 1.000000000008823 1.0000000003705456 0.9999999948273127 1.0000000410406549 0.9999997430268006 1.0000014460929352 
0.212890625 1.0 1.0 1.0 1.0 1.0 1.0 1.0 1.0 1.0 1.0 1.0 1.0 0.9999999999999559 1.000000000000599 1.000000000001264 0.9999999998949469 1.000000001150879 0.9999999932318518 1.0000000238547733 0.9999999459120096 1.0000001749423741 
0.216796875 1.0 1.0 1.0 1.0 1.0 1.0 1.0 1.0 1.0 1.0 1.0 1.0 0.9999999999999046 0.999999999999545 1.0000000000207327 0.9999999998181783 1.0000000003156653 1.000000007557497 0.9999999038766288 1.0000006958386585 0.9999959586659563 
0.220703125 1.0 1.0 1.0 1.0 1.0 1.0 1.0 1.0 1.0 1.0 1.0 1.0 1.0000000000000457 0.9999999999966447 1.000000000021832 1.0000000001593496 0.9999999962036134 1.0000000356418013 0.9999997579978618 1.0000014050337989 0.9999912884861958 
0.224609375 1.0 1.0 1.0 1.0 1.0 1.0 1.0 1.0 1.0 1.0 1.0 0.9999999999999839 1.0000000000004399 0.9999999999978076 0.9999999999423366 1.0000000009392556 0.9999999930345295 1.000000032047943 0.9999998883207389 1.0000004406874488 0.9999931640463835 
0.228515625 1.0 1.0 1.0 1.0 1.0 1.0 1.0 1.0 1.0 1.0 1.0 0.9999999999999337 1.0000000000002094 1.0000000000120017 0.9999999998315401 1.0000000007517225 1.0000000028728357 0.9999999324675497 1.000000563019505 0.9999965261996399 1.0000074727404085 
0.232421875 1.0 1.0 1.0 1.0 1.0 1.0 1.0 1.0 1.0 1.0 1.0 0.9999999999999519 0.9999999999980909 1.0000000000247746 1.000000000002791 0.9999999975374539 1.0000000292771785 0.9999997795028254 1.0000013386882811 0.9999916901279716 1.0000263340876023 
0.236328125 1.0 1.0 1.0 1.0 1.0 1.0 1.0 1.0 1.0 1.0 0.9999999999999977 1.0000000000002192 0.9999999999966759 0.9999999999802034 1.000000000680692 0.9999999934863186 1.0000000367975268 0.9999998428550645 1.0000006716945735 0.9999927050166146 1.000016145294647 
0.240234375 1.0 1.0 1.0 1.0 1.0 1.0 1.0 1.0 1.0 1.0 0.9999999999999675 1.0000000000004108 1.0000000000046565 0.9999999998683907 1.0000000009556913 0.9999999991692199 0.9999999588185664 1.000000432203444 0.9999970935885041 1.0000060781053908 0.9999086209416358 
0.244140625 1.0 1.0 1.0 1.0 1.0 1.0 1.0 1.0 1.0 1.0 0.9999999999999336 0.9999999999993133 1.0000000000206648 0.9999999999069925 0.9999999987200138 1.0000000224082153 0.9999998065023727 1.0000012483182714 0.9999921543102516 1.0000253626082984 0.9995781751593744 
0.248046875 1.0 1.0 1.0 1.0 1.0 1.0 1.0 1.0 1.0 1.0 1.0000000000000473 0.9999999999971503 1.000000000004924 1.0000000004183371 0.9999999944426089 1.0000000382088152 0.9999998103380326 1.000000864366261 0.9999923266540458 1.0000184043923497 0.9987985719001272 
0.251953125 1.0 1.0 1.0 1.0 1.0 1.0 1.0 1.0 1.0 0.9999999999999917 1.0000000000003273 0.9999999999998994 0.999999999915169 1.0000000009576377 0.9999999965636749 0.9999999819915021 1.000000306435957 0.9999976546300561 1.000004677221504 0.999917982246056 0.9971505396900601 
0.255859375 1.0 1.0 1.0 1.0 1.0 1.0 1.0 1.0 1.0 0.9999999999999581 1.0000000000000402 1.000000000013194 0.9999999998688307 0.9999999996630591 1.0000000155317366 0.9999998376839813 1.0000011358223464 0.9999926801589234 1.0000242352469688 0.9995987252223633 0.9938990869559832 
0.259765625 1.0 1.0 1.0 1.0 1.0 1.0 1.0 1.0 1.0 0.9999999999999647 0.999999999998326 1.000000000016172 1.0000000001903504 0.999999995722962 1.0000000365623143 0.9999997912734189 1.0000010152495342 0.9999920377260435 1.0000204155570516 0.9988331319453504 0.9883866628447614 
0.263671875 1.0 1.0 1.0 1.0 1.0 1.0 1.0 1.0 0.9999999999999997 1.0000000000001452 0.9999999999978973 0.9999999999593048 1.0000000008079053 0.9999999950900573 1.0000000011380847 1.0000001889767245 0.9999982022255517 1.000003280367564 0.999927194379069 0.9971987264449936 0.9806481285275369 
0.267578125 1.0 1.0 1.0 1.0 1.0 1.0 1.0 1.0 0.9999999999999842 1.0000000000002698 1.000000000005781 0.9999999998764624 1.0000000003102436 1.000000009149856 0.9999998714605608 1.0000010038579081 0.9999932658252583 1.0000229505434495 0.9996195197227009 0.9939322253932891 0.9711846890834959 
0.271484375 1.0 1.0 1.0 1.0 1.0 1.0 1.0 1.0 0.9999999999999594 0.9999999999994308 1.0000000000166582 1.0000000000241867 0.9999999971248278 1.0000000323299154 0.9999997857394402 1.0000011211819864 0.9999918475214679 1.0000221631591444 0.998868465436278 0.9882877167364782 0.9605717119445824 
0.275390625 1.0 1.0 1.0 1.0 1.0 1.0 1.0 1.0 1.0000000000000153 0.9999999999979483 0.9999999999916749 1.0000000005713923 0.999999994683578 1.0000000155727362 1.0000000832278138 0.9999987282792973 1.000001899519085 0.9999362408776651 0.9972478471854271 0.9802533296340382 0.9492709370272644 
0.279296875 1.0 1.0 1.0 1.0 1.0 1.0 1.0 0.999999999999998 1.0000000000001947 1.000000000000718 0.9999999999117739 1.0000000006470278 1.0000000037282324 0.9999999059907911 1.000000855977393 0.9999939082006316 1.000021507537918 0.9996405834359515 0.9939669925081425 0.9703555343784357 0.9375898068590323 
0.283203125 1.0 1.0 1.0 1.0 1.0 1.0 1.0 0.9999999999999812 1.000000000000041 1.0000000000111013 0.9999999999317583 0.9999999984446678 1.0000000261780297 0.9999997932647771 1.000001179499907 0.9999917658365658 1.0000236299710183 0.9989047161335811 0.988183105710379 0.9592175871822889 0.9257126969140669 
0.287109375 1.0 1.0 1.0 1.0 1.0 1.0 1.0 0.9999999999999731 0.9999999999989013 1.0000000000084426 1.0000000003176914 0.9999999951727551 1.0000000248614231 0.9999999926135855 0.9999992236041715 1.000000548743266 0.9999451032676615 0.9972980971967327 0.9798260858354102 0.9473430976960417 0.9137471462128496 
0.291015625 1.0 1.0 1.0 1.0 1.0 1.0 1.0 1.000000000000056 0.9999999999986601 0.999999999954642 1.0000000007061653 0.9999999996424326 0.9999999392334153 1.00000069677161 0.999994602534077 1.0000199059554906 0.9996619430566481 0.9940035393043947 0.9694488623578295 0.9350670879443179 0.901758137494787 
0.294921875 1.0 1.0 1.0 1.0 1.0 1.0 0.9999999999999964 1.0000000000001639 1.0000000000044977 0.9999999999071063 0.9999999995062194 1.0000000189484406 0.9999998126914479 1.0000011883327333 0.9999918029091547 1.0000247967094218 0.9989420477001246 0.9880723295635299 0.9577291178174214 0.9225893101933405 0.8897873871053896 
0.298828125 1.0 1.0 1.0 1.0 1.0 1.0 0.9999999999999835 0.9999999999997534 1.0000000000115397 1.0000000001078364 0.9999999962853062 1.000000028923265 0.9999999203914218 0.9999996778535762 0.9999992447224301 0.9999537606149348 0.9973497364477699 0.9793618769918565 0.9452184266847402 0.9100253015594195 0.8778631084805483 
0.302734375 1.0 1.0 1.0 1.0 1.0 1.0 0.9999999999999895 0.999999999998775 0.9999999999884764 1.000000000565121 0.9999999971156259 0.9999999690523796 1.0000005320046172 0.9999953419190101 1.0000181465134337 0.9996836282512063 0.9940420480569453 0.9684525666777414 0.9322833148381954 0.8974443203448205 0.8660050987047774 
0.306640625 1.0 1.0 1.0 1.0 1.0 1.0 1.0000000000000735 1.00000000000026 0.9999999999285215 1.0000000001931029 1.000000011604857 0.9999998420372698 1.0000011470155266 0.9999919692572704 1.0000256414244135 0.9989806481169383 0.9879548314887987 0.9560843651695784 0.9191409445581196 0.884890567404758 0.8542276505482476 
0.310546875 1.0 1.0 1.0 1.0 1.0 0.9999999999999978 1.0000000000000824 1.00000000000708 0.9999999999798883 0.9999999976752926 1.000000028134123 0.9999998693659817 1.0000000795169093 0.9999980074457866 0.9999621887875817 0.997403108074222 0.978855255011591 0.9428641964913265 0.9059158037147964 0.8723938252447255 0.8425413511886745 
0.314453125 1.0 1.0 1.0 1.0 1.0 0.9999999999999881 0.9999999999995637 1.0000000000051508 1.000000000331437 0.9999999961563153 0.9999999933933716 1.000000368707888 0.9999961166061839 1.000016231429375 0.9997056730862554 0.9940827463116446 0.9673517896078693 0.9291948197705103 0.892681890407679 0.8599749484584209 0.8309542364387648 
0.318359375 1.0 1.0 1.0 1.0 1.0 0.999999999999999 0.9999999999990938 0.9999999999662592 1.0000000004785938 1.0000000051316102 0.9999998783853559 1.0000010566588486 0.9999922753477488 1.0000261386989042 0.9990207359585961 0.9878299922680281 0.9542562284786961 0.9153132293238783 0.8794861509491516 0.8476489843477818 0.8194725469651887 
0.322265625 1.0 1.0 1.0 1.0 1.0 1.0000000000000586 1.000000000001861 0.9999999999385207 0.9999999989785636 1.0000000234091184 0.9999998414754401 1.0000004160466702 0.9999968611186122 0.9999703592627837 0.9974586624455477 0.9782995834180398 0.940239889327744 0.9013539844287196 0.8663601079970251 0.8354270895025271 0.8081012321152166 
0.326171875 1.0 1.0 1.0 1.0 0.999999999999999 1.00000000000001 1.000000000006883 1.000000000114522 0.999999996514893 1.0000000105532 1.0000002151731946 0.9999969130925942 1.0000141652586965 0.9997281178940314 0.9941259291259403 0.9661280750389578 0.9257475223853474 0.8873963676154515 0.8533258006253825 0.8233177528095534 0.7968442897415622 
0.330078125 1.0 1.0 1.0 1.0 0.9999999999999947 0.9999999999995561 0.9999999999948286 1.0000000004396088 1.0000000003743605 0.9999999178537792 1.0000009209187983 0.9999927309667072 1.0000262586222586 0.9990625693894808 0.9876971253332314 0.9522108108211277 0.9110388666752156 0.8734903816521928 0.8403991346455063 0.8113275914819714 0.7857049957191846 
0.333984375 1.0 1.0 1.0 1.0 1.000000000000002 0.9999999999995928 0.9999999999554898 0.9999999998970027 1.0000000162203542 0.9999998372207738 1.0000006742373073 0.999995835341172 0.9999782372150741 0.9975169891105949 0.9776866813739463 0.9372947129683292 0.8962598843137167 0.8596694995753673 0.8275919274473443 0.7994618763607824 0.7746860560044917 
0.337890625 1.0 1.0 1.0 1.0 1.0000000000000366 1.0000000000025784 0.9999999999884778 0.9999999976901744 1.0000000195529533 1.000000080734137 0.9999977129365433 1.0000119562729874 0.9997510116011659 0.9941719948210916 0.9647581829242706 0.9218736132909665 0.8814957901082461 0.8459571067041495 0.8149132042236581 0.7877248803854979 0.76378970174874 
0.341796875 1.0 1.0 1.0 1.0 0.9999999999999826 1.0000000000043705 1.0000000002372007 0.9999999978284589 0.999999955739182 1.0000007469984364 0.9999933440726981 1.000025965512515 0.9991064591793053 0.987555474305744 0.9499051166267971 0.9062335362984818 0.8668000218583358 0.8323701041286273 0.8023700341051803 0.7761201066497299 0.7530177408255269 
0.345703125 1.0 1.0 1.0 0.9999999999999986 0.9999999999996814 0.999999999986769 1.0000000002957978 1.000000008479454 0.999999854934585 1.0000008410663959 0.9999949665986873 0.9999857784616613 0.9975788603145435 0.9770063276362425 0.933964096229586 0.890533447782735 0.8522082686201264 0.8189210925061583 0.789968073676622 0.7646504303073257 0.7423715752429874 
0.349609375 1.0 1.0 1.0 1.0000000000000002 0.999999999999914 0.9999999999624368 0.9999999990276651 1.0000000205893869 0.9999999751478211 0.9999984912782147 1.0000096187380685 0.9997744144534094 0.9942215032030086 0.9632123940377534 0.9174868803208093 0.8748652791178186 0.8377454744001336 0.8056197445231862 0.7777119173156852 0.7533181759160835 0.731852192167102 
0.353515625 1.0 1.0 1.0 1.000000000000015 1.0000000000021996 1.0000000000504172 0.9999999974207666 0.9999999869841427 1.0000005468575086 0.9999941187547413 1.0000252164033208 0.999152787729304 0.9874042162242588 0.9472837363694805 0.9007901373609191 0.8592863763692447 0.8234297203324549 0.7924736781615986 0.7656053134992656 0.7421251449950015 0.7214601359704913 
0.357421875 1.0 1.0 1.0 0.9999999999999961 1.0000000000017202 1.0000000002673481 1.0000000021918365 0.9999998899659553 1.0000009053570083 0.9999943000431721 0.9999929245624846 0.9976452922778065 0.976245554048728 0.9301646374412441 0.8840477900380326 0.8438349914507275 0.8092745570862168 0.7794890097824952 0.7536512831308695 0.7310726055033152 0.7111954693016536 
0.361328125 1.0 1.0 1.0 0.9999999999998451 0.9999999999854854 0.9999999999390031 1.0000000154457769 0.9999999072744001 0.9999992151510363 1.0000071767080594 0.9997984008391755 0.9942752718444294 0.9614520264238696 0.9124759813479165 0.867359457558019 0.8285379152178844 0.7952904525031865 0.7666706919986005 0.7418521636275629 0.7201612543287046 0.7010577321441231 
0.365234375 1.0 1.0 1.0 0.9999999999999573 0.999999999979137 0.9999999984076559 1.000000007167756 1.000000338443873 0.9999950516462592 1.0000239594342948 0.9992020371967222 0.9872424769451654 0.9442739540003869 0.8945705250280835 0.8507870056338162 0.8134146644947502 0.7814856914450183 0.7540226986805345 0.7302095969460548 0.7093911647339846 0.6910459087019105 
0.369140625 1.0 1.0 1.0000000000000016 1.000000000001222 1.0000000000838893 0.9999999988171107 0.9999999340610357 1.000000860846841 0.9999938913565081 0.999999594882903 0.9977176350398974 0.9753876138054336 0.9257866431829914 0.8766395758676 0.8343717190338314 0.7984799681047748 0.7678669184497143 0.7415480965102798 0.7187244784984149 0.6987617322022065 0.6811584122231852 
0.373046875 1.0 1.0 1.0000000000000013 1.0000000000006362 1.0000000001955505 1.0000000075570274 0.9999998826372375 0.9999998419786378 1.0000046704146601 0.9998230613737136 0.9943345383948332 0.9594256943432723 0.9066945275185367 0.8587916797823536 0.8181426390938541 0.7837452780801724 0.7544394342974937 0.7292490321482894 0.707396885180284 0.6882716333749522 0.6713930971511719 
0.376953125 1.0 1.0 0.9999999999999682 0.9999999999902806 0.9999999996035741 1.0000000141687795 1.0000001463397503 0.9999961257011926 1.0000221326209013 0.9992548315019926 0.9870693721593862 0.9407783202185059 0.8873933753426977 0.8410940441715473 0.8021210777236261 0.7692196684120017 0.7412073142886378 0.7171266615183226 0.6962260031046026 0.6779188129616708 0.6617473061035901 
0.380859375 1.0 1.0 0.9999999999999409 0.9999999999911487 0.9999999984601592 0.9999999756549302 1.0000007115221847 0.9999938079382903 1.0000056735474245 0.9977977104470742 0.974410430740381 0.9206827959911731 0.8680949700057639 0.8235916496825622 0.7863232478665537 0.7549103241312242 0.7281733962958232 0.7051810497070005 0.6852100773683872 0.6677005120219303 0.6522179560464272 
0.384765625 1.0 1.0 1.0000000000003018 1.000000000070979 1.0000000011631005 0.9999998995089944 1.000000319473038 1.0000021671515604 0.9998485021042876 0.9944012408808627 0.9570634882332532 0.8999460622811187 0.848918426024942 0.8063163691084663 0.770761800708037 0.7408227414077904 0.7153391810252829 0.693411073728532 0.6743464061522646 0.6576133475380691 0.6428016640124684 
0.388671875 1.0 1.0 1.0000000000005314 1.0000000001001736 1.0000000102159166 1.0000000002442737 0.9999972996023776 1.0000196643907164 0.9993119994724687 0.9868841031654307 0.9366630048434712 0.8790158971131288 0.829937450797831 0.7892918130203873 0.7554466579974493 0.7269607206261138 0.7027046905726733 0.6818143627762894 0.6636313982781515 0.6476534479246687 0.6334949076515041 
0.392578125 1.0 1.0 0.9999999999968984 0.9999999995309979 1.0000000025078326 1.0000004800971172 0.9999941271670537 1.0000109876315193 0.9978880350052467 0.9732841888897514 0.9146503791236584 0.8581286242217475 0.8112016934584392 0.7725360554685283 0.7403853599662945 0.7133262229720607 0.6902683364422375 0.6703873100361567 0.6530607071214454 0.6378166423193166 0.6242942106416467 
0.396484375 1.0 0.9999999999999956 0.9999999999947385 0.9999999990143573 0.9999999440602817 1.0000005902010654 0.9999997799280353 0.9998748354517355 0.9944785166808483 0.9542675713759248 0.8919605907010725 0.8374162110356161 0.7927467061105099 0.7560630985341773 0.7255830727941719 0.6999191668485798 0.6780268530073564 0.6591251830077648 0.6426294445256658 0.6280986934540347 0.6151963367939929 
0.400390625 1.0 0.9999999999999921 1.0000000000291667 1.000000002648104 0.9999999278260302 0.9999984906057977 1.000016479769705 0.9993746694154886 0.9866861739829765 0.9317388158025115 0.86910545507269 0.8169605835896971 0.7745990648981164 0.7398834941107029 0.7110423786191923 0.6867372478265114 0.6659753476910774 0.6480223490063559 0.6323324667906801 0.6184955555255579 0.6061984722610995 
0.404296875 1.0 1.000000000000057 1.0000000000516558 1.0000000084386476 1.0000002189602064 0.9999949254555464 1.0000152702213834 0.9979921985414529 0.9719674348567775 0.9074023294036458 0.8463514184309823 0.7968175298473947 0.7567790423425468 0.7240043900323506 0.6967629751761266 0.6737758755427042 0.6541075074682713 0.6370726139114427 0.6221647122668319 0.6090036290700455 0.5972983718013661 
0.408203125 1.0 1.000000000000039 0.999999999744957 0.9999999885939947 1.0000006087582203 0.9999976989567563 0.9999021489708456 0.994571624869939 0.9508962865742778 0.8823565643492027 0.8238466739321944 0.7770274857347247 0.7393017532321414 0.7084292119637771 0.6827414328661372 0.6610283026484362 0.6424159791780572 0.6262696562094221 0.6121215553225895 0.5996199805620085 0.5884944486722377 
0.412109375 1.0 0.9999999999990852 0.9999999994904445 0.9999999364884283 0.9999995506160637 1.0000125231317492 0.99944440694258 0.986475895817726 0.9257288251611584 0.8571940777346306 0.8016840427151738 0.7576206970756658 0.7221772956321365 0.6931572133389605 0.6689711589288215 0.6484860108305552 0.6308929087724442 0.6156075120749327 0.6021991310673944 0.5903424907783765 0.5797857953947887 
0.416015625 1.0 1.000000000000101 1.0000000020223152 1.0000000150548913 0.9999962412557046 1.0000180981809461 0.99811553916108 0.9704004587138636 0.8985179617621123 0.8322195371512418 0.7799276810163832 0.7386194290417654 0.7054102442687157 0.6781831529152134 0.6554426938307959 0.6361393484412773 0.6195306003536863 0.6050810519210481 0.5923945779844718 0.5811699127297545 0.5711721383127771 
0.419921875 1.0 1.000000000012571 1.000000004861077 1.00000038739466 0.9999962403538307 0.999930414097795 0.9946897343490084 0.9467358094168404 0.8705767099650984 0.8076027241502983 0.758624360207822 0.7200382931542102 0.6889989858286028 0.663497344346994 0.642144423154847 0.6239784043611856 0.6083222001895254 0.5946863679627865 0.5827061560080926 0.5721018277980764 0.5626537435692248 
0.423828125 1.0 0.9999999999902841 0.9999999856207481 1.0000002504190069 1.0000078288002696 0.9995233977044654 0.9862555978888122 0.9182100206800783 0.8426028006650097 0.7834516060178583 0.737807985825528 0.7018834451000842 0.6729352608568632 0.6490863164999664 0.6290636618374421 0.6119939833752208 0.5972623177232471 0.5844209992226155 0.5731332250485973 0.5631385335111526 0.5542312986472057 
0.427734375 1.0 0.9999999998409667 0.9999999550675547 0.9999979706022859 1.000018794748113 0.9982663979235943 0.9684935115085991 0.887354478858042 0.8149518791220259 0.7598418178722517 0.7175002842274378 0.68415155244959 0.6572045366631093 0.6349340982229832 0.6161880687136103 0.6001785657800062 0.5863474184640137 0.5742839562612533 0.5636760978162494 0.5542808808062287 0.5459058007082991 
0.431640625 1.0 1.000000000201845 1.0000000807130822 0.9999958939637398 0.9999592250942654 0.9948495952284117 0.941445763742675 0.8557744738424877 0.7878241371757393 0.7368269140225512 0.6977096539147251 0.6668292079631989 0.6417873020193102 0.6210241327155269 0.6035070398993082 0.5885270226366902 0.5755759659928108 0.5642755452081609 0.5543358417732508 0.5455301313370255 0.5376784676810916 
0.435546875 1.0 1.0000000018280792 1.0000003546157092 1.000002729499944 0.9996146097021411 0.9860328849619099 0.9085011247214703 0.8243108999071421 0.761349522982181 0.7144406079140286 0.6784291816551118 0.6498941141777089 0.6266615694391381 0.6073414473433881 0.5910130544076411 0.5770369077055268 0.5649481997753943 0.5543970994173366 0.5451140489232648 0.5368878330483589 0.5295507294920557 
0.439453125 1.0 0.9999999968846307 0.9999996281084056 1.0000163300888851 0.9984585212968607 0.966103837680146 0.8728773642593423 0.7933928307600725 0.7356168633440824 0.6926940134881063 0.6596365775453593 0.6333175685507584 0.6118061218515157 0.5938747193077216 0.5787021518589611 0.5657083423578346 0.5544658036397846 0.5446506693686777 0.5360127307742382 0.5283558160451407 0.5215243256296227 
0.443359375 1.0 0.9999999801498034 0.9999972040752731 0.9999870294242172 0.9950836709853165 0.9344471279628248 0.8366017186655571 0.7632653096866618 0.7106807936556169 0.6715730717358344 0.641296596221908 0.6170698041403996 0.597203756760487 0.5806177112471218 0.5665741934516451 0.554543374783909 0.5441314301390648 0.5350388477706239 0.5270342198754233 0.5199363382778954 0.5136016133139721 
0.447265625 1.0 1.000000034472833 0.9999984298454576 0.9997215429575205 0.9858301588421353 0.8954242539188385 0.8007221801046055 0.7340872396098773 0.6865549927634566 0.6510395033145 0.623367128351133 0.6011242040036872 0.5828443581614797 0.5675693291372405 0.5546316695100125 0.54354560675564 0.5339484824730656 0.5255647391010674 0.518181540384879 0.5116324998523588 0.505785997915978 
0.451171875 1.0 1.0000001820257949 1.000009571312306 0.9987155773123132 0.962988045805336 0.8533145585807184 0.7657814863351143 0.7059505097252314 0.6632120614605277 0.631035685155658 0.6058085675377374 0.5854643784960148 0.5687251490507402 0.5547331848094246 0.5428794412254868 0.5327193834520341 0.5239211192307148 0.516232291427657 0.5094587662479098 0.5034489215427512 0.4980825000884271 
0.455078125 1.0 0.9999996403494905 1.00000885855803 0.9954599931970322 0.9246605776351733 0.8107818304421691 0.7320933693057086 0.6788720370872758 0.6405793019506693 0.6115023439688086 0.5885910233128995 0.5700837581383005 0.5548507703685981 0.5421150312356169 0.5313234438626759 0.5220706237041297 0.5140546671494677 0.507047252556235 0.500872351342864 0.49539239648392874 0.49049821796332405 
0.458984375 1.0 0.9999979735100798 0.9998456753302918 0.9857179549967213 0.8767478212097551 0.769244275003981 0.6998186449586185 0.6527898421565121 0.6185697147074722 0.5923871813465684 0.5717044831725364 0.5549887667962775 0.5412295173721725 0.5297244251721208 0.5199714884002821 0.5116063279314799 0.5043571978521584 0.4980182660785375 0.4924315523861314 0.48747270696621703 0.48304288815244695 
0.462890625 1.0 1.0000000599334102 0.999076862482412 0.9586918060283116 0.8253562959327195 0.729370058990191 0.6689888701367854 0.6275708736528774 0.5970915039272745 0.573669267022889 0.5551517456455151 0.5401912218814102 0.5278736012878626 0.5175701922764794 0.5088345007754915 0.5013385615209659 0.4948409475100757 0.4891589917097888 0.48415005209035267 0.47970290628754586 0.47572942272022656 
0.466796875 1.0 1.0000115487025896 0.9961344953843413 0.9098105875539862 0.7742757848582608 0.6915831566341848 0.6394324805791076 0.6030779042998196 0.5761010458844172 0.5553505878897648 0.5389582587405837 0.5257072550659606 0.5147985203038782 0.5056717254300445 0.49792824910476957 0.49128422017485807 0.4855253303216386 0.48048746715827934 0.4760455264320269 0.472100662034909 0.46857457612487663 
0.470703125 1.0 0.9999731805351224 0.9859711441335457 0.8476811907971958 0.7254588757133283 0.6557846397266679 0.6109261341660976 0.5791829606346252 0.555598691622077 0.537462897756837 0.5231355314378574 0.5115636734842947 0.5020283763141714 0.4940473637282596 0.48728098752670923 0.48147258443826674 0.4764363805887864 0.4720301219940323 0.46814228029600335 0.46468827915694877 0.46159955354758847 
0.474609375 1.0 0.9995833153357476 0.9525150810379694 0.7819882676148924 0.6799264109457654 0.6217042116843929 0.5832424734048754 0.5559162679490027 0.5356131484943504 0.5200473930309619 0.5077453438789633 0.4977906942398821 0.4896026740902402 0.4827485584401734 0.47693072022791577 0.4719413766929516 0.4676110755208367 0.4638185666781589 0.4604727570165724 0.4574969131298081 0.4548330699273841 
0.478515625 1.0 0.9974588527852356 0.8832010680735815 0.7197287535108237 0.6373627993012155 0.5888284140779568 0.5563302260430883 0.5332759329532922 0.5162668677437768 0.5031537886960507 0.4928068881787421 0.4844679312958266 0.4775809286465368 0.4718261560503155 0.46694603345917013 0.4627456596235661 0.45910141889289613 0.4559084099671772 0.4530855840650045 0.4505736336787865 0.448322731987619 
0.482421875 1.0 0.987361693207694 0.7975672141261446 0.662118534838587 0.5971628258745074 0.5568068007387884 0.530301938256156 0.5115482719933764 0.4975746290315463 0.48693475314554435 0.47850006829111696 0.471687573470157 0.46609598803280927 0.4613953078662061 0.4574053297578849 0.4539758527565229 0.4509951326483261 0.4483800307112047 0.44606871419340866 0.44401046668502037 0.44216727605537653 
0.486328125 1.0 0.9437491904590223 0.7081678360854613 0.6097442968251496 0.5575522572718292 0.5263974592273136 0.5055116457740174 0.4907330851458437 0.47988109373935267 0.4715883774260211 0.4649657718967999 0.45966577144777243 0.4552962559082693 0.45160901570777046 0.44848467005264464 0.4457925574675353 0.44345584706570235 0.44140901549357064 0.439594881187087 0.4379905602033445 0.43656468535411846 
0.490234375 1.0 0.8377339437915655 0.6320173088953 0.5621901562907411 0.5221768753847709 0.4978414092059189 0.48266578888210004 0.47181830569789746 0.4635866725613577 0.45758580424689815 0.45266730507335406 0.44872324692507876 0.4455314146923107 0.4427740071908978 0.4404345232088207 0.43848703764315894 0.4367698727468346 0.43527145431257447 0.43398816649466704 0.4328511256117045 0.4318640821095393 
0.494140625 1.0 0.6863921584074071 0.5689127561995819 0.5169062474836996 0.4869171324003238 0.4729177027192326 0.4621814298192956 0.4547348895577233 0.44971745981144406 0.44521269303494787 0.4419907479985449 0.4394367685565054 0.43706523060022445 0.43532919323769914 0.43384865406861695 0.4324945030185928 0.43142948716983254 0.4304987498977896 0.42969898972667836 0.42905772994755753 0.42850439394549483 
0.498046875 1.0 0.5669788437272779 0.49829493584925105 0.4722650443112883 0.46194983458928224 0.45067871211853877 0.44566924795977897 0.441357329596202 0.43791276553326447 0.4358338615187262 0.43369505073315867 0.43211648106147316 0.431092082084904 0.42987574920783467 0.42909142328773275 0.4284772961932801 0.42789205919854373 0.4275409465230172 0.4271895304650062 0.4269340087639786 0.4267402238392415 
0.501953125 0.125 0.4396075200176023 0.4502936671850299 0.43700352954279853 0.4404684197966197 0.43619224527405126 0.4319892548448336 0.43209813777783984 0.4300488121378565 0.4287535896731015 0.4286762259877874 0.4275693728047494 0.42725918468180196 0.42703648799145605 0.42657204154072836 0.42652330540104627 0.42632298463326623 0.4262257387449212 0.42620914110841535 0.42613936969853017 0.42613900334073135 
0.505859375 0.125 0.365018643920551 0.4237343396974968 0.42518646265701915 0.4234556063235141 0.4291030561736011 0.4261866390364012 0.4258086612195611 0.42679557854602457 0.4256289484315427 0.4260258737098885 0.42600114602506406 0.4255711208675824 0.42601673264480194 0.4258711625927271 0.4258635635742549 0.42599449732041766 0.42593969338810167 0.42604255628899934 0.42607225322193065 0.4261211840648995 
0.509765625 0.125 0.33087821289736646 0.40463749420239514 0.42462811335230377 0.4195277720608069 0.4242289247821609 0.42557278769160434 0.4234720031858731 0.42542403010126173 0.4253969128674307 0.42506254084885525 0.4258760972203724 0.42556671304359683 0.4257899925714929 0.42604946382528547 0.42593219068216187 0.4261605877553736 0.4261780849687704 0.4262494747787875 0.42634473739497714 0.42637409246591795 
0.513671875 0.125 0.27431746675612995 0.37477374110825584 0.42315974273878854 0.42165483449569063 0.42138851149574125 0.42630393986454 0.42448748337834163 0.42486269792342196 0.4262156583225367 0.4254249896848162 0.4260916285284888 0.4262862419031925 0.42606029987477745 0.42651178062700473 0.42639802863831316 0.42648419601759346 0.4265928074489577 0.4265553074308448 0.4266459484835406 0.4266362714224644 
0.517578125 0.125 0.18531595710635962 0.3414868674121498 0.4134594434456407 0.4245936541061308 0.42254103978705293 0.42671991248655805 0.42694748292731277 0.4253861346298238 0.42710138350930643 0.4265189954338576 0.4264463297358005 0.4270645518416561 0.42655725933208466 0.42681114859060243 0.4268733512497018 0.42669680677604377 0.4268215775227665 0.4267105417000977 0.42669711993988013 0.42666482433035907 
0.521484375 0.125 0.13446640665537538 0.31059432015444294 0.3918863506688124 0.42531533438259633 0.4250922290168173 0.42630333374443835 0.42905078739507185 0.42653753529583655 0.4271318337743942 0.42755255956502536 0.42671049527290045 0.4272159130388969 0.42693163138771933 0.426691296802142 0.42691973602561045 0.4266230981818149 0.42661295887697953 0.42654107353842974 0.4264035747223596 0.4263672793747852 
0.525390625 0.125 0.12607832303412064 0.2818219542604811 0.35949490915087473 0.42114224763550384 0.426658649573518 0.42528642134156863 0.4287749921770508 0.4276497273237085 0.4263744439554183 0.4275467293170009 0.42672766861211836 0.42659555312804215 0.42680403215721446 0.42626761368084914 0.42641743097936025 0.42627738623057465 0.4260780042080758 0.42608861425948463 0.42592128481513924 0.42587305299461875 
0.529296875 0.125 0.12509119150935508 0.2563742415733074 0.32164378443253416 0.40577829208033617 0.4256285687561542 0.4244637476334197 0.4263244000955779 0.4278162963065276 0.4256222292235315 0.4264258372896897 0.42644043066021026 0.4257112627571377 0.42617214466683806 0.4258095722607783 0.42567342631308136 0.42580247019042 0.42553524766626133 0.42556850402428537 0.42549510878786523 0.4254276572059362 
0.533203125 0.125 0.12498407489763494 0.22125437860067568 0.286442941578992 0.3737912879011677 0.42071915265979765 0.4239907090261519 0.42375441999675567 0.4268359391040306 0.42558122519354674 0.4250445020159963 0.4259251915376543 0.4251935303292434 0.42540152879272236 0.4255081558237799 0.42513308479578377 0.42539721819518106 0.4252824858040658 0.4252432651422869 0.42532363189004097 0.42526989712423874 
0.537109375 0.125 0.12499920511876099 0.15870928073587623 0.2653372587577738 0.3341547054228298 0.40940192842789 0.4231871786134486 0.42300244135125686 0.4251080147781473 0.4260189118436319 0.42442983360094616 0.4253415940857383 0.42530704584764084 0.4249593701317447 0.42542820863365055 0.42513823196456874 0.4252434738195997 0.4254120292489297 0.4253010143749669 0.425449967167231 0.4254707664993594 
0.541015625 0.125 0.12500228051416543 0.1291862516728778 0.2566610785628941 0.297520773114473 0.3856503493631067 0.42109948401115394 0.4232451989795956 0.42374583482748907 0.4263015516379414 0.4250279012760441 0.42490655471541583 0.4257558108414649 0.4251540404121195 0.42549532318741395 0.4256036963348214 0.4254309163710697 0.4257539749263486 0.42569760526858397 0.42576764444945775 0.42588484682768846 
0.544921875 0.125 0.1250003020896176 0.12540887762642278 0.25166433767031854 0.27086876066320387 0.3504807918600501 0.41505376547348005 0.4233981977773786 0.423605165825304 0.425828376761367 0.4261826460178162 0.4250032934814091 0.42606896817299555 0.4258290161465096 0.4256928745639358 0.42617064788269554 0.4258914182608341 0.42608973892167884 0.42620858977562265 0.42613888561780067 0.4262877686219161 
0.548828125 0.125 0.12499981848554166 0.12501149103148218 0.24581503872018995 0.2579478357992789 0.312291916629469 0.3971498665577381 0.42256321018510457 0.4241187152373084 0.42508707176270816 0.4271150687804846 0.42579877198783367 0.4260330218254698 0.42657240318093126 0.4260495709008265 0.42648926756130134 0.42642275558389203 0.42631178112027335 0.42656912424904564 0.426447087318121 0.42650452280664564 
0.552734375 0.125 0.12499998373945129 0.1249907951890588 0.20677746619345397 0.2549848295737639 0.28059111810352966 0.3643815044219007 0.41857966314199546 0.4244586208226331 0.42475311760004836 0.42709433717242434 0.4269028200404445 0.42592947601151193 0.42689988944688567 0.4265106031552072 0.4264733012342909 0.42675756205103643 0.42643439339323014 0.4266192600244539 0.4266088303108455 0.4265083533535585 
0.556640625 0.125 0.12500001772381922 0.12500272798847087 0.1430968255009359 0.2557133034179277 0.2626884618139698 0.32619270479086804 0.40588856216665736 0.42381451966802464 0.42482459887886737 0.426266084042777 0.4276357603873973 0.4261071658475059 0.4266386550910042 0.4268702412965825 0.4263228834744662 0.42672443327584597 0.42651209417761116 0.42643138148149473 0.4265879541623627 0.4264093025578952 
0.560546875 0.125 0.12500000068549807 0.12500143968241378 0.12685441429441774 0.25769588691244655 0.25603666010988196 0.2912869391876019 0.37828756040745687 0.4206654031141696 0.42473454452425113 0.42526068991453503 0.42742302240921504 0.4266269429117693 0.4261213582353001 0.42686568625314514 0.4262885774700549 0.42641277788462645 0.4265352003052541 0.42622207668366846 0.42641912078496874 0.42633246518245355 
0.564453125 0.125 0.12499999857473224 0.12499976561602547 0.1251600640475512 0.25866738586575083 0.2551350368498588 0.2677823634147248 0.340869671536622 0.4116649239576744 0.423896902348879 0.42458776772058476 0.4263917956807235 0.4271151956492247 0.42582417026130026 0.42646106998315225 0.42642744586507647 0.4260939532888531 0.42645735200884816 0.42618119263667 0.4262161988740305 0.426327098127024 
0.568359375 0.125 0.1250000000327359 0.12499986905642796 0.1249870948394898 0.2416778582693192 0.2574405036431749 0.25890581048895367 0.303234449682896 0.39018159822115883 0.42143256437854093 0.42423555212687725 0.42523893701114907 0.42715949158577843 0.42608451508114703 0.42594746327950006 0.42656930151024147 0.4260486019847222 0.4262966406215014 0.42632804950085745 0.4261333059725871 0.4263619716620013 
0.572265625 0.125 0.12500000010420217 0.12500003715868582 0.12499764827666732 0.17175652193623256 0.2610305562357683 0.2569190870627671 0.27501392516544737 0.3554923607924739 0.4153385700355081 0.42371003522455186 0.4245828403847308 0.4265909956937579 0.42668655334535904 0.4257563540887319 0.42652799437985156 0.4263239667750883 0.4261825147826338 0.4265165491324137 0.4262542839986044 0.4263885260703435 
0.576171875 0.125 0.12499999999146912 0.1250000135319923 0.12500278919695246 0.13112981706117124 0.2640690150903696 0.25772694808278523 0.261059696499967 0.3168029736837952 0.400074974703438 0.4222905151451997 0.42438356770076713 0.42578247816117243 0.427152775027735 0.42612953902712125 0.42630796271499344 0.4266836121556772 0.42625554235209 0.42658003443198594 0.4265046681221949 0.4264014538987203 
0.580078125 0.125 0.1249999999933691 0.12499999544977772 0.12500046507984014 0.12562659750011973 0.2647585883393717 0.2600104113868427 0.2569271540131055 0.2837591148434688 0.3698647073673009 0.4182835655348862 0.4241060899179408 0.42517168134013195 0.42704521003204854 0.4268127047815037 0.4261382362161183 0.42680470174375784 0.42650900378964374 0.4264870447727021 0.4266902887079354 0.42642655043347877 
0.583984375 0.125 0.12500000000100248 0.12499999879113709 0.12499973590315454 0.1250364964964745 0.2564603061287614 0.26300365279186305 0.25718303349985255 0.2650540831081053 0.3313305380633173 0.4072386037132316 0.4230743060086599 0.4248276987564994 0.4263992940994611 0.42731217588388337 0.42623208953925756 0.426561341656663 0.426747886724793 0.4263549981125049 0.42664478283669094 0.42646828938496417 
0.587890625 0.125 0.1250000000003641 0.1250000005241503 0.12499998001063647 0.1249870739176162 0.2071551112625126 0.2657309434710425 0.2595649099757167 0.25866158252770544 0.29520830554331473 0.3822666963942217 0.41994253284563127 0.4243994523687771 0.42557972014318074 0.4271796679604828 0.4265827778003213 0.42616724640204695 0.4267296218617282 0.4263240319446505 0.42639036240899475 0.4264774619311373 
0.591796875 0.125 0.12499999999991145 0.12500000010162737 0.12500003369654833 0.1250019022617021 0.1432364169665505 0.2671324299735471 0.26284285767569787 0.25722905011020036 0.2707514355142547 0.3459907345054042 0.4117847024873324 0.4233470183546617 0.42487772246580496 0.42641198600695923 0.4269202780818358 0.4259681992464486 0.4264015696540293 0.42640544436704136 0.42612778458135014 0.4263977610755252 
0.595703125 0.125 0.1249999999999834 0.12499999994468394 0.12499999973797249 0.12500194139497015 0.1269963084257072 0.2663952414417984 0.2657718830672059 0.25829506386171114 0.26000220083501974 0.3080072511040223 0.3927451109143007 0.42083334531502903 0.4242962253345861 0.4254690736630779 0.4269362834484454 0.4261712722094145 0.4259833497067973 0.42646852652161227 0.42607384452926883 0.4262427061031488 
0.599609375 0.125 0.12500000000000622 0.12499999999237178 0.12499999625147808 0.12499990618389417 0.12518262224440888 0.2612000006824083 0.2674886760762002 0.2607915010906465 0.257241066374259 0.2782830507256721 0.36014961259488804 0.4150629865652629 0.4234855318889254 0.42479558725793637 0.42649300297061615 0.4266085787171546 0.42580757438223865 0.4263828476584167 0.42626208313775943 0.42611838264264573 
0.603515625 0.125 0.12500000000000036 0.12500000000549427 0.1250000003476988 0.12499982453887565 0.124988143616598 0.23600808403752457 0.26794046298722285 0.2639429750246057 0.25783335766890564 0.2636787416322092 0.3219766791188408 0.40119027770305943 0.42176805542749113 0.4244212189195466 0.4258012211287059 0.42692395365326796 0.4260632275473639 0.42616903501616504 0.42650625923580116 0.4261449748022751 
0.607421875 0.125 0.1249999999999995 0.12500000000048747 0.1250000004046495 0.12500002741249655 0.12499657701981519 0.16768757281230304 0.26731867100644424 0.26688531069968713 0.2601161037890292 0.2586918433744757 0.288563979875718 0.3732428940323815 0.4176358343386492 0.4239325761268878 0.4251672532508447 0.4267981978095121 0.42658388731377966 0.4260145716990085 0.4265702161186709 0.4263352043226168 
0.611328125 0.125 0.125 0.12499999999948523 0.12499999993338891 0.12500001822727036 0.12500299175878654 0.13069211557780008 0.2655648977843507 0.26861651212502335 0.2630998099769284 0.2576724103148728 0.26777757939529057 0.3362217004087205 0.4074330411003474 0.4226908661252066 0.4246948237489924 0.4262403386425995 0.42700616959227505 0.4261076867778031 0.42638428340732976 0.4265526515800844 
0.615234375 0.125 0.125 0.12499999999997712 0.12499999995859275 0.12499999574947124 0.12500067696491216 0.12559571442549075 0.2618663882012807 0.2685650384870437 0.26578956341320353 0.2589077844813788 0.2597401215480157 0.2999008084185908 0.3848209719377153 0.4195286206261176 0.42416987063439265 0.4255392469122245 0.4269924150478727 0.42644920031021494 0.4261231455151919 0.42660790097355145 
0.619140625 0.125 0.125 0.1250000000000447 0.12500000000976103 0.12499999842978846 0.12499971141380488 0.12503359228105312 0.25096633879573604 0.26747962704600053 0.2674311089862844 0.2614671165223435 0.257973864968187 0.2741206058713007 0.3504108690959565 0.4119928328082591 0.42313000172663495 0.42492313793637365 0.4264799243471256 0.4268160880671419 0.42604358728939273 0.4264282786935403 
0.623046875 0.125 0.125 0.1249999999999994 0.12500000000405762 0.12500000060521846 0.12499995281046589 0.12498728415596354 0.20302909494612145 0.2660369379537437 0.26792113017908925 0.264512446395939 0.25885868351953173 0.2626770202440341 0.3131660607033094 0.39461945280698757 0.4207567440477638 0.4243461118580889 0.42574248656982605 0.426925477008031 0.4262666609784916 0.42614728319115386 
0.626953125 0.125 0.125 0.12499999999999582 0.12499999999874949 0.12500000011742066 0.1250000384277729 0.1250020420515512 0.14199617637260575 0.2645000389929784 0.2676519534189537 0.2670724913862477 0.261095402250349 0.2587700207891882 0.2826774246731968 0.36397945750651395 0.4152630290252844 0.4234640360485407 0.4250800384567331 0.42662225616927396 0.42664530489146457 0.42601048747727116 
0.630859375 0.125 0.125 0.12499999999999976 0.12499999999962064 0.12499999992287374 0.12500000314790183 0.12500197344447014 0.12685046454499696 0.26246270702131513 0.2668822900261333 0.2682127876274371 0.26379246119883243 0.2583031655874097 0.2654347438009211 0.3268094887418173 0.4023560649527021 0.4216404339227501 0.42455317405335247 0.42603540300188164 0.426901794833442 0.42618552375962926 
0.634765625 0.125 0.125 0.12500000000000014 0.125000000000146 0.12499999999401805 0.12499999560156765 0.12499988619327573 0.12516805212750098 0.2578982370020168 0.2658262450648992 0.2678866371337295 0.2661071042244414 0.25987920583852725 0.2596174443181573 0.2927742237399962 0.37638952868769293 0.41756961664268205 0.4238829614597364 0.42542003304853265 0.42680103689410076 0.4265864896848014 
0.638671875 0.125 0.125 0.125 0.12500000000003247 0.12500000000925102 0.1249999999848825 0.12499981399647349 0.12498702503111843 0.23451024482098862 0.264930666824458 0.2668589000875292 0.26744036802530735 0.2625744861244854 0.2585834179955768 0.27092960294121704 0.34092406113178514 0.40814077845696134 0.42252326110325034 0.42488311245721344 0.42634154010581904 0.4269391667963503 
0.642578125 0.125 0.125 0.125 0.12499999999998268 0.12499999999988447 0.12500000048275595 0.125000030636256 0.12499710802774094 0.16616677797112328 0.26436311759982056 0.2656552482596368 0.2677191231443762 0.26548736324487976 0.2596998103292049 0.26180379048539404 0.3050937459430617 0.38736098093889904 0.4194276501579232 0.42425359033538046 0.4257226561914187 0.42695601261797983 
0.646484375 0.125 0.125 0.125 0.12499999999999617 0.12499999999894447 0.12499999996698737 0.1250000203880034 0.125002990465292 0.1303477552206036 0.2637797692266223 0.2647580085508687 0.26726159055515913 0.26761431679292524 0.2619239448494992 0.2587587491706175 0.2777077363024046 0.35465999102466206 0.4123045391263142 0.4231005405144882 0.4251085291813836 0.4265402419265536 
0.650390625 0.125 0.125 0.125 0.1250000000000012 0.1250000000000917 0.1249999999507489 0.12499999525370398 0.125000605247148 0.12555390411409303 0.2621253369222567 0.26445207009747557 0.2663545482793247 0.26818723427743324 0.26445439846789515 0.2588181450140785 0.26393558548999124 0.3179363668542399 0.3961837447689084 0.42064913891152556 0.42446539683390855 0.4258800792336517 
0.654296875 0.125 0.125 0.125 0.1250000000000002 0.1250000000001135 0.12500000000735054 0.1249999980729016 0.12499970791296681 0.12502864998726818 0.2523011254090382 0.26464654974714524 0.26528896435163896 0.26758891570556964 0.26656488351004903 0.2606589624879609 0.2596827517241277 0.2867218642187325 0.3673801506543588 0.4153234446169853 0.42350688905426476 0.42523114760896374 
0.658203125 0.125 0.125 0.125 0.125 0.124999999999981 0.12500000000467804 0.12500000067923797 0.12499996091428345 0.12498790309408475 0.2011523741376521 0.2650687642487029 0.2644341793568435 0.2664607074509913 0.26773054973348637 0.263382604754261 0.2591260774850123 0.268479750431611 0.3316375717347846 0.40335635386389146 0.4216528685937652 0.4246589578301174 
0.662109375 0.125 0.125 0.125 0.125 0.12499999999998763 0.12499999999882004 0.12500000016972113 0.12500003882685262 0.12500219414759614 0.14059906895352278 0.26536487395203956 0.26408878749952625 0.2652941100588776 0.26787056288188354 0.26609904413283586 0.26034111500013857 0.2611373462919444 0.29770185866305016 0.37922827841004936 0.41767941635292377 0.4239182063992905 
0.666015625 0.125 0.125 0.125 0.125 0.12500000000000241 0.1249999999995962 0.124999999912789 0.12500000213169096 0.1250018806886176 0.12668505747871314 0.26489769355881576 0.2643388965125634 0.2645069642165147 0.2672686144059642 0.26783384740900235 0.2624732557983175 0.25892715157068746 0.2736402624694421 0.3451507002018724 0.408706562658348 0.42248080179761127 
0.669921875 0.125 0.125 0.125 0.125 0.1250000000000009 0.1250000000001629 0.12499999998714188 0.12499999551224833 0.12499986047545934 0.12515151188812115 0.2606499945704994 0.26503518854110986 0.26425458385216216 0.2662301414039923 0.2680440618791046 0.26482228219607723 0.2594618661525754 0.2630586967782953 0.30950397004664887 0.38925134274704043 0.4193701876631199 
0.673828125 0.125 0.125 0.125 0.125 0.12499999999999943 0.1250000000000279 0.12500000001050215 0.12500000011066767 0.12499982461699226 0.12498582895553904 0.2329830343650222 0.2658579632539102 0.2644176929445292 0.2650917434088372 0.26735803598410784 0.26674097466456537 0.26147045152460446 0.259896911037247 0.28147251600998624 0.35823966641285576 0.4125897989406853 
0.677734375 0.125 0.125 0.125 0.125 0.12499999999999982 0.12499999999997785 0.12500000000070327 0.12500000050252383 0.12500003285174227 0.12499768484246737 0.16281998891285993 0.266400479905702 0.26480422132394776 0.2642413054915704 0.2663027075803828 0.26774367237451147 0.2641056054872903 0.25966926824562653 0.26642921466787933 0.3227210736464146 0.3976946673032033 
0.681640625 0.125 0.125 0.125 0.125 0.125 0.12499999999999774 0.12499999999880568 0.12499999995113728 0.12500001885567968 0.12500296495771857 0.12979424032837494 0.26619841922257476 0.2652630333073493 0.2639748146146257 0.26530432989844477 0.2677570752765158 0.26649847694504164 0.26094539999760125 0.2606208821196357 0.2909382729299261 0.3706508604899809 
0.685546875 0.125 0.125 0.125 0.125 0.125 0.12500000000000183 0.12500000000000383 0.12499999994688242 0.1249999950627986 0.12500053012620635 0.12549248494275106 0.2639437004409438 0.26575350758652916 0.26431683394460037 0.26466099333024007 0.26703934617431824 0.26774307254613683 0.26301011353189097 0.2592722661113468 0.27041728037935114 0.33587864514729765 
0.689453125 0.125 0.125 0.125 0.125 0.125 0.12499999999999965 0.1250000000001267 0.12500000000934722 0.12499999827474312 0.12499970972986381 0.12502152087181614 0.251742112110259 0.2662440992064712 0.2649986366546365 0.2644451247241319 0.26594611100848453 0.2676740273886768 0.26523750096126486 0.2601971262665879 0.2624162288710134 0.3018847547028656 
0.693359375 0.125 0.125 0.125 0.125 0.125 0.12499999999999954 0.12499999999998927 0.12500000000534003 0.1250000006941745 0.12499996828647936 0.12498886987673984 0.19709115077207234 0.26652235812813735 0.26571494237873305 0.26455812016922203 0.26487959875962264 0.2669344016296275 0.2669896582312714 0.2623108398880121 0.26003034946296477 0.2771701208457302 
0.697265625 0.125 0.125 0.125 0.125 0.125 0.125 0.12499999999998629 0.12499999999857321 0.12500000014342685 0.12500003793499423 0.12500240848699037 0.13897097538162886 0.2662575058184817 0.26618020768700534 0.26485921399848444 0.26422390509904486 0.26597255337437176 0.2677800724689213 0.26479650022828216 0.26007353542140177 0.26483491428194683 
0.701171875 0.125 0.125 0.125 0.125 0.125 0.125 0.12500000000000128 0.12499999999949479 0.12499999991133344 0.1250000013531314 0.12500175125032217 0.1265050711581428 0.26484637758671964 0.26629315141987 0.2652534286244251 0.26420380820698564 0.2651420823172763 0.2675679298758777 0.2668236250109686 0.2614502560547243 0.2603686319143374 
0.705078125 0.125 0.125 0.125 0.125 0.125 0.125 0.12500000000000072 0.12500000000019243 0.1249999999905231 0.12499999567835429 0.12499982471147694 0.12513299502281963 0.25950313680095616 0.2662216534837667 0.2656926959488945 0.26468887163302834 0.2646308934534733 0.2666816326248134 0.2676580152239747 0.2635372999549553 0.25969188691340156 
0.708984375 0.125 0.125 0.125 0.125 0.125 0.125 0.12499999999999947 0.12500000000004216 0.12500000001071554 0.1250000001838526 0.12499983778293558 0.12498484120337894 0.23054485451963683 0.2660634170854371 0.26609662001110856 0.2653716686707469 0.2644793211751904 0.2655349840321068 0.267430842557507 0.2657179008082162 0.26087204432864475 
0.712890625 0.125 0.125 0.125 0.125 0.125 0.125 0.12499999999999982 0.12499999999997462 0.12500000000027192 0.12500000047588072 0.1250000357481674 0.12499839255737027 0.16077978119127212 0.26568942866078743 0.2663119654386477 0.26596972041737144 0.2646337023642204 0.26455240117071355 0.266686341754365 0.2673143125683962 0.2629959752160217 
0.716796875 0.125 0.125 0.125 0.125 0.125 0.125 0.125 0.12499999999999584 0.12499999999876563 0.1249999999446591 0.12500001716087747 0.12500290486503363 0.12945230823920764 0.2647843169584752 0.2662046986233911 0.2662653922309334 0.26500400885250086 0.2640989480570442 0.26580672950924367 0.267865624693183 0.26527413311782444 
0.720703125 0.125 0.125 0.125 0.125 0.125 0.125 0.125 0.12500000000000208 0.12500000000005781 0.12499999995076096 0.12499999485409782 0.12500043017231288 0.12545108600198565 0.2622418402244565 0.265853093077313 0.26623732796453675 0.2655026968933225 0.26429361167463594 0.26505499003505767 0.26741752056788604 0.26695401997604196 
0.724609375 0.125 0.125 0.125 0.125 0.125 0.125 0.125 0.12499999999999978 0.12500000000013364 0.1250000000098766 0.12499999846650149 0.12499971480411814 0.1250166862277754 0.25045544394433467 0.2654868325636342 0.26603108233505524 0.2660178193281123 0.2648855122676809 0.26457038026376906 0.26640420212874755 0.2675389872021194 
0.728515625 0.125 0.125 0.125 0.125 0.125 0.125 0.125 0.1249999999999995 0.12499999999998201 0.12500000000479744 0.1250000007012381 0.12499997869262777 0.12498968271211026 0.19598124906044334 0.26517294469760416 0.26579051666693865 0.2663964484728866 0.2655736179024373 0.2644182793246988 0.2652635656645409 0.2672661809795254 
0.732421875 0.125 0.125 0.125 0.125 0.125 0.125 0.125 0.125 0.12499999999998469 0.12499999999853165 0.12500000012275275 0.12500003656064324 0.1250025439644885 0.13844435591284696 0.2647065725098174 0.26554998650270056 0.266500575549217 0.2661012700703446 0.26458933612522034 0.26441260053607574 0.266572824556864 
0.736328125 0.125 0.125 0.125 0.125 0.125 0.125 0.125 0.125 0.12500000000000216 0.1249999999995683 0.12499999991232212 0.1250000002157297 0.12500162748111826 0.12643336760689353 0.2635514537736939 0.26528899191606586 0.26626759437495845 0.26633679717482334 0.2650162678197516 0.26416865572733006 0.2657668426673756 
0.740234375 0.125 0.125 0.125 0.125 0.125 0.125 0.125 0.125 0.12500000000000094 0.1250000000001957 0.12499999999261505 0.12499999589832751 0.12499979958589928 0.12512486437366102 0.2588912006421863 0.26508932795169665 0.2657937045234753 0.2663248310773837 0.2655917566014443 0.264488714292825 0.2650501511575119 
0.744140625 0.125 0.125 0.125 0.125 0.125 0.125 0.125 0.125 0.12499999999999935 0.12500000000003245 0.12500000001040099 0.12500000029465516 0.12499985207576314 0.12498455373321311 0.23005713720895096 0.26502723020986346 0.26529467170893883 0.26617054798152895 0.26614834769354717 0.26508120776483396 0.26457137556853183 
0.748046875 0.125 0.125 0.125 0.125 0.125 0.125 0.125 0.125 0.12499999999999976 0.12499999999997413 0.1250000000000729 0.12500000044473109 0.12500003758769468 0.12499872254635826 0.16004681811979235 0.2649541682747264 0.2649634793844554 0.2659581233258413 0.2664977302862283 0.2656753505228825 0.26443754103299477 
0.751953125 0.125 0.125 0.125 0.125 0.125 0.125 0.125 0.125 0.125 0.12499999999999724 0.12499999999882452 0.12499999993456196 0.12500001522104284 0.12500285020013036 0.12931855200729792 0.2645173265448383 0.26486044543450243 0.2657138153683389 0.2665136329206001 0.26607263510968543 0.26466248677345994 
0.755859375 0.125 0.125 0.125 0.125 0.125 0.125 0.125 0.125 0.125 0.12500000000000241 0.12500000000007558 0.12499999995470634 0.12499999475658882 0.1250003783498488 0.12543479658962894 0.26247473814803524 0.26494737929578727 0.2654323220649585 0.26621250255343315 0.26623141749841284 0.26516595444512986 
0.759765625 0.125 0.125 0.125 0.125 0.125 0.125 0.125 0.125 0.125 0.12499999999999968 0.12500000000012462 0.1250000000106971 0.12499999870015309 0.1249997216366271 0.12501479496308318 0.2503542800759493 0.2651673738137411 0.2651518538873097 0.265757759616294 0.266217231461462 0.26578160672392015 
0.763671875 0.125 0.125 0.125 0.125 0.125 0.125 0.125 0.125 0.125 0.1249999999999995 0.12499999999998093 0.12500000000433173 0.12500000069645387 0.12499998429795282 0.12499001260901192 0.19441553661737648 0.265371408229018 0.264966118216947 0.26534233064922774 0.2661030221561725 0.26629256372239546 
0.767578125 0.125 0.125 0.125 0.125 0.125 0.125 0.125 0.125 0.125 0.125 0.12499999999998625 0.12499999999847804 0.12500000009585305 0.12500003513514119 0.12500258532405073 0.13782655308573472 0.2652796295554664 0.26494071539832886 0.265115235900236 0.2659232996941697 0.26651325652529817 
0.771484375 0.125 0.125 0.125 0.125 0.125 0.125 0.125 0.125 0.125 0.125 0.12500000000000225 0.1249999999996199 0.1249999999145474 0.12499999959472262 0.12500157616591184 0.1263692373651321 0.2642648266838681 0.2650834120860341 0.26510081038698846 0.2656815858880462 0.26637278285995614 
0.775390625 0.125 0.125 0.125 0.125 0.125 0.125 0.125 0.125 0.125 0.125 0.12500000000000075 0.12500000000019712 0.12499999999554982 0.12499999612209059 0.12499979218014624 0.1251185451826575 0.25909955476386165 0.2653601719434981 0.26521116834219227 0.26539888270917883 0.265983011480589 
0.779296875 0.125 0.125 0.125 0.125 0.125 0.125 0.125 0.125 0.125 0.125 0.12499999999999935 0.12500000000002703 0.12500000000997424 0.12500000035368986 0.12499985816350159 0.1249843077675234 0.22812927221316345 0.26563913175401815 0.26534718859365447 0.2651510280672934 0.2655351801127264 
0.783203125 0.125 0.125 0.125 0.125 0.125 0.125 0.125 0.125 0.125 0.125 0.12499999999999979 0.12499999999997458 0.12499999999976782 0.12500000041253614 0.1250000378314171 0.12499894989718577 0.15828280618237037 0.2656787529486808 0.26544109930264276 0.2650385516229932 0.26520344954267344 
0.787109375 0.125 0.125 0.125 0.125 0.125 0.125 0.125 0.125 0.125 0.125 0.125 0.12499999999999778 0.12499999999888906 0.12499999992962987 0.1250000143799766 0.1250028245717844 0.1290645485445615 0.2651042616063919 0.26548568116009924 0.26511808562960737 0.26508238668063017 
0.791015625 0.125 0.125 0.125 0.125 0.125 0.125 0.125 0.125 0.125 0.125 0.125 0.12500000000000225 0.1250000000001057 0.12499999995896972 0.12499999480001425 0.1250003487253272 0.12540746758021984 0.2625685251439265 0.2655484039914289 0.2653542066467602 0.2651365707297845 
0.794921875 0.125 0.125 0.125 0.125 0.125 0.125 0.125 0.125 0.125 0.125 0.125 0.12499999999999963 0.12500000000011613 0.125000000011004 0.1249999988028546 0.12499972422150799 0.12501168634522092 0.24924548932192017 0.26566327402827267 0.26563724318595405 0.26527029449462025 
0.798828125 0.125 0.125 0.125 0.125 0.125 0.125 0.125 0.125 0.125 0.125 0.125 0.12499999999999951 0.12499999999997824 0.12500000000379788 0.12500000068125994 0.12499998704299277 0.1249905303243746 0.19171290923708992 0.2656826946434526 0.26584203941541834 0.2654042467909467 
0.802734375 0.125 0.125 0.125 0.125 0.125 0.125 0.125 0.125 0.125 0.125 0.125 0.125 0.1249999999999873 0.12499999999847534 0.12500000008397988 0.12500003455271258 0.12500266680144548 0.13689099687927764 0.2653277571974235 0.26586602562440464 0.26551557910421175 
0.806640625 0.125 0.125 0.125 0.125 0.125 0.125 0.125 0.125 0.125 0.125 0.125 0.125 0.1250000000000025 0.12499999999968336 0.1249999999174841 0.12499999933408021 0.12500151129415074 0.1262694201755968 0.2639782857976716 0.26573443008037756 0.2656227945213236 
0.810546875 0.125 0.125 0.125 0.125 0.125 0.125 0.125 0.125 0.125 0.125 0.125 0.125 0.12500000000000067 0.12500000000019368 0.12499999999682425 0.12499999621332801 0.12499977845552125 0.1251082917021852 0.2583872035123628 0.26560234481711936 0.26574295937429826 
0.814453125 0.125 0.125 0.125 0.125 0.125 0.125 0.125 0.125 0.125 0.125 0.125 0.125 0.12499999999999935 0.1250000000000199 0.12500000000950012 0.12500000037311884 0.1249998645553162 0.1249840379401105 0.2261023547006813 0.26551590318758983 0.26585734947821227 
0.818359375 0.125 0.125 0.125 0.125 0.125 0.125 0.125 0.125 0.125 0.125 0.125 0.125 0.12499999999999982 0.12499999999997537 0.12499999999964194 0.12500000039954165 0.12500003880326507 0.12499934200632723 0.15654945754867658 0.2652865167874793 0.26589447484101353 
0.822265625 0.125 0.125 0.125 0.125 0.125 0.125 0.125 0.125 0.125 0.125 0.125 0.125 0.125 0.12499999999999857 0.12499999999895828 0.12499999992876042 0.12500001361134516 0.1250027759253006 0.12879944580928637 0.2645514744188481 0.2657806837450199 
0.826171875 0.125 0.125 0.125 0.125 0.125 0.125 0.125 0.125 0.125 0.125 0.125 0.125 0.125 0.1250000000000022 0.12500000000011666 0.12499999996066073 0.12499999474678937 0.12500029487776307 0.1253770979837937 0.2619758297456531 0.26557611462102343 
0.830078125 0.125 0.125 0.125 0.125 0.125 0.125 0.125 0.125 0.125 0.125 0.125 0.125 0.125 0.12499999999999957 0.1250000000001066 0.12500000001092673 0.12499999888442509 0.1249997285487851 0.12500822241131387 0.24832626294895593 0.2654236695159677 
0.833984375 0.125 0.125 0.125 0.125 0.125 0.125 0.125 0.125 0.125 0.125 0.125 0.125 0.125 0.12499999999999954 0.12499999999997738 0.12500000000359093 0.125000000680189 0.12499999237286695 0.12499119109712367 0.1897132853496775 0.2652875742159772 
0.837890625 0.125 0.125 0.125 0.125 0.125 0.125 0.125 0.125 0.125 0.125 0.125 0.125 0.125 0.125 0.12499999999998855 0.12499999999850624 0.1250000000757976 0.12500003368190768 0.12500275308511227 0.13616080230330396 0.2649072869373512 
0.841796875 0.125 0.125 0.125 0.125 0.125 0.125 0.125 0.125 0.125 0.125 0.125 0.125 0.125 0.125 0.12500000000000255 0.1249999999997074 0.12499999991829859 0.12499999878545935 0.12500141979118484 0.12618692314255667 0.26363782567319816 
0.845703125 0.125 0.125 0.125 0.125 0.125 0.125 0.125 0.125 0.125 0.125 0.125 0.125 0.125 0.125 0.12500000000000053 0.1250000000001877 0.12499999999757598 0.12499999633799541 0.12499976274914124 0.12509941895276033 0.258002392721247 
0.849609375 0.125 0.125 0.125 0.125 0.125 0.125 0.125 0.125 0.125 0.125 0.125 0.125 0.125 0.125 0.12499999999999935 0.12500000000001715 0.12500000000933956 0.12500000042318976 0.12499987445046497 0.12498394138668643 0.22446457574414228 
0.853515625 0.125 0.125 0.125 0.125 0.125 0.125 0.125 0.125 0.125 0.125 0.125 0.125 0.125 0.125 0.12499999999999983 0.12499999999997635 0.12499999999958128 0.12500000038326323 0.1250000398326359 0.12499968897207395 0.15510165714790383 
0.857421875 0.125 0.125 0.125 0.125 0.125 0.125 0.125 0.125 0.125 0.125 0.125 0.125 0.125 0.125 0.125 0.12499999999999882 0.12499999999898267 0.12499999992451608 0.12500001236056038 0.1250027146161143 0.12858355666148422 
0.861328125 0.125 0.125 0.125 0.125 0.125 0.125 0.125 0.125 0.125 0.125 0.125 0.125 0.125 0.125 0.125 0.12500000000000192 0.12500000000012018 0.12499999996259488 0.12499999470492781 0.1250002442276879 0.12535270923797204 
0.865234375 0.125 0.125 0.125 0.125 0.125 0.125 0.125 0.125 0.125 0.125 0.125 0.125 0.125 0.125 0.125 0.12499999999999956 0.1250000000001032 0.12500000001124095 0.12499999902592451 0.124999735189365 0.1250054773968852 
0.869140625 0.125 0.125 0.125 0.125 0.125 0.125 0.125 0.125 0.125 0.125 0.125 0.125 0.125 0.125 0.125 0.12499999999999957 0.12499999999997743 0.12500000000337488 0.12500000067543326 0.1249999974898383 0.12499174932027923 
0.873046875 0.125 0.125 0.125 0.125 0.125 0.125 0.125 0.125 0.125 0.125 0.125 0.125 0.125 0.125 0.125 0.125 0.12499999999998891 0.12499999999848868 0.125000000060425 0.12500003244935887 0.125002812328318 
0.876953125 0.125 0.125 0.125 0.125 0.125 0.125 0.125 0.125 0.125 0.125 0.125 0.125 0.125 0.125 0.125 0.125 0.12500000000000241 0.12499999999973005 0.12499999991975062 0.12499999825512817 0.12500134173299374 
0.880859375 0.125 0.125 0.125 0.125 0.125 0.125 0.125 0.125 0.125 0.125 0.125 0.125 0.125 0.125 0.125 0.125 0.12500000000000047 0.12500000000018738 0.12499999999916397 0.12499999651622021 0.12499975193828507 
0.884765625 0.125 0.125 0.125 0.125 0.125 0.125 0.125 0.125 0.125 0.125 0.125 0.125 0.125 0.125 0.125 0.125 0.12499999999999935 0.12500000000001482 0.12500000000908892 0.12500000047086465 0.12499988298913658 
0.888671875 0.125 0.125 0.125 0.125 0.125 0.125 0.125 0.125 0.125 0.125 0.125 0.125 0.125 0.125 0.125 0.125 0.12499999999999983 0.12499999999997657 0.12499999999942464 0.12500000035935047 0.1250000403282804 
0.892578125 0.125 0.125 0.125 0.125 0.125 0.125 0.125 0.125 0.125 0.125 0.125 0.125 0.125 0.125 0.125 0.125 0.125 0.12499999999999892 0.12499999999901822 0.12499999992068794 0.12500001127901259 
0.896484375 0.125 0.125 0.125 0.125 0.125 0.125 0.125 0.125 0.125 0.125 0.125 0.125 0.125 0.125 0.125 0.125 0.125 0.1250000000000019 0.12500000000013475 0.12499999996557051 0.12499999472512259 
0.900390625 0.125 0.125 0.125 0.125 0.125 0.125 0.125 0.125 0.125 0.125 0.125 0.125 0.125 0.125 0.125 0.125 0.125 0.12499999999999953 0.12500000000009887 0.12500000001148034 0.12499999914858574 
0.904296875 0.125 0.125 0.125 0.125 0.125 0.125 0.125 0.125 0.125 0.125 0.125 0.125 0.125 0.125 0.125 0.125 0.125 0.12499999999999957 0.12499999999997606 0.12500000000302286 0.12500000066325137 
0.908203125 0.125 0.125 0.125 0.125 0.125 0.125 0.125 0.125 0.125 0.125 0.125 0.125 0.125 0.125 0.125 0.125 0.125 0.125 0.12499999999998929 0.1249999999984837 0.1250000000471114 
0.912109375 0.125 0.125 0.125 0.125 0.125 0.125 0.125 0.125 0.125 0.125 0.125 0.125 0.125 0.125 0.125 0.125 0.125 0.125 0.12500000000000244 0.12499999999976956 0.12499999992215642 
0.916015625 0.125 0.125 0.125 0.125 0.125 0.125 0.125 0.125 0.125 0.125 0.125 0.125 0.125 0.125 0.125 0.125 0.125 0.125 0.12500000000000044 0.12500000000018557 0.12500000000052533 
0.919921875 0.125 0.125 0.125 0.125 0.125 0.125 0.125 0.125 0.125 0.125 0.125 0.125 0.125 0.125 0.125 0.125 0.125 0.125 0.12499999999999935 0.12500000000001063 0.12500000000871028 
0.923828125 0.125 0.125 0.125 0.125 0.125 0.125 0.125 0.125 0.125 0.125 0.125 0.125 0.125 0.125 0.125 0.125 0.125 0.125 0.12499999999999985 0.12499999999997692 0.12499999999929375 
0.927734375 0.125 0.125 0.125 0.125 0.125 0.125 0.125 0.125 0.125 0.125 0.125 0.125 0.125 0.125 0.125 0.125 0.125 0.125 0.125 0.12499999999999944 0.12499999999907117 
0.931640625 0.125 0.125 0.125 0.125 0.125 0.125 0.125 0.125 0.125 0.125 0.125 0.125 0.125 0.125 0.125 0.125 0.125 0.125 0.125 0.1250000000000019 0.12500000000014613 
0.935546875 0.125 0.125 0.125 0.125 0.125 0.125 0.125 0.125 0.125 0.125 0.125 0.125 0.125 0.125 0.125 0.125 0.125 0.125 0.125 0.12499999999999951 0.12500000000009184 
0.939453125 0.125 0.125 0.125 0.125 0.125 0.125 0.125 0.125 0.125 0.125 0.125 0.125 0.125 0.125 0.125 0.125 0.125 0.125 0.125 0.1249999999999996 0.12499999999997526 
0.943359375 0.125 0.125 0.125 0.125 0.125 0.125 0.125 0.125 0.125 0.125 0.125 0.125 0.125 0.125 0.125 0.125 0.125 0.125 0.125 0.125 0.1249999999999904 
0.947265625 0.125 0.125 0.125 0.125 0.125 0.125 0.125 0.125 0.125 0.125 0.125 0.125 0.125 0.125 0.125 0.125 0.125 0.125 0.125 0.125 0.12500000000000264 
0.951171875 0.125 0.125 0.125 0.125 0.125 0.125 0.125 0.125 0.125 0.125 0.125 0.125 0.125 0.125 0.125 0.125 0.125 0.125 0.125 0.125 0.12500000000000033 
0.955078125 0.125 0.125 0.125 0.125 0.125 0.125 0.125 0.125 0.125 0.125 0.125 0.125 0.125 0.125 0.125 0.125 0.125 0.125 0.125 0.125 0.12499999999999935 
0.958984375 0.125 0.125 0.125 0.125 0.125 0.125 0.125 0.125 0.125 0.125 0.125 0.125 0.125 0.125 0.125 0.125 0.125 0.125 0.125 0.125 0.12499999999999985 
0.962890625 0.125 0.125 0.125 0.125 0.125 0.125 0.125 0.125 0.125 0.125 0.125 0.125 0.125 0.125 0.125 0.125 0.125 0.125 0.125 0.125 0.125 
0.966796875 0.125 0.125 0.125 0.125 0.125 0.125 0.125 0.125 0.125 0.125 0.125 0.125 0.125 0.125 0.125 0.125 0.125 0.125 0.125 0.125 0.125 
0.970703125 0.125 0.125 0.125 0.125 0.125 0.125 0.125 0.125 0.125 0.125 0.125 0.125 0.125 0.125 0.125 0.125 0.125 0.125 0.125 0.125 0.125 
0.974609375 0.125 0.125 0.125 0.125 0.125 0.125 0.125 0.125 0.125 0.125 0.125 0.125 0.125 0.125 0.125 0.125 0.125 0.125 0.125 0.125 0.125 
0.978515625 0.125 0.125 0.125 0.125 0.125 0.125 0.125 0.125 0.125 0.125 0.125 0.125 0.125 0.125 0.125 0.125 0.125 0.125 0.125 0.125 0.125 
0.982421875 0.125 0.125 0.125 0.125 0.125 0.125 0.125 0.125 0.125 0.125 0.125 0.125 0.125 0.125 0.125 0.125 0.125 0.125 0.125 0.125 0.125 
0.986328125 0.125 0.125 0.125 0.125 0.125 0.125 0.125 0.125 0.125 0.125 0.125 0.125 0.125 0.125 0.125 0.125 0.125 0.125 0.125 0.125 0.125 
0.990234375 0.125 0.125 0.125 0.125 0.125 0.125 0.125 0.125 0.125 0.125 0.125 0.125 0.125 0.125 0.125 0.125 0.125 0.125 0.125 0.125 0.125 
0.994140625 0.125 0.125 0.125 0.125 0.125 0.125 0.125 0.125 0.125 0.125 0.125 0.125 0.125 0.125 0.125 0.125 0.125 0.125 0.125 0.125 0.125 
0.998046875 0.125 0.125 0.125 0.125 0.125 0.125 0.125 0.125 0.125 0.125 0.125 0.125 0.125 0.125 0.125 0.125 0.125 0.125 0.125 0.125 0.125 
