0.001953125 0.0 0.0 0.0 0.0 0.0 0.0 0.0 0.0 0.0 0.0 0.0 0.0 0.0 0.0 0.0 0.0 0.0 0.0 0.0 0.0 0.0 
0.005859375 0.0 0.0 0.0 0.0 0.0 0.0 0.0 0.0 0.0 0.0 0.0 0.0 0.0 0.0 0.0 0.0 0.0 0.0 0.0 0.0 0.0 
0.009765625 0.0 0.0 0.0 0.0 0.0 0.0 0.0 0.0 0.0 0.0 0.0 0.0 0.0 0.0 0.0 0.0 0.0 0.0 0.0 0.0 0.0 
0.013671875 0.0 0.0 0.0 0.0 0.0 0.0 0.0 0.0 0.0 0.0 0.0 0.0 0.0 0.0 0.0 0.0 0.0 0.0 0.0 0.0 0.0 
0.017578125 0.0 0.0 0.0 0.0 0.0 0.0 0.0 0.0 0.0 0.0 0.0 0.0 0.0 0.0 0.0 0.0 0.0 0.0 0.0 0.0 0.0 
0.021484375 0.0 0.0 0.0 0.0 0.0 0.0 0.0 0.0 0.0 0.0 0.0 0.0 0.0 0.0 0.0 0.0 0.0 0.0 0.0 0.0 0.0 
0.025390625 0.0 0.0 0.0 0.0 0.0 0.0 0.0 0.0 0.0 0.0 0.0 0.0 0.0 0.0 0.0 0.0 0.0 0.0 0.0 0.0 0.0 
0.029296875 0.0 0.0 0.0 0.0 0.0 0.0 0.0 0.0 0.0 0.0 0.0 0.0 0.0 0.0 0.0 0.0 0.0 0.0 0.0 0.0 0.0 
0.033203125 0.0 0.0 0.0 0.0 0.0 0.0 0.0 0.0 0.0 0.0 0.0 0.0 0.0 0.0 0.0 0.0 0.0 0.0 0.0 0.0 0.0 
0.037109375 0.0 0.0 0.0 0.0 0.0 0.0 0.0 0.0 0.0 0.0 0.0 0.0 0.0 0.0 0.0 0.0 0.0 0.0 0.0 0.0 0.0 
0.041015625 0.0 0.0 0.0 0.0 0.0 0.0 0.0 0.0 0.0 0.0 0.0 0.0 0.0 0.0 0.0 0.0 0.0 0.0 0.0 0.0 0.0 
0.044921875 0.0 0.0 0.0 0.0 0.0 0.0 0.0 0.0 0.0 0.0 0.0 0.0 0.0 0.0 0.0 0.0 0.0 0.0 0.0 0.0 0.0 
0.048828125 0.0 0.0 0.0 0.0 0.0 0.0 0.0 0.0 0.0 0.0 0.0 0.0 0.0 0.0 0.0 0.0 0.0 0.0 0.0 0.0 0.0 
0.052734375 0.0 0.0 0.0 0.0 0.0 0.0 0.0 0.0 0.0 0.0 0.0 0.0 0.0 0.0 0.0 0.0 0.0 0.0 0.0 0.0 0.0 
0.056640625 0.0 0.0 0.0 0.0 0.0 0.0 0.0 0.0 0.0 0.0 0.0 0.0 0.0 0.0 0.0 0.0 0.0 0.0 0.0 0.0 0.0 
0.060546875 0.0 0.0 0.0 0.0 0.0 0.0 0.0 0.0 0.0 0.0 0.0 0.0 0.0 0.0 0.0 0.0 0.0 0.0 0.0 0.0 0.0 
0.064453125 0.0 0.0 0.0 0.0 0.0 0.0 0.0 0.0 0.0 0.0 0.0 0.0 0.0 0.0 0.0 0.0 0.0 0.0 0.0 0.0 0.0 
0.068359375 0.0 0.0 0.0 0.0 0.0 0.0 0.0 0.0 0.0 0.0 0.0 0.0 0.0 0.0 0.0 0.0 0.0 0.0 0.0 0.0 0.0 
0.072265625 0.0 0.0 0.0 0.0 0.0 0.0 0.0 0.0 0.0 0.0 0.0 0.0 0.0 0.0 0.0 0.0 0.0 0.0 0.0 0.0 0.0 
0.076171875 0.0 0.0 0.0 0.0 0.0 0.0 0.0 0.0 0.0 0.0 0.0 0.0 0.0 0.0 0.0 0.0 0.0 0.0 0.0 0.0 0.0 
0.080078125 0.0 0.0 0.0 0.0 0.0 0.0 0.0 0.0 0.0 0.0 0.0 0.0 0.0 0.0 0.0 0.0 0.0 0.0 0.0 0.0 0.0 
0.083984375 0.0 0.0 0.0 0.0 0.0 0.0 0.0 0.0 0.0 0.0 0.0 0.0 0.0 0.0 0.0 0.0 0.0 0.0 0.0 0.0 -9.473903143468004e-18 
0.087890625 0.0 0.0 0.0 0.0 0.0 0.0 0.0 0.0 0.0 0.0 0.0 0.0 0.0 0.0 0.0 0.0 0.0 0.0 0.0 0.0 -1.4874027935244738e-16 
0.091796875 0.0 0.0 0.0 0.0 0.0 0.0 0.0 0.0 0.0 0.0 0.0 0.0 0.0 0.0 0.0 0.0 0.0 0.0 0.0 0.0 1.5333512237702956e-15 
0.095703125 0.0 0.0 0.0 0.0 0.0 0.0 0.0 0.0 0.0 0.0 0.0 0.0 0.0 0.0 0.0 0.0 0.0 0.0 0.0 0.0 -2.523847797419879e-15 
0.099609375 0.0 0.0 0.0 0.0 0.0 0.0 0.0 0.0 0.0 0.0 0.0 0.0 0.0 0.0 0.0 0.0 0.0 0.0 0.0 -1.4589810840940722e-16 -2.2832580270915044e-14 
0.103515625 0.0 0.0 0.0 0.0 0.0 0.0 0.0 0.0 0.0 0.0 0.0 0.0 0.0 0.0 0.0 0.0 0.0 0.0 0.0 7.583859466346137e-16 -1.5115612465403136e-14 
0.107421875 0.0 0.0 0.0 0.0 0.0 0.0 0.0 0.0 0.0 0.0 0.0 0.0 0.0 0.0 0.0 0.0 0.0 0.0 0.0 4.898007925172943e-16 1.1392652747114578e-13 
0.111328125 0.0 0.0 0.0 0.0 0.0 0.0 0.0 0.0 0.0 0.0 0.0 0.0 0.0 0.0 0.0 0.0 0.0 0.0 -1.3263464400855203e-17 -1.3476627221583229e-14 2.8589444885559057e-13 
0.115234375 0.0 0.0 0.0 0.0 0.0 0.0 0.0 0.0 0.0 0.0 0.0 0.0 0.0 0.0 0.0 0.0 0.0 0.0 1.4968766966679442e-16 -2.311963953616209e-14 2.0750690055137605e-14 
0.119140625 0.0 0.0 0.0 0.0 0.0 0.0 0.0 0.0 0.0 0.0 0.0 0.0 0.0 0.0 0.0 0.0 0.0 0.0 1.4945082208820759e-15 5.485200442005109e-14 -1.0061683042295039e-12 
0.123046875 0.0 0.0 0.0 0.0 0.0 0.0 0.0 0.0 0.0 0.0 0.0 0.0 0.0 0.0 0.0 0.0 0.0 0.0 -5.396335230519373e-15 2.291462427213748e-13 -1.368571626395954e-12 
0.126953125 0.0 0.0 0.0 0.0 0.0 0.0 0.0 0.0 0.0 0.0 0.0 0.0 0.0 0.0 0.0 0.0 0.0 1.8000415972589207e-17 -1.990988115115517e-14 1.6881926967471276e-13 2.1322250631783403e-12 
0.130859375 0.0 0.0 0.0 0.0 0.0 0.0 0.0 0.0 0.0 0.0 0.0 0.0 0.0 0.0 0.0 0.0 0.0 9.199159952307427e-16 1.6176215922314474e-14 -6.017591166103864e-13 8.432991194240454e-12 
0.134765625 0.0 0.0 0.0 0.0 0.0 0.0 0.0 0.0 0.0 0.0 0.0 0.0 0.0 0.0 0.0 0.0 0.0 -3.6853483228090736e-16 1.5923878512088158e-13 -1.3939432127093208e-12 3.968150489678594e-12 
0.138671875 0.0 0.0 0.0 0.0 0.0 0.0 0.0 0.0 0.0 0.0 0.0 0.0 0.0 0.0 0.0 0.0 0.0 -1.1634426755335869e-14 2.262439124933732e-13 5.906836501405167e-13 -2.6249369492840433e-11 
0.142578125 0.0 0.0 0.0 0.0 0.0 0.0 0.0 0.0 0.0 0.0 0.0 0.0 0.0 0.0 0.0 0.0 2.1505760135672359e-16 -3.178020809476319e-15 -2.5978910874376546e-13 6.4397776592765374e-12 -5.3263745769527205e-11 
0.146484375 0.0 0.0 0.0 0.0 0.0 0.0 0.0 0.0 0.0 0.0 0.0 0.0 0.0 0.0 0.0 0.0 1.2221335055073714e-15 9.303609734464163e-14 -1.1755763769845843e-12 6.8368876782187494e-12 1.8985314416871438e-11 
0.150390625 0.0 0.0 0.0 0.0 0.0 0.0 0.0 0.0 0.0 0.0 0.0 0.0 0.0 0.0 0.0 0.0 -3.459869427994515e-15 2.1520634163607578e-13 -4.262432184987089e-13 -1.517132470022869e-11 2.2458416140125338e-10 
0.154296875 0.0 0.0 0.0 0.0 0.0 0.0 0.0 0.0 0.0 0.0 0.0 0.0 0.0 0.0 0.0 2.178997722997641e-17 -7.710809768468599e-15 -1.731308429953133e-14 4.268385112027318e-12 -4.7989832789122964e-11 2.709759722089675e-10 
0.158203125 0.0 0.0 0.0 0.0 0.0 0.0 0.0 0.0 0.0 0.0 0.0 0.0 0.0 0.0 0.0 4.836427554740413e-16 4.262119546183384e-14 -8.331596745847489e-13 7.685037436052258e-12 -1.2194878706850308e-11 -3.9275702429601334e-10 
0.162109375 0.0 0.0 0.0 0.0 0.0 0.0 0.0 0.0 0.0 0.0 0.0 0.0 0.0 0.0 0.0 6.049087157104303e-16 1.6503065580764069e-13 -9.371210770344367e-13 -6.104323801992015e-12 1.6222156157634037e-10 -1.57146877057812e-9 
0.166015625 0.0 0.0 0.0 0.0 0.0 0.0 0.0 0.0 0.0 0.0 0.0 0.0 0.0 0.0 0.0 -4.802321503423928e-15 1.1830868137015634e-13 2.2862787811088023e-12 -3.866343547542782e-11 2.8711753875162035e-10 -1.0845645211550877e-9 
0.169921875 0.0 0.0 0.0 0.0 0.0 0.0 0.0 0.0 0.0 0.0 0.0 0.0 0.0 0.0 1.3121355853703183e-16 1.2349232747510544e-14 -4.737231051876737e-13 7.009710145666749e-12 -3.1541583685642014e-11 -1.6142169935543964e-10 3.728600449430059e-9 
0.173828125 0.0 0.0 0.0 0.0 0.0 0.0 0.0 0.0 0.0 0.0 0.0 0.0 0.0 0.0 8.479143313403854e-16 1.0357723567722124e-13 -1.0345686973778344e-12 3.921400093531541e-13 1.0254410322356009e-10 -1.2860286110101995e-9 9.704961828068304e-9 
0.177734375 0.0 0.0 0.0 0.0 0.0 0.0 0.0 0.0 0.0 0.0 0.0 0.0 0.0 0.0 -1.3130829756846675e-15 1.608602436438859e-13 7.450012162735233e-13 -2.7480965532807495e-11 2.697450668165399e-10 -1.4103087328483789e-9 3.1934936264595294e-9 
0.181640625 0.0 0.0 0.0 0.0 0.0 0.0 0.0 0.0 0.0 0.0 0.0 0.0 0.0 2.178997722997641e-17 -9.74390938305684e-16 -1.774803119284726e-13 5.405546232850607e-12 -3.9991608484039347e-11 1.6742787541563986e-11 2.3345530578922106e-9 -2.7086491301986366e-8 
0.185546875 0.0 0.0 0.0 0.0 0.0 0.0 0.0 0.0 0.0 0.0 0.0 0.0 0.0 4.547473508864637e-16 5.0836490572692105e-14 -8.57198282725827e-13 4.1966785602198635e-12 5.094674548900012e-11 -9.71243031244739e-10 8.618463554436548e-9 -5.5699911101688275e-8 
0.189453125 0.0 0.0 0.0 0.0 0.0 0.0 0.0 0.0 0.0 0.0 0.0 0.0 0.0 4.580632169866764e-16 1.4206780936850293e-13 -2.3912368381691623e-13 -1.6456964146982517e-11 2.2808734598811472e-10 -1.53886831242289e-9 5.8144559062611606e-9 -6.31130072576967e-9 
0.193359375 0.0 0.0 0.0 0.0 0.0 0.0 0.0 0.0 0.0 0.0 0.0 0.0 0.0 -3.3793412512750347e-15 1.4702550288347652e-14 3.4647641200535866e-12 -3.9520906132868984e-11 1.3756739036807578e-10 1.1255776162973567e-9 -1.977494288354366e-8 1.6760041930439228e-7 
0.197265625 0.0 0.0 0.0 0.0 0.0 0.0 0.0 0.0 0.0 0.0 0.0 0.0 1.4826658419527423e-16 1.6521539691893847e-14 -5.565595984080575e-13 5.595630625521142e-12 1.1197391813766534e-11 -6.577998372373864e-10 7.228462271768875e-9 -5.2058370850716006e-8 3.1266621466746327e-7 
0.201171875 0.0 0.0 0.0 0.0 0.0 0.0 0.0 0.0 0.0 0.0 0.0 0.0 7.223851146894345e-16 9.417154463638623e-14 -6.839840693828578e-13 -7.1723851154577906e-12 1.7243849441683769e-10 -1.496269044309883e-9 7.502029749180847e-9 -2.1760885208266173e-8 3.498547206201302e-8 
0.205078125 0.0 0.0 0.0 0.0 0.0 0.0 0.0 0.0 0.0 0.0 0.0 0.0 -1.5380881753420308e-15 1.0108559915048892e-13 1.684725248196629e-12 -3.2841406986487195e-11 2.023255239199286e-10 1.5116308655176107e-10 -1.2945728531595561e-8 1.3263439615182438e-7 -8.855050975924431e-7 
0.208984375 0.0 0.0 0.0 0.0 0.0 0.0 0.0 0.0 0.0 0.0 0.0 2.178997722997641e-17 1.054445419867992e-15 -2.572666820318166e-13 5.194092977944814e-12 -1.491417217872969e-11 -3.7336667920347617e-10 5.662498038816466e-9 -4.663479143450402e-8 2.9903600345685745e-7 -1.6990010658659545e-6 
0.212890625 0.0 0.0 0.0 0.0 0.0 0.0 0.0 0.0 0.0 0.0 0.0 4.2300977535584587e-16 4.6127013320074156e-14 -7.132522720591317e-13 -5.99058106824195e-13 1.1308887432430007e-10 -1.319036695690555e-9 8.28772222073817e-9 -3.345903218558974e-8 1.0694730023459369e-7 -4.6767749775871514e-7 
0.216796875 0.0 0.0 0.0 0.0 0.0 0.0 0.0 0.0 0.0 0.0 0.0 2.974805587048947e-16 1.067912573186427e-13 3.846769421519047e-13 -2.298607597595037e-11 2.1762822134026731e-10 -5.576654350155251e-10 -6.871635667948809e-9 9.855113833007571e-8 -7.322859827738176e-7 4.239996859168117e-6 
0.220703125 0.0 0.0 0.0 0.0 0.0 0.0 0.0 0.0 0.0 0.0 0.0 -2.63469246419845e-15 -4.405696548322666e-14 3.762722637172069e-12 -2.7696817520942724e-11 -1.4006550988672984e-10 4.053763022208538e-9 -3.9836372170990825e-8 2.7762354583084415e-7 -1.6314783606333073e-6 9.964997357642828e-6 
0.224609375 0.0 0.0 0.0 0.0 0.0 0.0 0.0 0.0 0.0 0.0 1.1179205709292244e-16 1.3751844107900977e-14 -5.070039795403617e-13 2.9924365207989344e-12 5.911593679760099e-11 -1.05167383897727e-9 8.251686957786797e-9 -4.127502313148535e-8 1.658096762994881e-7 -7.427087804548615e-7 8.826192220407793e-6 
0.228515625 0.0 0.0 0.0 0.0 0.0 0.0 0.0 0.0 0.0 0.0 5.641709321935187e-16 7.202582234337259e-14 -3.1910711110564606e-13 -1.2823259017598805e-11 1.9467140125091933e-10 -9.919439245701728e-10 -1.787825452481709e-9 6.641201919137538e-8 -5.801037665473057e-7 3.59118507082741e-6 -6.818485610019842e-6 
0.232421875 0.0 0.0 0.0 0.0 0.0 0.0 0.0 0.0 0.0 0.0 -1.0743406164692727e-15 5.844782435815414e-14 2.063766639063639e-12 -2.938203067515128e-11 2.7852610173794854e-11 2.532283518045614e-9 -3.213765737513085e-8 2.4942524328537263e-7 -1.5367964522037382e-6 9.442225309734427e-6 -3.0065006966783864e-5 
0.236328125 0.0 0.0 0.0 0.0 0.0 0.0 0.0 0.0 0.0 0.0 3.2590226813530195e-16 -2.445328088166814e-13 3.993001011319084e-12 1.7233984313710067e-11 -7.42837924387155e-10 7.522953991193987e-9 -4.522565252121531e-8 2.1057032973506688e-7 -9.764172209571558e-7 9.251367903744263e-6 -2.393749436501238e-5 
0.240234375 0.0 0.0 0.0 0.0 0.0 0.0 0.0 0.0 0.0 2.420582253156074e-16 3.173615444514627e-14 -5.065620219587186e-13 -4.564014943753144e-12 1.4778743775423197e-10 -1.1669945995625595e-9 2.1270677734719227e-9 3.72680505568232e-8 -4.321259520490158e-7 2.948179063296174e-6 -5.235579851501406e-6 8.86579100712596e-5 
0.244140625 0.0 0.0 0.0 0.0 0.0 0.0 0.0 0.0 0.0 3.074281570055362e-16 7.340853850716174e-14 6.789605322410363e-13 -2.3607608549506626e-11 1.2574934042201332e-10 1.2142459321277493e-9 -2.4065240077201598e-8 2.1571717551580593e-7 -1.4167645585876195e-6 8.852468626165447e-6 -2.8765627328744846e-5 0.000445053982394542 
0.248046875 0.0 0.0 0.0 0.0 0.0 0.0 0.0 0.0 0.0 -1.8019363778876136e-15 -4.77915781023817e-14 3.264502386931174e-12 -9.127420241838954e-12 -4.402657850732796e-10 6.275490720971292e-9 -4.5500481456410034e-8 2.4051716591912913e-7 -1.1651491661851264e-6 9.57940393474954e-6 -2.6123129562348846e-5 0.0012959930984976415 
0.251953125 0.0 0.0 0.0 0.0 0.0 0.0 0.0 0.0 2.7474319116057214e-17 7.042899596854112e-15 -3.79956096215513e-13 5.950430666719739e-13 9.230851389929741e-11 -1.1224318834971787e-9 4.7708496997718795e-9 1.2110037300298496e-8 -2.917544739853882e-7 2.3182156229632774e-6 -3.659245276401691e-6 7.870670309583453e-5 0.0030996429637131736 
0.255859375 0.0 0.0 0.0 0.0 0.0 0.0 0.0 0.0 3.3300769549290015e-16 4.427154938942596e-14 -1.0957090050093554e-13 -1.4576400057345988e-11 1.5924115217558194e-10 1.9006973370021089e-10 -1.6173397365548695e-8 1.780635777421934e-7 -1.2739161031978096e-6 8.19767401761121e-6 -2.7297189212528427e-5 0.00042248791543920744 0.00667522791007181 
0.259765625 0.0 0.0 0.0 0.0 0.0 0.0 0.0 0.0 -2.49637347830382e-16 3.875821145508464e-14 1.84019673573251e-12 -2.0190235261452427e-11 -1.8482300892704527e-10 4.718621144187787e-9 -4.248320130149821e-8 2.553251107713089e-7 -1.3055095274514355e-6 9.801028820105726e-6 -2.802686136518217e-5 0.00125730973213581 0.012822066819339924 
0.263671875 0.0 0.0 0.0 0.0 0.0 0.0 0.0 0.0 -9.46916619189626e-16 -1.6563461713303695e-13 2.6069462440621734e-12 4.1963317679953164e-11 -9.190266643107249e-10 6.136648273979961e-9 -8.196058275207842e-9 -1.6256962664063767e-7 1.709470357610602e-6 -2.1020712966627103e-6 6.895430975084623e-5 0.0030447476347707884 0.021535353215007165 
0.267578125 0.0 0.0 0.0 0.0 0.0 0.0 0.0 6.252776074688882e-17 1.4859343385372383e-14 -3.3204941018993794e-13 -6.062169196259982e-12 1.4322160761063657e-10 -4.875049754104994e-10 -9.008827811859056e-9 1.3830920932207392e-7 -1.1116334370276107e-6 7.480976279773203e-6 -2.565935501205937e-5 0.0003997179830657402 0.006630467563088773 0.032204200580548216 
0.271484375 0.0 0.0 0.0 0.0 0.0 0.0 0.0 2.8705926524708027e-16 4.388169827507222e-14 5.813243812250833e-13 -1.946509750420468e-11 -4.416209738641074e-12 3.0804918400425182e-9 -3.676430810770626e-8 2.5517032430334017e-7 -1.3945380730466636e-6 9.906579358081529e-6 -2.963158761680133e-5 0.0012178020357056303 0.012911858847902769 0.04410568810237649 
0.275390625 0.0 0.0 0.0 0.0 0.0 0.0 0.0 -8.052817671947803e-16 -1.6260059965134223e-14 2.369976452124924e-12 6.278323875600746e-12 -6.316125147047085e-10 6.32751239777462e-9 -2.2989828187765613e-8 -4.823601355781261e-8 1.1311419628915128e-6 -5.785839217362699e-7 5.9419433387856725e-5 0.0029888411012449602 0.021944230881300666 0.05665349244369455 
0.279296875 0.0 0.0 0.0 0.0 0.0 0.0 0.0 1.1652900866465655e-15 -2.2874312814262023e-13 -4.659905054419793e-13 9.888765172642402e-11 -8.132129446873158e-10 -3.0632871698799232e-9 9.8546061458175e-8 -9.34282315882247e-7 6.707020022743389e-6 -2.3852582742487997e-5 0.0003767258737548981 0.006583862165252842 0.03308646056833377 0.0694569841687247 
0.283203125 0.0 0.0 0.0 0.0 0.0 0.0 1.3263464400855203e-17 1.8785328848025517e-14 -8.531533997787176e-14 -1.2476299578641668e-11 9.088460709942103e-11 1.5837655989040904e-9 -2.9137946238696083e-8 2.408599992231565e-7 -1.4299543281931394e-6 9.886062744475509e-6 -3.091840633513052e-5 0.0011773266673598894 0.013006371185639054 0.0455546786665127 0.08228433802174688 
0.287109375 0.0 0.0 0.0 0.0 0.0 0.0 2.330580173293127e-16 2.908156678434653e-14 1.2124985460104656e-12 -1.1293138394800397e-11 -3.37735658699027e-10 5.5617656324595054e-9 -3.191241337011275e-8 4.764593217364117e-8 5.935195984131801e-7 8.94330339461151e-7 5.012281570274231e-5 0.0029316911163115612 0.022385659120909555 0.058708714433123775 0.09500337336089888 
0.291015625 0.0 0.0 0.0 0.0 0.0 0.0 -7.294905420470365e-16 -6.535714192068557e-14 1.6652677459205711e-12 4.880717246654363e-11 -8.337410970208707e-10 1.2853254380236865e-9 6.104107623391055e-8 -7.473464294183904e-7 5.882384528025377e-6 -2.1878388718840837e-5 0.0003534921180179976 0.006535266483121696 0.03404905502956771 0.0721226287563585 0.10753691643891132 
0.294921875 0.0 0.0 0.0 0.0 0.0 0.0 2.6062707547680476e-15 -2.0067621638493894e-13 -4.813763609945456e-12 1.1073126652642393e-10 4.1429412884023624e-10 -2.057307633786346e-8 2.1397090442197458e-7 -1.410495793227064e-6 9.729289291174328e-6 -3.1866122284428815e-5 0.0011357217738615169 0.013105962729042287 0.047143291265861136 0.08554540069288788 0.11983770236975659 
0.298828125 0.0 0.0 0.0 0.0 0.0 0.0 1.810557629748168e-14 2.434120460748092e-13 -1.3636955031870436e-11 -1.0292176852999572e-10 4.162478173460235e-9 -3.501268570005312e-8 1.217645678603194e-7 1.0800811391741936e-7 2.296871580240592e-6 4.1087705172908864e-5 0.0028729955143907897 0.022864035044548484 0.06096642548327797 0.09883543188616467 0.13187577801552633 
0.302734375 0.0 0.0 0.0 0.0 0.0 1.601089631246091e-16 1.0855671916942773e-14 1.4088792947101555e-12 1.086794630585551e-11 -6.429505504002004e-10 3.839264998835751e-9 2.810757118538735e-8 -5.575419093920192e-7 5.016144554644579e-6 -1.9739761718349297e-5 0.0003299951952678377 0.006484501992714854 0.03510422630334788 0.07505217945510419 0.11191102361108925 0.14363195687254574 
0.306640625 0.0 0.0 0.0 0.0 0.0 -4.623264734012386e-16 -8.627078310989116e-14 -1.0343228495912887e-13 8.143801721871566e-11 -3.1372409049860384e-10 -1.2146495493918041e-8 1.769806142211411e-7 -1.336380868148504e-6 9.426127545617157e-6 -3.245059791320122e-5 0.001092802556527931 0.013211021610117826 0.04889368693218563 0.08912786751329883 0.12472271446705156 0.15509405322970493 
0.310546875 0.0 0.0 0.0 0.0 0.0 2.1439442813668083e-15 -1.1262576056954748e-13 -7.991157720728853e-12 3.461242386038059e-11 2.523273442515497e-9 -3.2850512881547406e-8 1.7142481742903641e-7 -3.1293375103918346e-7 3.6056089261753013e-6 3.2340613155688e-5 0.002812364366350147 0.023384632150873483 0.06345909010128035 0.10304146803201727 0.1372395393323995 0.16625455030227332 
0.314453125 0.0 0.0 0.0 0.0 0.0 1.0856145612099976e-14 4.706976142188069e-13 -6.9445500609314474e-12 -3.6400298360679995e-10 4.64396401866906e-9 1.8997639945913593e-9 -3.728734491938709e-7 4.12060683563406e-6 -1.7441820022808477e-5 0.00030621036501620597 0.0064313400328289165 0.036266934436371745 0.07828776536312511 0.11670640148974902 0.14944195719328454 0.17710910988816636 
0.318359375 0.0 0.0 0.0 0.0 1.4305593746636683e-16 -1.9653612071124482e-15 1.0800017472926496e-12 3.6843136778467565e-11 -5.8786381629261e-10 -4.924485578783343e-9 1.3335892675693608e-7 -1.2099333588987322e-6 8.966967897456363e-6 -3.2643912469916316e-5 0.0010483549623483985 0.013321964601975551 0.050833093351036335 0.09308244768922407 0.1300709178051244 0.16131780906872523 0.18765560305153145 
0.322265625 0.0 0.0 0.0 0.0 -2.8895404587577405e-16 -7.352459382066928e-14 -1.9689148681815534e-12 7.425307918159276e-11 1.0441815476269773e-9 -2.6570306129751006e-8 1.9500871476244174e-7 -6.560204107789948e-7 4.792558880935358e-6 2.391251069082578e-5 0.002749296992913289 0.023953839304110724 0.06622661047632274 0.107679546322024 0.14310306204083592 0.1728598296006451 0.19789346904735253 
0.326171875 0.0 0.0 0.0 0.0 8.010185107802197e-16 -2.5692277934770703e-14 -8.057460831878409e-12 -1.1723831789822744e-10 4.026950246801178e-9 -1.5888911233711583e-8 -2.0256249216383104e-7 3.2122652434935635e-6 -1.499285822993388e-5 0.0002821082177125189 0.006375475160826717 0.037555674683644964 0.08188106780736754 0.1219872217162654 0.1557830149199385 0.18406406699667002 0.2078232849511493 
0.330078125 0.0 0.0 0.0 0.0 5.80418676084567e-15 4.962146249454236e-13 4.701591175641331e-12 -5.086950636723483e-10 2.1511489336488694e-10 8.755986129500577e-8 -1.0364048384455295e-6 8.343538126430866e-6 -3.241329230901372e-5 0.0010021266399480547 0.013439233981762822 0.05299536170769914 0.09747115538469477 0.13595135747609735 0.16809874614069562 0.19492886318492986 0.21744647373194395 
0.333984375 0.0 0.0 0.0 0.0 -3.2571279007243074e-15 5.191078381964559e-13 5.079767504412301e-11 3.847245721999703e-11 -1.7896974818635648e-8 1.9259156188979872e-7 -9.076661145816885e-7 5.824024460759832e-6 1.5840703814732234e-5 0.002683151590339905 0.024579484901142583 0.06931860330650876 0.1128204050345832 0.14953905797425765 0.18004335585379766 0.20545418556338865 0.2267651050610453 
0.337890625 0.0 0.0 0.0 0.0 -4.6171066969691286e-14 -2.8717361525802205e-12 2.0177037640678356e-11 2.5789518512434967e-9 -2.4429509374594183e-8 -5.672652707176027e-8 2.3130085177825784e-6 -1.2406023658602337e-5 0.00025765299986511196 0.006316482799772988 0.038993614275237815 0.08589620060644622 0.12783131868865832 0.16273033285721797 0.19161339965609228 0.21564118361764062 0.2357817587754412 
0.341796875 0.0 0.0 0.0 -7.105427357601002e-17 9.13852697218934e-15 -5.35110776430276e-12 -2.636061841106614e-10 2.8103983979121887e-9 4.481266079873577e-8 -8.250117778629824e-7 7.55031112059895e-6 -3.1719786736967605e-5 0.0009538138477561573 0.013563289783291296 0.0554231406966138 0.102370645709518 0.14244736032673774 0.17551341449486932 0.20280781776956888 0.22549189245475906 0.24449943036472246 
0.345703125 0.0 0.0 0.0 1.053024334396468e-15 3.606189125093804e-13 1.4277083929907048e-11 -3.7021565712317687e-10 -8.979468102173395e-9 1.6670438587690687e-7 -1.0550387599683572e-6 6.659187244291796e-6 8.171767610482613e-6 0.002613103789084389 0.02527128479446568 0.07279757161708786 0.11855109736285652 0.1566347801095617 0.18788191569794907 0.21362724181698686 0.2350090336156737 0.25292146377531555 
0.349609375 0.0 0.0 0.0 -4.708529862303618e-16 1.3246316636165453e-13 4.4457652847995555e-11 1.0344413250133286e-9 -2.422642181727495e-8 5.4391609039801495e-8 1.4515703335405308e-6 -9.702020248079207e-6 0.00023280089303393076 0.006253751367960683 0.040610206017931846 0.09041370075451091 0.13433398918870887 0.17037356491288236 0.19983305613206523 0.22407354177053407 0.24419588009224308 0.26105150075196554 
0.353515625 0.0 0.0 0.0 -1.7403086379393543e-14 -2.5099192650183484e-12 -5.092543299648853e-11 3.037993435839323e-9 1.0555716933898463e-8 -5.901358203639499e-7 6.586908123837527e-6 -3.0516708035946246e-5 0.0009030422863550995 0.013694593639112072 0.05817097528262798 0.10787680290427834 0.1496603504537291 0.18365238638856746 0.21136654248663664 0.23414952821362697 0.25305616248638635 0.2688934388058712 
0.357421875 0.0 0.0 0.0 2.279894791475587e-15 -2.2813561410354484e-12 -3.089664976603972e-10 -1.9882719380840836e-9 1.2314100995875295e-7 -1.0880170464957913e-6 7.24853191691038e-6 9.661671940492774e-7 0.0025380879151375626 0.026041474301077634 0.07674341207186887 0.1249799532883073 0.16449571493404522 0.19646556269854973 0.22248385497818587 0.24385875513675137 0.2615939997620049 0.27645139212015346 
0.361328125 0.0 0.0 6.252776074688882e-17 1.7595832938847407e-13 1.6277155623356514e-11 2.5147309656859464e-11 -1.7513094408153992e-8 1.2195449112889837e-7 6.650776058364749e-7 -6.9135113005757155e-6 0.0002074986864821227 0.006186372222159839 0.04244353287258996 0.09553616314819423 0.1416131098805312 0.1788202501609922 0.2088111861518604 0.23318778979783816 0.2532053862567988 0.2698138424738752 0.2837296518960984 
0.365234375 0.0 0.0 5.428546501207164e-16 5.966711569271831e-14 2.5846826664140538e-11 1.7955925954993287e-9 -1.0684333183519327e-8 -3.524484272697733e-7 5.4621722325251164e-6 -2.874798634393963e-5 0.0008493387067381441 0.0138335769831062 0.06130982734312693 0.11411116280327616 0.1577149097981697 0.19262330212394901 0.22068996058700754 0.24348216365770795 0.26219409859285736 0.27772042014156245 0.29073264426374745 
0.369140625 0.0 0.0 -1.287503437197302e-15 -1.4141955754591125e-12 -9.214314313036692e-11 1.5894832102958345e-9 7.14871354579335e-8 -1.0026436084084852e-6 7.532423665878213e-6 -5.694359645950371e-6 0.0024567100639082853 0.02690572144673015 0.08125996536048459 0.13224344844349684 0.17325037850984676 0.20590015337482415 0.23210447554843097 0.2533716189411807 0.2708300046455519 0.2853186874098526 0.29746488612025385 
0.373046875 0.0 0.0 -3.773929317200476e-15 -8.935624388565558e-13 -2.3441208204152014e-10 -8.240508099769765e-9 1.4122787828322675e-7 1.961598480698661e-10 -4.092368571853939e-6 0.0001816838348187787 0.006112958286890732 0.04454380703150435 0.1013963671685303 0.1498161198421729 0.18820014303705682 0.21865005831984835 0.24305875095710383 0.262861486644454 0.27911858038166876 0.29261376677483064 0.3039309399976643 
0.376953125 0.0 0.0 3.450679741945349e-14 1.108674562525872e-11 4.1822070215857857e-10 -1.709228327608039e-8 -1.3926374573950807e-7 4.201014877400174e-6 -2.6346953771267566e-5 0.0007920884281122242 0.01398057914608284 0.06493384771879275 0.1212300799747927 0.16676554819902795 0.20255454358410324 0.23087505043945586 0.25355794501245316 0.2719576781713504 0.28706559077910765 0.29961088855277906 0.3101353711279187 
0.380859375 0.0 0.0 6.749634925048056e-14 1.1438296117679158e-11 1.8011893710460443e-9 2.459311509426246e-8 -8.069005427714153e-7 7.4407904663246355e-6 -1.1694753930106042e-5 0.002367113387364747 0.02788448359583132 0.0864847816345124 0.1405158758462117 0.1830565560657477 0.2163101904692883 0.24257921576851035 0.26360815611990673 0.28066658417486073 0.2946770111082985 0.3063153297975703 0.31608270891411466 
0.384765625 0.0 4.547473508864642e-17 -3.526385701964804e-13 -8.016579471359363e-11 -1.064237588366272e-9 1.1573885992201357e-7 -4.875228503839433e-7 -1.3217309482423666e-6 0.0001552880983994967 0.0060313386984502055 0.04697875532953686 0.10816928138834903 0.15912967217396531 0.19867061559326066 0.22946792636609054 0.2537682430296596 0.2732162676415269 0.28899497128038926 0.30195894280686403 0.3127323588177176 0.3217774160916901 
0.388671875 0.0 2.1789977229976354e-17 -6.560450553176139e-13 -1.244990144755317e-10 -1.167991826065417e-8 1.7591894207195316e-8 2.855706705600862e-6 -2.3237058244085053e-5 0.000730471383352477 0.014135724981886949 0.06917083701708696 0.12943809836611303 0.17700581991637918 0.2135995171401105 0.2420316213074385 0.26444912926890807 0.28238980533596386 0.29694986921701466 0.3089175325392728 0.3188671838129294 0.32722386659214003 
0.392578125 0.0 -5.049590375468443e-16 3.5576912675120783e-12 5.213995573664457e-10 -4.5089960626872115e-9 -5.295516519495889e-7 6.896498776169808e-6 -1.6866433060091826e-5 0.0022667593794719588 0.029005088817045457 0.092604109366258 0.15002321335362873 0.1941093788465028 0.22784174172143543 0.2540074594341316 0.2746299508828938 0.29113678874655025 0.30453845496302234 0.3155588956446408 0.32472492036694317 0.3324263314540347 
0.396484375 0.0 4.3200998334214074e-15 6.435746513488985e-12 1.1918789515637691e-9 6.217910465930269e-8 -7.396405905301613e-7 1.26386961407119e-6 0.00012824970945724627 0.00593803016712409 0.04984221271622032 0.11609028854400942 0.16979313642812915 0.2104232258965919 0.24140039412889397 0.2654034784823363 0.2843196642609704 0.29946556672916025 0.31176793986148604 0.32188905464026485 0.33031055902538947 0.3373889741308914 
0.400390625 0.0 7.786127298459175e-15 -3.3349721680527474e-11 -2.8669745570179354e-9 9.001220503392894e-8 1.5235517318108314e-6 -1.9338719344868113e-5 0.0006633660606746493 0.014298675760177097 0.07419898825662674 0.13900792611796098 0.1886806198734695 0.22594128754358067 0.25428200008744267 0.27622924313521185 0.2935278708430169 0.3073846603062367 0.3186454671109978 0.3279138991923288 0.3356289632621852 0.3421158483478458 
0.404296875 0.0 -7.112485415442885e-14 -6.319061753856656e-11 -9.981897700583877e-9 -2.3099034255362015e-7 5.829251004559901e-6 -2.0952376036042106e-5 0.002152056559721743 0.03030504816995465 0.09987670641115352 0.16106337822109298 0.20665159519047696 0.24066482580587928 0.26649579451104705 0.28649552629583597 0.30226460570294666 0.31490258578488456 0.32517804208038936 0.3336391466001312 0.34068485264496196 0.3466109079399034 
0.408203125 0.0 -4.9929364346704976e-14 2.894580016269779e-10 1.1610696325684955e-8 -7.144535164968597e-7 3.4455794228605717e-6 0.00010054552762525472 0.0058272885250107214 0.053268446906740013 0.12548370534460399 0.18211766750104177 0.22369122994553067 0.2546003095889286 0.27805320933719885 0.2962139783165487 0.31054006124238936 0.3220277600799993 0.3313724661553961 0.33907036319685424 0.3454828219500066 0.3508780318312861 
0.412109375 0.0 1.0846690656762798e-12 6.190452988145502e-10 7.343042956856979e-8 3.703801180563467e-7 -1.459422651311825e-5 0.0005892083523460481 0.014468097974963512 0.08027481618332075 0.15031111136765318 0.20210260727349935 0.23979674852897562 0.26775834842839125 0.28896736531069955 0.3053967972175519 0.318364402744435 0.32876834139838285 0.337235341829678 0.34421290118672304 0.35002735839018057 0.35492106463227074 
0.416015625 0.0 -1.149198662157393e-13 -2.2693771569493038e-9 -6.6191966013208265e-9 4.217676995551279e-6 -2.3545111275320547e-5 0.0020177031047657664 0.031837561137837055 0.10867322358247754 0.17403629662385733 0.22098605351769895 0.25497379607714604 0.2801526481285061 0.29925264260066425 0.31405628582508704 0.32574758516216384 0.33513227287918995 0.342773017593319 0.34907204685987264 0.3543228882965633 0.35874396158428884 
0.419921875 0.0 -1.48967695660455e-11 -5.841784213581978e-9 -4.363094035435702e-7 4.871363428063556e-6 7.227087761130665e-5 0.0056893279744575625 0.05745730940863405 0.13680906638944218 0.1965132132968626 0.23875691343961425 0.26923427356372803 0.29179961738415394 0.3089239579460144 0.3222047348775718 0.3326991642732338 0.3411271393924667 0.3479916796236102 0.35365286356256365 0.35837395434301084 0.36235085096994 
0.423828125 0.0 1.1045128663530107e-11 1.5793609976337096e-8 -3.5710148766933336e-7 -9.04519252830009e-6 0.0005058000102615697 0.014640419519596149 0.08778226937387969 0.1638663445462211 0.21767338958681753 0.255418198801819 0.2825949379909997 0.3027170140759693 0.3179965277377197 0.3298538350084749 0.33922850885352074 0.34676029858874213 0.3528973569751709 0.3579606994380845 0.36218529474365607 0.3657464493136958 
0.427734375 0.0 1.8762809238144952e-10 5.326221803917023e-8 2.2024395747858234e-6 -2.397595255269775e-5 0.001855475459102458 0.033681438817765225 0.11954414835472163 0.18948948352370368 0.23748910137298296 0.27098256503475854 0.2950766426198364 0.31292371852225065 0.3264849504382963 0.3370151609493483 0.34534419418170387 0.3520389243387744 0.357496065206658 0.36200091365999604 0.36576234295301346 0.3689357667580806 
0.431640625 0.0 -2.2565474987838285e-10 -8.424991743112292e-8 5.012801724976153e-6 4.383761056253521e-5 0.005506768721748445 0.06272063689090991 0.15073997580221507 0.21352553623529977 0.2559555007254915 0.2854715027892705 0.30670144428234913 0.32243833266009775 0.33440362585464134 0.3436991972368074 0.35105526112984964 0.3569699962176691 0.3617944476728412 0.3657799249323234 0.36911105270523653 0.3719248590839303 
0.435546875 0.0 -2.1595556053928993e-9 -4.1918102870492157e-7 -3.064716536735549e-6 0.00041012414080634363 0.014806916193985607 0.09732537909642511 0.18041719154400285 0.23590914059302565 0.2730868319612854 0.2989104796811759 0.31749461240750537 0.331278527510985 0.34176580561103037 0.34991673333564144 0.35636932374127783 0.3615614446614725 0.36579927503692067 0.369304757674617 0.37223831738730945 0.37471918202554044 
0.439453125 0.0 3.39785987553872e-9 3.410910344399556e-7 -2.113603385696809e-5 0.0016519059819094886 0.03595901930831137 0.13334409473517567 0.2081871377649145 0.25661831837961124 0.28890823001144045 0.3113305113642492 0.3274766560278178 0.33946255113518203 0.3485841298355465 0.3556775843468299 0.3612966424827771 0.3658210823173657 0.3695202093169569 0.37258340543177265 0.3751511243443115 0.37732481722547656 
0.443359375 0.0 2.3824787670889678e-8 3.3065642594185815e-6 1.6486636751661883e-5 0.005246991158596578 0.06957908915811856 0.16830258953897692 0.23388411998911096 0.2756688586086475 0.3034550907047627 0.3227606995872251 0.33667386457160653 0.34700362365095283 0.35487204664717303 0.36099214436551547 0.36584558088039826 0.3697605480419233 0.37296480684811506 0.37562472646887723 0.37785541564778624 0.3797455950292212 
0.447265625 0.0 -3.714601150145807e-8 1.9769180478888772e-6 0.0002985670471087184 0.014945777796724733 0.10990883879059477 0.20106508523968544 0.2574605748094312 0.293083080760405 0.3167682551027316 0.3332307281176863 0.3451010163061736 0.3539223244679588 0.3606393727054817 0.3658746054045343 0.3700308080548327 0.3733897278679419 0.37614667895498 0.37843460670363427 0.38035711635985425 0.38198472669693906 
0.451171875 0.0 -2.2964714714580234e-7 -1.34120834702595e-5 0.0013836873037020108 0.038872706394239766 0.15148905262200513 0.23120169854740258 0.27890458924362727 0.30892928934963093 0.32888183839012086 0.34277011938864255 0.35278432073477767 0.36022577524992516 0.3659073458657688 0.37033519643614676 0.37386504522254965 0.3767228101764167 0.37906839863941166 0.3810208422174421 0.38265670956375303 0.38404429749033386 
0.455078125 0.0 4.1190087831684753e-7 -6.230119698544908e-6 0.004843810191617847 0.07898114239710956 0.19111581982974596 0.2585621543455565 0.29827190514257607 0.32322752623432954 0.33984736091705553 0.3513942151384924 0.35973715618880064 0.36594485726006687 0.3706840413862876 0.37440266574841197 0.37736356770453156 0.37976742117244683 0.38174435582268373 0.3833814795969309 0.38476114801235745 0.38592444879020443 
0.458984375 0.0 2.510467964259059e-6 0.00016973208954703496 0.014997104743002622 0.12735244739846438 0.22750452992706527 0.28308000333491307 0.3156292088039315 0.336077595269895 0.34966513568749 0.35915234596780526 0.36598337849044577 0.371087036927257 0.37501030332922325 0.37807614804287 0.38053930865942753 0.3825302413515279 0.38416334255168816 0.385528157799583 0.38666084960153724 0.38763263049605257 
0.462890625 0.0 -1.2573245155233354e-6 0.0010089687647842408 0.0428084159489663 0.17645462506919615 0.26000945681770377 0.3048972298591736 0.3310126596607787 0.34746777462714046 0.35842941546922846 0.36602317043145316 0.371565000905603 0.37570375075539614 0.37888136298383296 0.3814021894240177 0.3833882960109037 0.3850161400052495 0.38634785725335763 0.3874431843441521 0.38838518638638736 0.3891577259122931 
0.466796875 0.0 -1.3622771766744761e-5 0.004146704878017328 0.09279124118032565 0.22197591043929105 0.28877543042609694 0.3239669088273544 0.3446098072314058 0.3574953655109196 0.36607555367258715 0.37213815575672515 0.3764889721776743 0.3797965709597146 0.38235326927283386 0.3843191939332159 0.38594460556086274 0.38720994720384977 0.38827857837088475 0.38916798505828987 0.38988844397036193 0.39054377552254627 
0.470703125 0.0 4.018744455624984e-5 0.01477019896498996 0.15350935394377807 0.26218412213267706 0.3134904185161535 0.34061913468143407 0.3562278037228919 0.3661693639627719 0.37281579947414495 0.3773856830503314 0.3808735423855249 0.38340279242494574 0.3853673190967024 0.3869566094587663 0.38812415634691444 0.3891857020063959 0.38996897140790115 0.3906625763409264 0.39125912476468944 0.3917156819586518 
0.474609375 0.0 0.0004645479675305095 0.048563047098026196 0.21285765437266266 0.2966596233394799 0.3347504960530522 0.3545421946689499 0.3663748580322595 0.3735682862214527 0.37848145240357767 0.38214563803151047 0.38452319344213604 0.3865518184558157 0.3879792556454037 0.3891143758235259 0.39013557229527773 0.3907768700393117 0.3914911760116977 0.3919581946089508 0.39240696745497544 0.39280708623034793 
0.478515625 0.0 0.0027584407828018112 0.11569608146078478 0.2657920078746994 0.32510497989378506 0.3523051242433603 0.36663004262287796 0.37437730513612083 0.3799326312564443 0.38343520857948094 0.38581760785856334 0.38795605932174837 0.38904479948143506 0.39027293324903317 0.3910584966014646 0.39165799704997806 0.39237693482155434 0.39264551033407064 0.3931420814527072 0.3933780830029446 0.393663958711008 
0.482421875 0.0 0.013412889175606355 0.19688064609288883 0.3085750685299746 0.3495189725227707 0.36633438659552914 0.37558165383953535 0.3819816749125429 0.38476305846078596 0.3875906734937742 0.38922600854446776 0.39021597746427944 0.3915634981159445 0.39191331858478007 0.39266121450528163 0.3931023305997768 0.3933433350769486 0.39389138173605626 0.3939033195585816 0.3943118532565213 0.3943633106630099 
0.486328125 0.0 0.057939225015387875 0.27207320408901353 0.3418199239792369 0.36516466525829283 0.3779847452705022 0.383313130768087 0.3865171911966775 0.38992660181459904 0.390344958116707 0.3918387091953743 0.3927628920526211 0.39282985926156994 0.39384561271772567 0.39374178651504355 0.39423094700671124 0.39447433962438855 0.3944286430867484 0.39494097542246337 0.39469348617158434 0.39505760679234453 
0.490234375 0.0 0.16453556131309022 0.3258436556549643 0.3661922516949194 0.3826006629366122 0.3850969868609224 0.3902554317531011 0.39142443996738613 0.39167091014841443 0.3938543373994556 0.3934030355903396 0.3940219764042933 0.39475301009259256 0.39424259003961326 0.39512224598674317 0.39469384606258173 0.3951250149498163 0.3951635472637622 0.39488222796980277 0.3954486908344319 0.3950490824210801 
0.494140625 0.0 0.2813378682830928 0.372165811878969 0.38356815154956264 0.38797851257124605 0.39401906958437044 0.39196793765027926 0.3943255497373755 0.3952287251784095 0.39382776423159543 0.3956739166175149 0.39470842627549013 0.3950579615024057 0.39541114660760696 0.3947574008240191 0.3958089551737279 0.3949111191547604 0.3955829038662851 0.3951441566319282 0.3954445651681199 0.3953738562038266 
0.498046875 0.0 0.37126699285570164 0.3861647335568671 0.3948436455874419 0.39325592346551014 0.39304342341303555 0.39666925760977534 0.3943524703826808 0.39522988317929464 0.3955572000082288 0.3948639596814366 0.3960707500318519 0.39458953639378147 0.3958682093495584 0.3952778196900846 0.3953939646378976 0.395315117931859 0.39520813936111676 0.3957355058490953 0.3951691989076799 0.39568357565199713 
0.501953125 0.0 0.3793771385388603 0.3914590601487397 0.3917454993652869 0.3976757802425471 0.3944444103119891 0.3950634671479498 0.3958786784898367 0.39424564639096166 0.3965234033249 0.39481091824537023 0.39554906348997526 0.39534844219262705 0.3952516593934046 0.3958984194649516 0.3948234645375249 0.39593627950230675 0.39511271902173917 0.3958160669427818 0.3951084932729264 0.395581901505883 
0.505859375 0.0 0.36413329449081816 0.3981009980436164 0.3946813606193801 0.3952793012722931 0.39616010024600534 0.3937123692335407 0.3965830501871241 0.3949431809136014 0.39545277608165136 0.3953869339989413 0.3949155099590614 0.39635202299289257 0.39485194477859714 0.3959720301026477 0.3949018209914457 0.3957919879372502 0.39532912053304853 0.3953459853538396 0.3953912700695641 0.39525413549180005 
0.509765625 0.0 0.3230938757091231 0.39621677562413526 0.3968962246170508 0.3923597376729446 0.39713744095206127 0.3937238088888214 0.3954806531547443 0.39604920415771355 0.3944293722165764 0.39609218603855273 0.39493229638277005 0.39614259637819915 0.39505399593547413 0.3954035832969426 0.3955962089667866 0.39514803442105695 0.3956964656257799 0.39501823437822625 0.3957198328833498 0.39515997385451007 
0.513671875 0.0 0.24236254940048674 0.36403420155061966 0.39721200017954944 0.39208039788138477 0.39632899195604554 0.3954113261185308 0.394131795435477 0.3968119787651125 0.3943462632549576 0.3961842079997067 0.3953887896948627 0.39525239273700663 0.39559273890354185 0.3949473564484144 0.39614309992316993 0.39488453053456046 0.39577510256659715 0.3951853471355043 0.39570251068788215 0.3953879496879392 
0.517578125 0.0 0.09176216903553623 0.3103460446009312 0.39364424553906907 0.39464782242054713 0.3935711731921772 0.3970995574636963 0.3934057021231706 0.3963992983601064 0.39523895303718026 0.3953540296490515 0.3958263469625471 0.3947520224727062 0.395973553218061 0.3950749854124072 0.39596022172027817 0.3952470072640543 0.39544020601807073 0.39560921344310995 0.39541318171860507 0.3956158995098415 
0.521484375 0.0 0.010422358383227394 0.27198957508010885 0.3793348032101897 0.39667426836733605 0.39256961147725156 0.39712127902228384 0.39418067839253795 0.3948270429058426 0.396376171299569 0.3946010023885537 0.3959396989255817 0.39506159524530826 0.39581314209530605 0.39551604951474784 0.39538266350383994 0.3957028813273375 0.39517382906063214 0.39579841440453256 0.39526564020505456 0.39554503165701665 
0.525390625 0.0 0.0010368738660490292 0.2546915279540137 0.3394770363510527 0.3960047277738912 0.3935476107624158 0.39509690051801105 0.3958850095026477 0.39354298976607865 0.39675746198212747 0.3948106854217968 0.39545177204125925 0.3956390274171731 0.3954073950538465 0.3957594880740581 0.39506693526816966 0.3957647387481632 0.39530606423246506 0.39551269376026543 0.39540222176159756 0.39529103413551325 
0.529296875 0.0 7.912196435430266e-5 0.238860469940721 0.28610963072521883 0.38782325444312093 0.3945659744780728 0.3937842220832624 0.3966380109401775 0.39399846953760165 0.39574334121178173 0.39564797066649476 0.39492763718807233 0.39592349777719177 0.39525667384639973 0.39555920089130164 0.3952899839442457 0.39549019655775747 0.39561540670572953 0.3951552606688434 0.3955749447756116 0.3952377674247854 
0.533203125 0.0 -1.1396546257846884e-5 0.1872086716915192 0.24767477484752826 0.3573755075535246 0.39431963730657993 0.39400902787936853 0.39558781430148976 0.3952648829550257 0.3943854574798165 0.3961262974094373 0.39507338062786634 0.3955723870584068 0.39545892940232985 0.39519336616289424 0.3956357019044026 0.3953027127022885 0.3956599792475296 0.3951786338542636 0.39548531925602787 0.39548438127358737 
0.537109375 0.0 -1.9112587932280456e-6 0.052452244363152205 0.23961697170570043 0.307946459242809 0.389857279417926 0.394364580016585 0.3945967452688896 0.395745137257573 0.3941902537693213 0.3956075077361577 0.39575331360522853 0.3949651783077309 0.3956626038113831 0.39516238067750564 0.39564117727188 0.395446420025062 0.39535747133397475 0.39555159575890825 0.3952317321650963 0.3957261773259333 
0.541015625 0.0 2.3306088776013914e-6 0.004760791125555631 0.24041763923803156 0.2660140240531912 0.3716130027726036 0.3939158715580754 0.3946442683948183 0.3950695129278978 0.3950430409160073 0.39471218416417797 0.39614226770485844 0.3947970801985086 0.3954847120769407 0.39557949646119556 0.3952953765544105 0.3957010712061183 0.3950735907174185 0.3958085697787926 0.39515344698468524 0.39562140571978827 
0.544921875 0.0 2.70619194166481e-7 0.0004015292633509005 0.2405736366701725 0.2431531442209748 0.32956988822554917 0.3907540132802336 0.3948674808322114 0.3943500658830295 0.3956315997163871 0.39449027184045604 0.39557069929652344 0.395411772627741 0.39505067675486455 0.3959807520505978 0.39501017170929614 0.3957001807276105 0.3951760705510245 0.395636057705717 0.39538732346584887 0.3952631270618998 
0.548828125 0.0 -1.948366094886465e-7 1.542873741196681e-5 0.22661338514292984 0.23637516215020457 0.27899819470494086 0.3791691599455888 0.39451773228547016 0.3943985209069345 0.3951750174286653 0.3951723815212082 0.39457842876085103 0.3961324520234924 0.39483395317018255 0.3958387581737137 0.3951511416649043 0.39539104281553317 0.3955884144998836 0.39524337804094656 0.3956629293596364 0.3950442516138772 
0.552734375 0.0 -1.0155557176538845e-8 -9.156821041417374e-6 0.13047120422248643 0.23804130817576333 0.2498649020011584 0.345840808940007 0.3922862403918504 0.3948184452250003 0.39429095808957104 0.39580887021811517 0.39410024647704095 0.396106640014693 0.395191652757819 0.39522906364135474 0.3955857160409574 0.3950870243953852 0.39587758738206724 0.39505067343621675 0.39567791737402447 0.3952136303350166 
0.556640625 0.0 1.796684233201043e-8 2.4677711354503457e-6 0.021236799548735273 0.24132680845589377 0.24352658133960878 0.2986970142253812 0.3845101044965629 0.39484665559583426 0.3938805213407321 0.3955969461248623 0.39465360391694104 0.39523748284954346 0.39578480510802366 0.3947449593605357 0.39585383603060864 0.3951154852784714 0.39573925777427893 0.3952319780058012 0.3954522640733514 0.39555506720222844 
0.560546875 0.0 1.1351827371442087e-10 1.3989122085769523e-6 0.0018755446366583639 0.24306633133132013 0.24188871289461902 0.25944623332554134 0.3605074658252238 0.3935195207773691 0.39407946147829515 0.3947757020123768 0.3955378649568608 0.39438989579707484 0.39596454224408234 0.3949094328785631 0.39565037126909236 0.3954173107397114 0.3953553801884664 0.39552832682133315 0.3952702408482639 0.3956848154009881 
0.564453125 0.0 -1.3948474856325292e-9 -2.8103089417020495e-7 0.00014655482562200356 0.23771967826172385 0.24156623813775516 0.24274006608211998 0.3156655734807673 0.38835702344342377 0.39424229538066113 0.3941406456067606 0.3958908818114231 0.39430144948576895 0.3954591004968896 0.3955183271847136 0.3952331794065079 0.39561391463666834 0.39514703910075033 0.39561817373805486 0.39532733967159533 0.39549424665738064 
0.568359375 0.0 7.251323328461001e-11 -1.2059653918861102e-7 -6.0041326892722035e-6 0.19283909655959858 0.24267993331675633 0.24106549435004615 0.2707161484597657 0.37213305970542837 0.39357374188521266 0.3939458449441812 0.3954117758941712 0.3948467393576552 0.39481281929846923 0.3959033172273868 0.3950793770075576 0.39544784088422175 0.39531175499104226 0.39548087219068956 0.39549815801985627 0.39526351642546376 
0.572265625 0.0 9.91678708336015e-11 4.207482978095809e-8 -3.951880449755887e-6 0.06411800550030738 0.24378263720507648 0.24290510909003835 0.24907277543145886 0.3340740946524467 0.39037293137171314 0.3938483570535335 0.39473121949260437 0.39533018966492156 0.3946459319638336 0.3955839890689257 0.3953590572068175 0.39513704806309774 0.39557175511602816 0.39537372565409046 0.39551615078989594 0.395291215045062 
0.576171875 0.0 -1.0977115749710711e-11 1.1707747349850222e-8 2.780099134603078e-6 0.006464416105682988 0.24365117864148858 0.2455985848841156 0.24334943805792794 0.28749443283040105 0.3799041598455415 0.3932440540054175 0.39434173354728835 0.39529341665191825 0.39497843588789616 0.39490513298124663 0.39567809649360314 0.3951091586923396 0.3955400073434897 0.3954790122826548 0.39531884671674744 0.39553759861077675 
0.580078125 0.0 -6.129850582681227e-12 -4.948185820434025e-9 4.6961045245475725e-7 0.0006086601263668232 0.24017863439108478 0.24731612196251296 0.24191802653739297 0.2535124870382724 0.3502570434864364 0.390983832919177 0.39410817790452807 0.3949599520973093 0.39528248042697783 0.3945519034278731 0.39557642834602047 0.39549296117180505 0.39519010100150825 0.3956600202353629 0.39515238033618233 0.3956931722229465 
0.583984375 0.0 1.1325276124315062e-12 -1.0024561632349104e-9 -2.7929131447758456e-7 3.587896975261782e-5 0.22162348776969865 0.24694665746085456 0.24260684333544255 0.24303716728965602 0.3048196605060457 0.38394327241805826 0.39353201649615616 0.39472336301201516 0.39512832667099773 0.39484340722588596 0.39506328837435306 0.39590179656058566 0.39491582827533056 0.395626343860694 0.3952758764317244 0.3955449902195107 
0.587890625 0.0 3.2328480633244307e-13 5.522150208510835e-10 -1.4385688369126669e-8 -1.1305120719243722e-5 0.12974918614454872 0.24573035598090293 0.24466832991835827 0.24233998286155894 0.2659595194068617 0.36315527740995823 0.39175490519992556 0.394559312983034 0.39467981465487484 0.3953452770381178 0.3946258072809797 0.39584410776207574 0.39508413455415653 0.3953115019280393 0.39561125849123946 0.39524476877752707 
0.591796875 0.0 -9.366818431999482e-14 8.05918745072632e-11 3.3816353904233175e-8 1.2574660038796463e-6 0.022508458780356864 0.24407145823056814 0.2469678653676322 0.24377762286110072 0.24817641968060775 0.3227117614160118 0.38663722862623406 0.39411032133988866 0.39438923393039915 0.3955009379350584 0.3946539696818627 0.3952638996151806 0.39557134921065296 0.39499871656876406 0.3958133156334351 0.3951116893633446 
0.595703125 0.0 -1.3371526108585388e-14 -5.7094590862523837e-11 -1.1464908063511255e-9 1.9833892928909093e-6 0.0020507437469774337 0.24116040425362534 0.2483422065397371 0.24557643183635106 0.24263292815421048 0.2786772839297191 0.3721880032329806 0.3927490126916102 0.3943845999525454 0.39511736324876856 0.3950389311860671 0.39465537685736424 0.39590015715663746 0.3950127960737649 0.3956337410647483 0.39527613776624254 
0.599609375 0.0 6.570151829995057e-15 -5.606958749145486e-12 -3.626995228541336e-9 -1.3286169824180398e-7 0.00016771010543329751 0.23247581002969464 0.24792642187461386 0.24659463135904497 0.24161513141422458 0.2518020186035064 0.3378438688502791 0.3889772432039308 0.3942827679094258 0.3945680113039168 0.3953373977697 0.3945059358937313 0.3957027578381223 0.3953344594180663 0.39524767816940637 0.3955221809029495 
0.603515625 0.0 2.739734365301658e-16 5.575635538453599e-12 4.489388318873458e-10 -1.7882151652279056e-7 -4.776786219990222e-6 0.18742020613349408 0.24669785386001608 0.24651798622823648 0.24292289015716867 0.24517352025045325 0.2945225956181506 0.37879398075783627 0.39349639854011687 0.3942026522161683 0.3952604344998963 0.39483458570415014 0.3951517335227914 0.3956147368260395 0.39505149773120146 0.3955700795954369 
0.607421875 0.0 -4.1395035547490485e-16 3.0331038421612383e-13 3.806603722604033e-10 3.2818275074101627e-8 -4.921004181568504e-6 0.06173503668512579 0.24542240489339837 0.24617904732549936 0.24521438698369888 0.24427870350847258 0.2613029470431777 0.3522679942373574 0.3908922936527407 0.39396463707076995 0.39495770912033246 0.3951949718085324 0.3947309883572196 0.3955340673160367 0.3952338107920905 0.39539790805271186 
0.611328125 0.0 8.348877145181142e-18 -5.134854319521764e-13 -7.755368827133675e-11 1.7646039707486235e-8 2.98626700818527e-6 0.006267191049023571 0.24369897869676949 0.24620563766077783 0.24723926073338534 0.2447211924637605 0.24659838881951862 0.3105041307642721 0.38370831881790657 0.39341175110361803 0.3946536576284385 0.39521717891347097 0.39472564283097183 0.3951760222919106 0.3955430941533228 0.39525956670905743 
0.615234375 0.0 9.769962616701377e-18 -6.0853840485228125e-15 -3.792742144052378e-11 -4.702848069844848e-9 6.620760457045334e-7 0.0005981698602059168 0.2392900211670812 0.2464874928143821 0.2478248154435015 0.2452490294180927 0.2430699926502746 0.2700627269642769 0.36416081926535954 0.39169266176110384 0.39431940270644417 0.39493421327841516 0.3949738772217306 0.39489820254367547 0.3955778405971394 0.39536025387275925 
0.619140625 0.0 -3.4342898895071517e-18 4.440400639775059e-14 1.0879995334297127e-11 -1.4644353145835496e-9 -3.1422476904747737e-7 3.530847778237311e-5 0.21898052791143946 0.2467740793134002 0.2470624374396559 0.2455723854185405 0.24340576093355415 0.25048750942911 0.326457358844326 0.38678241920043654 0.3936956460000566 0.3946619261119153 0.39511800279446124 0.39494233433670134 0.39522176006657 0.3955945561032808 
0.623046875 0.0 0.0 -1.548035773642672e-15 3.6110973766767528e-12 6.338433687839516e-10 -3.8892700084443785e-8 -1.1380285372706802e-5 0.12247187670192809 0.24689495989502838 0.2459274371484565 0.2456986280579666 0.2450949672530154 0.2455891747847165 0.28531975569456886 0.37328769136017415 0.3922256782064319 0.3945043405266334 0.39498496886668905 0.39517096568590804 0.3947905370685873 0.3956628610692894 
0.626953125 0.0 0.0 -3.762560633428315e-15 -1.3557411785806517e-12 1.0310952139510249e-10 4.008951677345604e-8 1.3388991046102266e-6 0.019981941337374912 0.246477658348656 0.24516100852372716 0.2459137796521822 0.24702399825776292 0.2443103272626174 0.2562441369038504 0.3419991609587496 0.388546844923605 0.394175197037568 0.3947229850159566 0.3952609725164291 0.3946740672152663 0.39538868558137663 
0.630859375 0.0 0.0 1.1463422803596248e-16 -3.254536788214563e-13 -7.811893520207981e-11 1.9309953996090284e-9 2.0279111077750634e-6 0.0018496427245115199 0.2443533958686784 0.2453508633920942 0.24623124418545772 0.24802168173233272 0.24432527752406757 0.2449841479255879 0.3001086850939863 0.3790761730593116 0.39314498822451116 0.3944887278486305 0.39505756926713087 0.3949455719650639 0.39495216201081157 
0.634765625 0.0 0.0 1.7431981783981123e-16 1.5592244532551063e-13 -4.1690674024153e-12 -4.474380477859085e-9 -1.4597127377745275e-7 0.00015119742592458222 0.23447481883505353 0.24626784557840195 0.24644288059676855 0.247452624728618 0.24515032023580002 0.24332114418816997 0.2648335095272444 0.3548678529101021 0.3903738018759619 0.39420204494287 0.3947296150525516 0.39528980595827146 0.3946764136439945 
0.638671875 0.0 0.0 -3.2152058793144524e-17 2.7061434574685966e-14 9.130158555118821e-12 1.166772442810302e-10 -1.88570014598947e-7 -6.305516699173266e-6 0.1811939636024702 0.24726855839395545 0.24637708494532728 0.24614176871370366 0.24625216463553154 0.2441692903087747 0.2500912117052897 0.3161002678603146 0.38340808031332574 0.39349475898673614 0.39449197476935954 0.39537549078655676 0.39473134783210884 
0.642578125 0.0 0.0 -5.388282412847429e-18 -1.749498323988518e-14 -3.348118227108877e-13 4.825046341139229e-10 3.590601683581455e-8 -4.3983596444194395e-6 0.05425173202322378 0.2477493066684398 0.24616009047678694 0.2449475638262877 0.24704855697435676 0.24573688220259066 0.24526731311291894 0.277379447624288 0.3654988975804831 0.39158720193510127 0.39427749297293146 0.39512052644491175 0.39497272024744984 
0.646484375 0.0 0.0 3.2566542055671235e-18 -2.6426268580811068e-15 -1.016688540763274e-12 -4.625329837656021e-11 1.9559633870850736e-8 3.0159635340273385e-6 0.005394289213773332 0.24697292252176306 0.24601821343723262 0.24470366066873742 0.24738751541721865 0.24705030606291328 0.2435715654769753 0.2529092394554838 0.3305734796482877 0.3866602936684975 0.39375420358543345 0.39475262922395715 0.39513522615646995 
0.650390625 0.0 0.0 4.2632564145606015e-18 1.506409811706059e-15 1.1823786394415924e-13 -4.84614836556337e-11 -5.2671624686695365e-9 5.970728504924716e-7 0.0005101461117334826 0.2422392087690325 0.24619080714242855 0.24542635624787376 0.24729905517056852 0.24725270157313656 0.24371139388650795 0.24572934026140095 0.29031482629795335 0.3738942679160277 0.3923286646550388 0.39439748162616856 0.39510665600264067 
0.654296875 0.0 0.0 3.493501784153826e-18 1.474376176702209e-16 1.0757830182228642e-13 8.58600728292912e-12 -1.7763239225606271e-9 -3.1731714515211463e-7 2.7257621355094906e-5 0.21846817468169963 0.2467515472333795 0.2464521428119417 0.2467557482687387 0.24668759373111945 0.24493980936299248 0.24478675430006802 0.2610404403868885 0.34500200295465666 0.3887049566713988 0.393913175783084 0.3949675697172325 
0.658203125 0.0 0.0 0.0 -8.739675649849227e-17 -2.147568049319183e-14 4.512496865061167e-12 7.257486978199756e-10 -3.236418900970744e-8 -1.0972283435263875e-5 0.11385902664146146 0.24723099295657075 0.2472089748365064 0.2459980915684714 0.2460282042183537 0.24635667787457266 0.24536640874767818 0.24896961897424813 0.30573122746452613 0.37968536199488195 0.39284590348142184 0.3947712559261408 
0.662109375 0.0 0.0 0.0 -1.95399252334028e-18 -1.130876133477917e-14 -1.2816289659175103e-12 1.4896469355818461e-10 4.0322489945706266e-8 1.7904158211207938e-6 0.016804757332966866 0.24704542482508995 0.24721681961134484 0.24543809626090132 0.2458112064297976 0.24726012422672097 0.2461132204008876 0.2447069337108434 0.26941105774312096 0.3572951266820152 0.39021159754194784 0.3943793169327734 
0.666015625 0.0 0.0 0.0 4.322468309207274e-18 2.9006130830566643e-15 -3.764490349074854e-13 -9.1268329664255e-11 1.1552199415731985e-9 1.8735687451369413e-6 0.0015632137993868494 0.24505708399295933 0.24673090412927426 0.24541467260656025 0.24622000080035958 0.2472875818487194 0.2463886593825531 0.24389380022157506 0.25056612062910144 0.3202481389633665 0.383709499618438 0.39347456967929145 
0.669921875 0.0 0.0 0.0 3.552713678800478e-19 9.76285718934378e-16 1.7062108762881193e-13 -1.0251981604388536e-11 -4.534280427866593e-9 -1.9676262665508143e-7 0.00012407308995722848 0.23500443967537313 0.24632758279551745 0.24599389640149566 0.24689493229487475 0.2466861614704559 0.24611379914031842 0.2447372954258994 0.24612765020556668 0.2825313676817743 0.36712608892893195 0.391390695557098 
0.673828125 0.0 0.0 0.0 2.782959048393724e-18 -4.48885373316443e-16 2.5123251627216363e-14 1.0823577826594524e-11 2.1770031395362722e-10 -1.7237884322215765e-7 -8.512856949968266e-6 0.1777544526145511 0.24631250845876612 0.24675620880409285 0.24738203363490144 0.2460184083797779 0.24571964040548921 0.24616548569771757 0.24543826753089826 0.25775720141955066 0.3350076138360968 0.38651777471333193 
0.677734375 0.0 0.0 0.0 4.2632564145606015e-18 -1.2552921665095101e-16 -2.1637921084523737e-14 3.986740419274316e-13 4.973095259449185e-10 3.9764043147331477e-8 -3.28600267799881e-6 0.04990757585766399 0.24624805191874147 0.24721932366478652 0.24726821229818668 0.24569077965533634 0.2456447934437566 0.2473354631695469 0.24558249516450523 0.24727507027784196 0.29609685342290315 0.3746665952137879 
0.681640625 0.0 0.0 0.0 4.2632564145606015e-18 2.315185080684991e-17 -1.1989224428058786e-15 -1.2129503919785136e-12 -6.030424657410546e-11 1.7598830028712584e-8 2.975717120710362e-6 0.004846184836963769 0.24548251116113656 0.24696172825137316 0.24665658435962323 0.24594404710704423 0.24593974615083838 0.24754944341083168 0.24584470500976302 0.2440908469513976 0.26346617332611705 0.34787004108168856 
0.685546875 0.0 0.0 0.0 4.2632564145606015e-18 -5.3882824128474285e-18 2.3108034004811387e-15 3.833206344931244e-14 -5.151939509081179e-11 -5.567559912004563e-9 4.4190017247380847e-7 0.00044717087860690705 0.24141754179916694 0.24637244835593655 0.2459855296435101 0.24666699251119417 0.24639939957685256 0.2467864156185395 0.24608998189972764 0.24410454346887883 0.2503537903882471 0.31016917678692424 
0.689453125 0.0 0.0 0.0 6.513308411134252e-19 -2.311115933264683e-33 -2.1221543041368254e-16 1.2781692741251996e-13 1.0552531234016732e-11 -1.5533641720466567e-9 -3.1033649756159545e-7 2.121228572181693e-5 0.2178386981511706 0.2460457828748575 0.24573929556544766 0.24743284465588114 0.24675021593972193 0.24573812004140205 0.2462764459202701 0.24525557871681045 0.24682846949522863 0.2755437405118452 
0.693359375 0.0 0.0 0.0 0.0 -2.311115933264683e-33 -3.210468927742718e-16 -1.3632946623450418e-14 5.054157507326333e-12 7.457937575357687e-10 -1.677251197248124e-8 -1.0322490530995767e-5 0.11110527664783655 0.2459692462860213 0.2460086801626916 0.24784772391924173 0.2468312022111161 0.24503588735583748 0.24642596044027765 0.2466809712404463 0.24568174390381198 0.25434778505712613 
0.697265625 0.0 0.0 0.0 0.0 -2.311115933264683e-33 -4.855375361027379e-18 -1.313971154104365e-14 -1.5481370259825157e-12 1.2286918617358364e-10 3.842473757279898e-8 2.1149603094498744e-6 0.01579576416041274 0.24562191963600483 0.24635441977625255 0.24759500471202267 0.24673342905687276 0.24516162444002826 0.24655368079250242 0.24744667055459657 0.24519279775300107 0.24619913154789808 
0.701171875 0.0 0.0 0.0 0.0 -2.311115933264683e-33 5.388282412847428e-18 2.0760282382070713e-15 -4.61449604453416e-13 -9.260709242416468e-11 -4.730479826520153e-10 1.6822643532817593e-6 0.0014611954491398483 0.24384343027559305 0.24641771728560685 0.24672889137140974 0.24663135575592246 0.24594909248260802 0.24661376262716553 0.24708128357792908 0.24520358571109582 0.24465470467993353 
0.705078125 0.0 0.0 0.0 0.0 1.3618735768735233e-18 -2.5461114698070287e-18 1.001036290896688e-15 2.0496807214461393e-13 -7.106945550579769e-12 -4.245395403638478e-9 -2.3622324508488403e-7 0.00011359177728914908 0.23397769951551592 0.24631567045269842 0.245765279872248 0.2466977310371333 0.24686778243673818 0.24649649768339418 0.24624971811819557 0.24568258955322825 0.24514783296040546 
0.708984375 0.0 0.0 0.0 0.0 4.2632564145606015e-18 -2.311115933264683e-33 -4.373390538603416e-16 3.715066772732222e-14 1.0952817793471084e-11 3.732311394462796e-10 -1.492145125491007e-7 -9.172963059417915e-6 0.17577027813973495 0.2462643288980375 0.24528642109793738 0.24693067109329028 0.24745306613844564 0.24622443610448597 0.24556103549322228 0.24626067546301061 0.2462673010990841 
0.712890625 0.0 0.0 0.0 0.0 4.2632564145606015e-18 -2.311115933264683e-33 -1.2967404927621825e-16 -2.5974244977078338e-14 5.727329721596351e-15 4.5698421420325986e-10 4.238748484404193e-8 -2.785768964586316e-6 0.0484864124489193 0.2460686503753439 0.24550020975871262 0.24715550565760783 0.2473951233809567 0.24597889730951628 0.2455291466526758 0.24664476237246044 0.2471727798512266 
0.716796875 0.0 0.0 0.0 0.0 4.2632564145606015e-18 -2.311115933264683e-33 1.8474111129762595e-17 -2.9409955952057044e-15 -1.236049662622917e-12 -7.439243946786657e-11 1.4583228320870967e-8 2.9009809137463677e-6 0.0046819208783071085 0.24509141128270093 0.2459548229373616 0.24713718295581644 0.24690326355231149 0.24596035399492036 0.2461329627574834 0.24670410464499146 0.24708701410112116 
0.720703125 0.0 0.0 0.0 0.0 2.072416312633626e-18 -2.311115933264683e-33 -4.559315887793976e-18 2.7226221277487614e-15 8.838855573382386e-14 -4.630264545113506e-11 -5.7057287859170875e-9 3.657174980017313e-7 0.0004290066743028795 0.24057294992452527 0.2463288475654796 0.2466733553395246 0.24634899992617385 0.24625794036795592 0.24689684526022798 0.24645319571571225 0.24629694085655127 
0.724609375 0.0 0.0 0.0 0.0 0.0 -2.311115933264683e-33 -2.311115933264683e-33 -5.252095055159993e-17 1.3243989608705913e-13 1.1728354643025785e-11 -1.1976036384216591e-9 -2.9800250189513374e-7 1.9522814135542545e-5 0.21594264305917837 0.2465430465699677 0.24599786850992672 0.2460592688368106 0.24666895073258632 0.24736827726296154 0.24614460560926563 0.245494887235272 
0.728515625 0.0 0.0 0.0 0.0 0.0 -2.311115933264683e-33 -2.311115933264683e-33 -3.704296129095989e-16 -2.0209138066699446e-14 4.3983561089551914e-12 7.40122749990727e-10 -8.719101802571572e-9 -1.0102914059399198e-5 0.10813325939063986 0.2465530467775856 0.24553281073455333 0.2462249945801101 0.2469451911132628 0.24721185280901262 0.24601172802247417 0.24526890064248913 
0.732421875 0.0 0.0 0.0 0.0 0.0 -2.311115933264683e-33 -2.311115933264683e-33 -1.5572728292075546e-17 -1.4060870986061983e-14 -1.6379450684667053e-12 8.253834504756709e-11 3.603297507410729e-8 2.184826303109406e-6 0.015054648718309709 0.24602929619145622 0.24553233694003598 0.24665707751148044 0.24690296455007593 0.24661363762585692 0.2461990593965335 0.24573743157849487 
0.736328125 0.0 0.0 0.0 0.0 0.0 -2.311115933264683e-33 -2.311115933264683e-33 9.17784367023463e-18 2.912218614407415e-15 -3.8008203991542666e-13 -8.969806308082675e-11 -1.3471953485222247e-9 1.618298292367193e-6 0.0014002759111360792 0.24376420464239493 0.24583205808033945 0.24701930830902452 0.24657193472109046 0.2459756724099814 0.24666347728346924 0.246474660381532 
0.740234375 0.0 0.0 0.0 0.0 0.0 4.204044519913926e-18 -2.311115933264683e-33 -4.263256414560603e-18 1.1454541019399282e-15 2.110503179627205e-13 -2.7810515372076916e-12 -3.883340129107182e-9 -2.4303222547447456e-7 0.00010828687104803815 0.23296378434045809 0.24622288318328278 0.24698371291814702 0.24618949937725795 0.24566957651714522 0.24712190036684403 0.24704751541802264 
0.744140625 0.0 0.0 0.0 0.0 0.0 4.2632564145606015e-18 -2.311115933264683e-33 -2.311115933264683e-33 -5.634603894577587e-16 2.6913819321331817e-14 1.0379756313720156e-11 4.5641909416360626e-10 -1.4104592295840493e-7 -9.559726381264253e-6 0.17214509043702286 0.24655101814399116 0.2465298880821817 0.2459827966289582 0.24583877900401807 0.24730411049821807 0.24713765766304546 
0.748046875 0.0 0.0 0.0 0.0 0.0 4.2632564145606015e-18 -2.311115933264683e-33 -2.311115933264683e-33 -1.6306955785694298e-16 -2.629292339406674e-14 -4.347658233427842e-13 4.059581446706297e-10 4.222159012551664e-8 -2.558623706933424e-6 0.0459613371307933 0.24653202144908573 0.24598482491528406 0.24612641686422584 0.2462455163409659 0.24702604253397314 0.24684909485494969 
0.751953125 0.0 0.0 0.0 0.0 0.0 3.493501784153826e-18 -2.311115933264683e-33 -2.311115933264683e-33 2.901382837687074e-17 -1.5266602796752265e-15 -1.1461758949356708e-12 -8.142773720483842e-11 1.3469648762587383e-8 2.8781755074649703e-6 0.004419534629847505 0.24552475612052718 0.24563368384294654 0.24655054261370032 0.24660287454031918 0.24639770647724304 0.24647488591417804 
0.755859375 0.0 0.0 0.0 0.0 0.0 0.0 -2.311115933264683e-33 -2.311115933264683e-33 -6.8685797790143e-18 2.741688357824993e-15 1.3069503997561054e-13 -3.963409411037827e-11 -5.58307927907009e-9 3.3734974312225825e-7 0.00040322726076450274 0.24061360840963497 0.24568118063539235 0.2469774723092139 0.24668024011193693 0.2457586493165184 0.24629374470134177 
0.759765625 0.0 0.0 0.0 0.0 0.0 0.0 -2.311115933264683e-33 -2.311115933264683e-33 -5.921189464667733e-20 -2.360778239562922e-16 1.1968885142247622e-13 1.2182223999938425e-11 -1.0610920413730213e-9 -2.9431816067445957e-7 1.714527288683357e-5 0.21427841128592126 0.24605288378459717 0.24713827446012976 0.24649208312812063 0.24542205436391082 0.24639723684079914 
0.763671875 0.0 0.0 0.0 0.0 0.0 0.0 -2.311115933264683e-33 -2.311115933264683e-33 -2.311115933264683e-33 -4.1045685369075097e-16 -2.4053351902845508e-14 3.5742401038874047e-12 7.113809674071562e-10 -6.26996336669337e-9 -9.850397772072371e-6 0.1035058211711409 0.24637677901321287 0.246873475509444 0.24625483101465556 0.24557409843292813 0.24661170053397333 
0.767578125 0.0 0.0 0.0 0.0 0.0 0.0 -2.311115933264683e-33 -2.311115933264683e-33 -2.311115933264683e-33 -7.756758198714431e-18 -1.2341772048785068e-14 -1.6456267459830075e-12 6.663114830255766e-11 3.528834217808214e-8 2.3025816817810886e-6 0.013820477351506728 0.24614440047110542 0.2463167595079233 0.24618856390832564 0.24604818545371954 0.24670403113455386 
0.771484375 0.0 0.0 0.0 0.0 0.0 0.0 2.782959048393724e-18 -2.311115933264683e-33 -2.311115933264683e-33 1.0421293457814801e-17 3.2127189797392918e-15 -2.83473748178646e-13 -8.464163053408425e-11 -1.55154480504885e-9 1.557891660681202e-6 0.0012968586270747737 0.24407066775838385 0.24578808800433247 0.24640490681356494 0.24654496842861232 0.24649840292923414 
0.775390625 0.0 0.0 0.0 0.0 0.0 0.0 4.2632564145606015e-18 -2.311115933264683e-33 -2.311115933264683e-33 -5.921189464667505e-18 8.694674609917763e-16 2.0665229527594408e-13 -1.0592415833343913e-12 -3.770652578261035e-9 -2.555045462626042e-7 9.908842577217655e-5 0.2328235473652164 0.24570844739064485 0.24677409565804376 0.246802448089241 0.24609008808910232 
0.779296875 0.0 0.0 0.0 0.0 0.0 0.0 4.2632564145606015e-18 -2.311115933264683e-33 -2.311115933264683e-33 -2.311115933264683e-33 -5.795660248016546e-16 1.6129912220700786e-14 9.59624433249928e-12 4.668561644531142e-10 -1.3479937311829582e-7 -1.018344426174604e-5 0.16849135382725586 0.24597957064801873 0.24707692885709173 0.24671237586870567 0.2457262444496889 
0.783203125 0.0 0.0 0.0 0.0 0.0 0.0 4.2632564145606015e-18 -2.311115933264683e-33 -2.311115933264683e-33 -2.311115933264683e-33 -1.3097671095844513e-16 -2.528602512560003e-14 -6.063899012550165e-13 3.900568584569441e-10 4.292552156043658e-8 -2.1276098699727838e-6 0.043019868025956844 0.2460499192647524 0.24705555945382474 0.24644948566366542 0.24564269782726425 
0.787109375 0.0 0.0 0.0 0.0 0.0 0.0 6.513308411134252e-19 -2.311115933264683e-33 -2.311115933264683e-33 -2.311115933264683e-33 2.771116669464388e-17 -4.52674934573836e-16 -1.034814663588198e-12 -8.08620463625212e-11 1.2765303796295298e-8 2.839128174219317e-6 0.004098476007099674 0.24521111553846486 0.246584389934774 0.2462427074055098 0.24591362158957544 
0.791015625 0.0 0.0 0.0 0.0 0.0 0.0 0.0 -2.311115933264683e-33 -2.311115933264683e-33 -2.311115933264683e-33 -8.58572472376788e-18 2.5711581012425696e-15 1.458001127237669e-13 -3.755638360303238e-11 -5.60634723901406e-9 2.830388656177503e-7 0.00036993444333785524 0.24038706274428498 0.24605555529591608 0.2462762520290153 0.2463418583934748 
0.794921875 0.0 0.0 0.0 0.0 0.0 0.0 0.0 -2.311115933264683e-33 -2.311115933264683e-33 -2.311115933264683e-33 -2.311115933264683e-33 -3.4283687000424707e-16 1.0484454785834408e-13 1.1876811889521827e-11 -9.89980163979e-10 -2.8919516616934244e-7 1.401020200524896e-5 0.2129223573065773 0.24591688826166794 0.24658332084872506 0.2466893832794954 
0.798828125 0.0 0.0 0.0 0.0 0.0 0.0 0.0 -2.311115933264683e-33 -2.311115933264683e-33 -2.311115933264683e-33 -2.311115933264683e-33 -3.8233120373358023e-16 -2.5034137725773056e-14 3.3180624470219316e-12 7.073447397587524e-10 -1.1899872866650378e-9 -9.422394709014987e-6 0.09969107360741691 0.2459017590636744 0.2469598502311238 0.24677549220029615 
0.802734375 0.0 0.0 0.0 0.0 0.0 0.0 0.0 1.3618735768735233e-18 -2.311115933264683e-33 -2.311115933264683e-33 -2.311115933264683e-33 8.940996091647889e-18 -1.0526512994601945e-14 -1.579724380936416e-12 5.993570576142328e-11 3.4359146277414716e-8 2.4534283285940208e-6 0.012820927805547317 0.24546938312254157 0.24708310173842726 0.2466085793796318 
0.806640625 0.0 0.0 0.0 0.0 0.0 0.0 0.0 4.2632564145606015e-18 -2.311115933264683e-33 -2.311115933264683e-33 -2.311115933264683e-33 8.171241461241152e-18 3.129348632076774e-15 -2.5372048166142757e-13 -8.351580239226068e-11 -2.0467669588223637e-9 1.4601476093644076e-6 0.0012070162408809066 0.2433045206845143 0.24676252161427967 0.2463684680288522 
0.810546875 0.0 0.0 0.0 0.0 0.0 0.0 0.0 4.2632564145606015e-18 -2.311115933264683e-33 -2.311115933264683e-33 -2.311115933264683e-33 -7.342274936187705e-18 6.330343656676033e-16 1.952457158912086e-13 -5.174410825740632e-13 -3.6465398388566914e-9 -2.720425408488932e-7 9.068501631218392e-5 0.2317818190728925 0.24634086433536312 0.24625709671019988 
0.814453125 0.0 0.0 0.0 0.0 0.0 0.0 0.0 4.2632564145606015e-18 -2.311115933264683e-33 -2.311115933264683e-33 -2.311115933264683e-33 -2.311115933264683e-33 -5.976256526688902e-16 1.2885810936798735e-14 9.401058065350297e-12 5.104811035513033e-10 -1.2399300056511464e-7 -1.0646050341132695e-5 0.16547796578741744 0.24609603815207534 0.24642898152295328 
0.818359375 0.0 0.0 0.0 0.0 0.0 0.0 0.0 2.072416312633626e-18 -2.311115933264683e-33 -2.311115933264683e-33 -2.311115933264683e-33 -2.311115933264683e-33 -1.130355068805026e-16 -2.3551294248136392e-14 -6.368138016910032e-13 3.7458885095986715e-10 4.3810171596980706e-8 -1.70044250527575e-6 0.04099071380517271 0.2457533785489763 0.2467658347504126 
0.822265625 0.0 0.0 0.0 0.0 0.0 0.0 0.0 0.0 -2.311115933264683e-33 -2.311115933264683e-33 -2.311115933264683e-33 -2.311115933264683e-33 2.741510722141051e-17 -1.8349766151005056e-16 -1.0064097111239792e-12 -8.441138413436028e-11 1.1477654006893569e-8 2.777887906788064e-6 0.0038776874840120395 0.2445970862505688 0.2469503535894657 
0.826171875 0.0 0.0 0.0 0.0 0.0 0.0 0.0 0.0 -2.311115933264683e-33 -2.311115933264683e-33 -2.311115933264683e-33 -2.311115933264683e-33 -9.473903143468004e-18 2.299671564287564e-15 1.4492715176099082e-13 -3.578644095133163e-11 -5.62902485548022e-9 2.2638655679028143e-7 0.0003467908249651165 0.23943272168183385 0.24680951709952834 
0.830078125 0.0 0.0 0.0 0.0 0.0 0.0 0.0 0.0 -2.311115933264683e-33 -2.311115933264683e-33 -2.311115933264683e-33 -2.311115933264683e-33 -2.311115933264683e-33 -3.9553545623978834e-16 1.0101051846807724e-13 1.2120451664543449e-11 -8.491588111188744e-10 -2.807731492622403e-7 1.1836734480261187e-5 0.21085991370253074 0.24657334875715822 
0.833984375 0.0 0.0 0.0 0.0 0.0 0.0 0.0 0.0 -2.311115933264683e-33 -2.311115933264683e-33 -2.311115933264683e-33 -2.311115933264683e-33 -2.311115933264683e-33 -3.481067286278023e-16 -2.441371549366519e-14 3.1292951045240156e-12 7.00878162914383e-10 4.274222834036778e-9 -9.066129325007449e-6 0.09621779303818455 0.24630250789763944 
0.837890625 0.0 0.0 0.0 0.0 0.0 0.0 0.0 0.0 4.204044519913926e-18 -2.311115933264683e-33 -2.311115933264683e-33 -2.311115933264683e-33 -2.311115933264683e-33 7.756758198714391e-18 -1.0045475562492358e-14 -1.5904250361131738e-12 4.499857831537699e-11 3.291670725757236e-8 2.5456171442308743e-6 0.012043556977254101 0.24559302314171763 
0.841796875 0.0 0.0 0.0 0.0 0.0 0.0 0.0 0.0 4.2632564145606015e-18 -2.311115933264683e-33 -2.311115933264683e-33 -2.311115933264683e-33 -2.311115933264683e-33 4.440892098500626e-18 3.0542679496647887e-15 -2.353288527009079e-13 -8.194132525100409e-11 -2.5907573627748043e-9 1.3803437572720506e-6 0.0011397468808934464 0.243033531042852 
0.845703125 0.0 0.0 0.0 0.0 0.0 0.0 0.0 0.0 4.2632564145606015e-18 -2.311115933264683e-33 -2.311115933264683e-33 -2.311115933264683e-33 -2.311115933264683e-33 -5.03301104496738e-18 6.212511986329155e-16 1.9468841353879412e-13 9.931757934585346e-13 -3.4484425630291556e-9 -2.8152591055619036e-7 8.462841629448026e-5 0.2306506937450697 
0.849609375 0.0 0.0 0.0 0.0 0.0 0.0 0.0 0.0 3.493501784153826e-18 -2.311115933264683e-33 -2.311115933264683e-33 -2.311115933264683e-33 -2.311115933264683e-33 -2.311115933264683e-33 -5.536312149464109e-16 1.133546589926486e-14 9.146625027748692e-12 5.583021350711672e-10 -1.147785538143727e-7 -1.0954619038709266e-5 0.16149995085685828 
0.853515625 0.0 0.0 0.0 0.0 0.0 0.0 0.0 0.0 0.0 -2.311115933264683e-33 -2.311115933264683e-33 -2.311115933264683e-33 -2.311115933264683e-33 -2.311115933264683e-33 -1.0415372268350136e-16 -2.3227286760629794e-14 -7.827910171916587e-13 3.4887931619209676e-10 4.4006155095980596e-8 -1.3938978364571169e-6 0.03858370440783441 
0.857421875 0.0 0.0 0.0 0.0 0.0 0.0 0.0 0.0 0.0 -2.311115933264683e-33 -2.311115933264683e-33 -2.311115933264683e-33 -2.311115933264683e-33 -2.311115933264683e-33 2.5046631435543522e-17 1.9480713338753047e-17 -9.717449363696079e-13 -8.81518490795466e-11 1.0342814142738636e-8 2.7284504949274532e-6 0.0036341380205054093 
0.861328125 0.0 0.0 0.0 0.0 0.0 0.0 0.0 0.0 0.0 -2.311115933264683e-33 -2.311115933264683e-33 -2.311115933264683e-33 -2.311115933264683e-33 -2.311115933264683e-33 -6.5725203057809286e-18 2.3312315041342405e-15 1.5828677627875224e-13 -3.266184537646194e-11 -5.572941346739432e-9 1.874936431677914e-7 0.0003229630189340994 
0.865234375 0.0 0.0 0.0 0.0 0.0 0.0 0.0 0.0 0.0 -2.311115933264683e-33 -2.311115933264683e-33 -2.311115933264683e-33 -2.311115933264683e-33 -2.311115933264683e-33 -2.311115933264683e-33 -3.8316017025863304e-16 9.684111290653163e-14 1.2341305459055234e-11 -7.213517968433323e-10 -2.739809797317249e-7 9.605903086313056e-6 
0.869140625 0.0 0.0 0.0 0.0 0.0 0.0 0.0 0.0 0.0 2.782959048393724e-18 -2.311115933264683e-33 -2.311115933264683e-33 -2.311115933264683e-33 -2.311115933264683e-33 -2.311115933264683e-33 -3.391065206415077e-16 -2.5480536199514343e-14 2.766761516189341e-12 6.847192472865987e-10 7.818657462147819e-9 -8.706677343893965e-6 
0.873046875 0.0 0.0 0.0 0.0 0.0 0.0 0.0 0.0 0.0 4.2632564145606015e-18 -2.311115933264683e-33 -2.311115933264683e-33 -2.311115933264683e-33 -2.311115933264683e-33 -2.311115933264683e-33 3.434289889507128e-18 -9.44737621466629e-15 -1.5929964310619947e-12 3.115813047571703e-11 3.177267029480881e-8 2.639493814135107e-6 
0.876953125 0.0 0.0 0.0 0.0 0.0 0.0 0.0 0.0 0.0 4.2632564145606015e-18 -2.311115933264683e-33 -2.311115933264683e-33 -2.311115933264683e-33 -2.311115933264683e-33 -2.311115933264683e-33 4.6185277824406525e-18 3.2269890463491405e-15 -1.9490998444856224e-13 -7.909082011536834e-11 -2.9190201788746076e-9 1.3077384057802157e-6 
0.880859375 0.0 0.0 0.0 0.0 0.0 0.0 0.0 0.0 0.0 4.2632564145606015e-18 -2.311115933264683e-33 -2.311115933264683e-33 -2.311115933264683e-33 -2.311115933264683e-33 -2.311115933264683e-33 -4.085620730620579e-18 5.708026643939479e-16 1.9287043073745721e-13 2.403769272518716e-12 -3.2904786092894744e-9 -2.9078164999667393e-7 
0.884765625 0.0 0.0 0.0 0.0 0.0 0.0 0.0 0.0 0.0 6.513308411134252e-19 -2.311115933264683e-33 -2.311115933264683e-33 -2.311115933264683e-33 -2.311115933264683e-33 -2.311115933264683e-33 -2.311115933264683e-33 -5.601445233575454e-16 7.144388784278566e-15 8.719805618303173e-12 5.831054518049911e-10 -1.0701126847359653e-7 
0.888671875 0.0 0.0 0.0 0.0 0.0 0.0 0.0 0.0 0.0 0.0 -2.311115933264683e-33 -2.311115933264683e-33 -2.311115933264683e-33 -2.311115933264683e-33 -2.311115933264683e-33 -2.311115933264683e-33 -9.941677111176733e-17 -2.2748440168622118e-14 -9.17078442815483e-13 3.28195563348288e-10 4.4250666647549485e-8 
0.892578125 0.0 0.0 0.0 0.0 0.0 0.0 0.0 0.0 0.0 0.0 -2.311115933264683e-33 -2.311115933264683e-33 -2.311115933264683e-33 -2.311115933264683e-33 -2.311115933264683e-33 -2.311115933264683e-33 2.6112445539183675e-17 4.3331264502436003e-16 -9.134711357698205e-13 -8.942250383133403e-11 9.4490279286319e-9 
0.896484375 0.0 0.0 0.0 0.0 0.0 0.0 0.0 0.0 0.0 0.0 -2.311115933264683e-33 -2.311115933264683e-33 -2.311115933264683e-33 -2.311115933264683e-33 -2.311115933264683e-33 -2.311115933264683e-33 -7.283063041541032e-18 2.1994258266507434e-15 1.7009635181845287e-13 -3.012074435796802e-11 -5.533747955096163e-9 
0.900390625 0.0 0.0 0.0 0.0 0.0 0.0 0.0 0.0 0.0 0.0 1.3618735768735233e-18 -2.311115933264683e-33 -2.311115933264683e-33 -2.311115933264683e-33 -2.311115933264683e-33 -2.311115933264683e-33 -2.311115933264683e-33 -4.0293694307062264e-16 8.945774491545918e-14 1.229324085490664e-11 -6.272458860460508e-10 
0.904296875 0.0 0.0 0.0 0.0 0.0 0.0 0.0 0.0 0.0 0.0 4.2632564145606015e-18 -2.311115933264683e-33 -2.311115933264683e-33 -2.311115933264683e-33 -2.311115933264683e-33 -2.311115933264683e-33 -2.311115933264683e-33 -3.1968501919739826e-16 -2.640507072252751e-14 2.469668854606274e-12 6.723201705582934e-10 
0.908203125 0.0 0.0 0.0 0.0 0.0 0.0 0.0 0.0 0.0 0.0 4.2632564145606015e-18 -2.311115933264683e-33 -2.311115933264683e-33 -2.311115933264683e-33 -2.311115933264683e-33 -2.311115933264683e-33 -2.311115933264683e-33 7.342274936187676e-18 -8.650206477038109e-15 -1.5649415393189272e-12 2.1670665972806254e-11 
0.912109375 0.0 0.0 0.0 0.0 0.0 0.0 0.0 0.0 0.0 0.0 4.2632564145606015e-18 -2.311115933264683e-33 -2.311115933264683e-33 -2.311115933264683e-33 -2.311115933264683e-33 -2.311115933264683e-33 -2.311115933264683e-33 3.1974423109204515e-18 3.2449894623217277e-15 -1.6181207485033179e-13 -7.688472927943244e-11 
0.916015625 0.0 0.0 0.0 0.0 0.0 0.0 0.0 0.0 0.0 0.0 2.072416312633626e-18 -2.311115933264683e-33 -2.311115933264683e-33 -2.311115933264683e-33 -2.311115933264683e-33 -2.311115933264683e-33 -2.311115933264683e-33 -4.085620730620579e-18 4.94064048931857e-16 1.8701626913752984e-13 3.286604233210241e-12 
0.919921875 0.0 0.0 0.0 0.0 0.0 0.0 0.0 0.0 0.0 0.0 0.0 -2.311115933264683e-33 -2.311115933264683e-33 -2.311115933264683e-33 -2.311115933264683e-33 -2.311115933264683e-33 -2.311115933264683e-33 -2.311115933264683e-33 -5.478876611656834e-16 3.5486280580699005e-15 8.389806656812956e-12 
0.923828125 0.0 0.0 0.0 0.0 0.0 0.0 0.0 0.0 0.0 0.0 0.0 -2.311115933264683e-33 -2.311115933264683e-33 -2.311115933264683e-33 -2.311115933264683e-33 -2.311115933264683e-33 -2.311115933264683e-33 -2.311115933264683e-33 -9.610090501155354e-17 -2.1837702017061624e-14 -9.902343833800816e-13 
0.927734375 0.0 0.0 0.0 0.0 0.0 0.0 0.0 0.0 0.0 0.0 0.0 -2.311115933264683e-33 -2.311115933264683e-33 -2.311115933264683e-33 -2.311115933264683e-33 -2.311115933264683e-33 -2.311115933264683e-33 -2.311115933264683e-33 2.196761291391642e-17 8.125648302363209e-16 -8.688740393836269e-13 
0.931640625 0.0 0.0 0.0 0.0 0.0 0.0 0.0 0.0 0.0 0.0 0.0 -2.311115933264683e-33 -2.311115933264683e-33 -2.311115933264683e-33 -2.311115933264683e-33 -2.311115933264683e-33 -2.311115933264683e-33 -2.311115933264683e-33 -6.572520305780929e-18 2.0839034201950805e-15 1.74728735184241e-13 
0.935546875 0.0 0.0 0.0 0.0 0.0 0.0 0.0 0.0 0.0 0.0 0.0 4.204044519913926e-18 -2.311115933264683e-33 -2.311115933264683e-33 -2.311115933264683e-33 -2.311115933264683e-33 -2.311115933264683e-33 -2.311115933264683e-33 -2.311115933264683e-33 -4.468721688984555e-16 8.378074530431455e-14 
0.939453125 0.0 0.0 0.0 0.0 0.0 0.0 0.0 0.0 0.0 0.0 0.0 4.2632564145606015e-18 -2.311115933264683e-33 -2.311115933264683e-33 -2.311115933264683e-33 -2.311115933264683e-33 -2.311115933264683e-33 -2.311115933264683e-33 -2.311115933264683e-33 -2.97717406283482e-16 -2.6489506884293694e-14 
0.943359375 0.0 0.0 0.0 0.0 0.0 0.0 0.0 0.0 0.0 0.0 0.0 4.2632564145606015e-18 -2.311115933264683e-33 -2.311115933264683e-33 -2.311115933264683e-33 -2.311115933264683e-33 -2.311115933264683e-33 -2.311115933264683e-33 -2.311115933264683e-33 1.3618735768735214e-17 -7.955887800411196e-15 
0.947265625 0.0 0.0 0.0 0.0 0.0 0.0 0.0 0.0 0.0 0.0 0.0 3.493501784153826e-18 -2.311115933264683e-33 -2.311115933264683e-33 -2.311115933264683e-33 -2.311115933264683e-33 -2.311115933264683e-33 -2.311115933264683e-33 -2.311115933264683e-33 1.125025998286824e-18 3.212067648898177e-15 
0.951171875 0.0 0.0 0.0 0.0 0.0 0.0 0.0 0.0 0.0 0.0 0.0 0.0 -2.311115933264683e-33 -2.311115933264683e-33 -2.311115933264683e-33 -2.311115933264683e-33 -2.311115933264683e-33 -2.311115933264683e-33 -2.311115933264683e-33 -3.6711374680938534e-18 4.0500935938325835e-16 
0.955078125 0.0 0.0 0.0 0.0 0.0 0.0 0.0 0.0 0.0 0.0 0.0 0.0 -2.311115933264683e-33 -2.311115933264683e-33 -2.311115933264683e-33 -2.311115933264683e-33 -2.311115933264683e-33 -2.311115933264683e-33 -2.311115933264683e-33 -2.311115933264683e-33 -5.320780852950213e-16 
0.958984375 0.0 0.0 0.0 0.0 0.0 0.0 0.0 0.0 0.0 0.0 0.0 0.0 -2.311115933264683e-33 -2.311115933264683e-33 -2.311115933264683e-33 -2.311115933264683e-33 -2.311115933264683e-33 -2.311115933264683e-33 -2.311115933264683e-33 -2.311115933264683e-33 -8.147556703382483e-17 
0.962890625 0.0 0.0 0.0 0.0 0.0 0.0 0.0 0.0 0.0 0.0 0.0 0.0 -2.311115933264683e-33 -2.311115933264683e-33 -2.311115933264683e-33 -2.311115933264683e-33 -2.311115933264683e-33 -2.311115933264683e-33 -2.311115933264683e-33 -2.311115933264683e-33 2.1257070178156325e-17 
0.966796875 0.0 0.0 0.0 0.0 0.0 0.0 0.0 0.0 0.0 0.0 0.0 0.0 2.782959048393724e-18 -2.311115933264683e-33 -2.311115933264683e-33 -2.311115933264683e-33 -2.311115933264683e-33 -2.311115933264683e-33 -2.311115933264683e-33 -2.311115933264683e-33 -7.046215462954329e-18 
0.970703125 0.0 0.0 0.0 0.0 0.0 0.0 0.0 0.0 0.0 0.0 0.0 0.0 4.2632564145606015e-18 -2.311115933264683e-33 -2.311115933264683e-33 -2.311115933264683e-33 -2.311115933264683e-33 -2.311115933264683e-33 -2.311115933264683e-33 -2.311115933264683e-33 -2.311115933264683e-33 
0.974609375 0.0 0.0 0.0 0.0 0.0 0.0 0.0 0.0 0.0 0.0 0.0 0.0 4.2632564145606015e-18 -2.311115933264683e-33 -2.311115933264683e-33 -2.311115933264683e-33 -2.311115933264683e-33 -2.311115933264683e-33 -2.311115933264683e-33 -2.311115933264683e-33 -2.311115933264683e-33 
0.978515625 0.0 0.0 0.0 0.0 0.0 0.0 0.0 0.0 0.0 0.0 0.0 0.0 4.2632564145606015e-18 -2.311115933264683e-33 -2.311115933264683e-33 -2.311115933264683e-33 -2.311115933264683e-33 -2.311115933264683e-33 -2.311115933264683e-33 -2.311115933264683e-33 -2.311115933264683e-33 
0.982421875 0.0 0.0 0.0 0.0 0.0 0.0 0.0 0.0 0.0 0.0 0.0 0.0 6.513308411134252e-19 -2.311115933264683e-33 -2.311115933264683e-33 -2.311115933264683e-33 -2.311115933264683e-33 -2.311115933264683e-33 -2.311115933264683e-33 -2.311115933264683e-33 -2.311115933264683e-33 
0.986328125 0.0 0.0 0.0 0.0 0.0 0.0 0.0 0.0 0.0 0.0 0.0 0.0 0.0 -2.311115933264683e-33 -2.311115933264683e-33 -2.311115933264683e-33 -2.311115933264683e-33 -2.311115933264683e-33 -2.311115933264683e-33 -2.311115933264683e-33 -2.311115933264683e-33 
0.990234375 0.0 0.0 0.0 0.0 0.0 0.0 0.0 0.0 0.0 0.0 0.0 0.0 0.0 -1.1842378929335235e-19 -1.1842378929335235e-19 -1.1842378929335235e-19 -1.1842378929335235e-19 -1.1842378929335235e-19 -1.1842378929335235e-19 -1.1842378929335235e-19 -1.1842378929335235e-19 
0.994140625 0.0 0.0 0.0 0.0 0.0 0.0 0.0 0.0 0.0 0.0 0.0 0.0 0.0 1.3026616822268482e-18 1.3026616822268482e-18 1.3026616822268482e-18 1.3026616822268482e-18 1.3026616822268482e-18 1.3026616822268482e-18 1.3026616822268482e-18 1.3026616822268482e-18 
0.998046875 0.0 0.0 0.0 0.0 0.0 0.0 0.0 0.0 0.0 0.0 0.0 0.0 0.0 1.9539925233402745e-18 1.9539925233402745e-18 1.9539925233402745e-18 1.9539925233402745e-18 1.9539925233402745e-18 1.9539925233402745e-18 1.9539925233402745e-18 1.9539925233402745e-18 
