0.0 0.0 0.0 0.0 0.0 0.0 0.0 0.0 0.0 0.0 0.0 
0.005 0.027162911916860353 0.023915421477848926 0.021361400543658756 0.019300188629835395 0.017601719129403316 0.016177989654832452 0.0149673314389401 0.013925245885693386 0.013018818159921368 0.012223178431513628 
0.01 0.05430848710545951 0.04782042517452362 0.04271617019831251 0.03859595865229781 0.0352003816096863 0.032353798034679096 0.029933064873410194 0.027849294475131778 0.026036721643798923 0.02444564612470055 
0.015 0.08141938428021424 0.07170458506293623 0.06405767147258584 0.05788288682446458 0.052792927638444107 0.04852524172298446 0.044895600830677874 0.041770947451603486 0.03905279505566831 0.03666669182564597 
0.02 0.10847825314250387 0.09555745856316793 0.08537925353802983 0.07715654048955525 0.07037629097809116 0.0646901329123301 0.059853336814205745 0.05568900438782639 0.05206612150445244 0.04888560320543306 
0.025 0.1354677299225993 0.11936857824386118 0.10667424551404489 0.09641247282081677 0.08794739569331096 0.080846277169966 0.07480466575861747 0.06960226166286539 0.06507578183322155 0.061101666303361155 
0.03 0.16237043295072767 0.1431274434826091 0.12793594971246763 0.11564621804254911 0.10550315287970977 0.0969914712026999 0.089747974487925 0.08350951138374325 0.07808085385331327 0.07331416497461363 
0.035 0.18916895828566996 0.16682351207476265 0.14915763481264718 0.1348532865966517 0.12304045735632592 0.11312350059970662 0.10468164216102753 0.0974095403001507 0.09108041157503975 0.08552238033653711 
0.04 0.2158458754149832 0.1904461917819793 0.17033252895311948 0.15402916024119948 0.14055618431012265 0.12924013754323158 0.11960403869627913 0.11130112870569554 0.10407352442981817 0.09772559020950444 
0.045 0.24238372304098973 0.21398483180767086 0.1914538127239828 0.17316928706920956 0.15804718588445069 0.14533913848164898 0.13451352317106255 0.1251830493225535 0.11705925648124264 0.10992306855037705 
0.05 0.2687650049684504 0.23742871418635242 0.21251461204181343 0.19226907643356228 0.17551028770229957 0.16141824175918404 0.1494084421928364 0.1390540661672525 0.13003666562352814 0.122114084877412 
0.055 0.29497218611062065 0.26076704507455284 0.23350799088852048 0.2113238937628604 0.19294228531389657 0.1774751651956338 0.16428712823753083 0.15291293339503323 0.14300480276574692 0.13429790368560046 
0.06 0.32098768863103316 0.28398894593096335 0.254426943895359 0.23032905525262087 0.2103399405576683 0.19350760360884908 0.17914789795064853 0.16675839411986682 0.1559627110000011 0.1464737838512597 
0.065 0.34679388823935614 0.30708344457337666 0.2752643887526583 0.24927982241572166 0.22769997782320647 0.2095132262724263 0.19398905040618214 0.1805891792069653 0.16890942475150014 0.15864097802456767 
0.07 0.37237311066067974 0.3300394660999473 0.2960131584250152 0.26817139647529775 0.24501908020448804 0.22548967430079517 0.20880886531823936 0.19440400603447164 0.18184396890838278 0.1707987320086145 
0.075 0.3977076282988071 0.3528458236622846 0.3166659931508177 0.2869989125823424 0.26229388553092453 0.24143455795354735 0.2236056012000863 0.20820157722089674 0.19476535792903668 0.18294628412349875 
0.08 0.4227796571153838 0.37549120907793837 0.3372155322040233 0.30575743383934084 0.27952098226310534 0.2573454538503704 0.2383774934650598 0.22198057931471193 0.2076725949245802 0.1950828645539238 
0.085 0.4475713537481579 0.3979641832698704 0.35765430539504683 0.32444194511013835 0.2966969052393248 0.2732199020874403 0.2531227524634824 0.2357396814423451 0.2205646707140628 0.2072076946786889 
0.09 0.47206481289323204 0.4202531665205458 0.37797472428646134 0.34304734659505504 0.3138181312580625 0.2890554032455588 0.26783956144933835 0.24947753391060282 0.233440562849835 0.21931998638039335 
0.095 0.49624206497783707 0.4423464285284488 0.39816907309792915 0.3615684471489136 0.3308810744806414 0.304849415279649 0.2825260744700895 0.2631927667592819 0.24629923461037134 0.23141894133361982 
0.1 0.5200850741520331 0.4642320782549441 0.4182294992733199 0.37999995731816577 0.3478820816371622 0.32059935027858355 0.2971804141725724 0.2768839882594942 0.2591396339576707 0.243503750269704 
0.105 0.5435757366297271 0.48589805354964777 0.43814800368148216 0.3983364820716134 0.36481742701762365 0.33630257108345957 0.31180066951743174 0.2905497833529204 0.27196069245619287 0.2555735922161516 
0.11 0.5666958794115504 0.5073321105427595 0.4579164304204144 0.4165725131973869 0.3816833072287661 0.35195638775161625 0.32638489339401605 0.3041887120268883 0.2847613241500774 0.26762763370859066 
0.115 0.5894272594244269 0.5285218127931977 0.4775264561927222 0.4347024213368366 0.39847583569567335 0.36755805385269946 0.3409311001270664 0.3177993076198312 0.29754042439519435 0.2796650279730491 
0.12 0.6117515631151607 0.5494545201818691 0.49696957921823176 0.45272044762372315 0.41519103688548525 0.3831047625820165 0.35543726286587624 0.33138007505126627 0.3102968686423327 0.2916849140762005 
0.125 0.6336504065379812 0.5701173775400108 0.5162371076474594 0.4706206948945626 0.4318248402287592 0.3985936426751981 0.36990131084586947 0.3449294889700078 0.3230295111675791 0.30368641604106467 
0.13 0.6551053359788024 0.5904973030032936 0.5353201474372159 0.48839711843328265 0.4483730737119199 0.41402175410688863 0.3843211265117555 0.358445991813865 0.3357371837456379 0.3156686419254623 
0.135 0.6760978291619162 0.6105809760833302 0.5542095896470549 0.5060435162102378 0.4648314571119587 0.4293860835547233 0.39869454249049857 0.3719279917735275 0.3484186942615528 0.32763068286036207 
0.14 0.6966092970880278 0.6303548254493306 0.5728960971124573 0.5235535185722753 0.481195594841996 0.4446835396082022 0.41301933840136484 0.3853738606527658 0.361072825255929 0.33957161204502356 
0.145 0.7166210865558055 0.6498050164140334 0.5913700904475588 0.5409205773367829 0.4974609683734996 0.45991094770022023 0.4272932374892507 0.3987819316164146 0.373698332398388 0.3514904836956447 
0.15 0.7361144834226825 0.6689174381196585 0.6096217333269777 0.5581379542384889 0.5136229281977864 0.47506504473705974 0.44151390306623467 0.412150496816915 0.3862939428835446 0.36338633194394077 
0.155 0.7550707166642724 0.6876776904216022 0.6276409169926511 0.5751987086731766 0.5296766852859166 0.4901424734003404 0.4556789347449503 0.42547780488938236 0.3988583537433545 0.3752581696818454 
0.16 0.7734709632956203 0.7060710704698995 0.6454172439277482 0.5920956846773454 0.5456173020021807 0.5051397760919368 0.4697858644459002 0.4387620583043218 0.41139023006915665 0.38710498734818505 
0.165 0.7912963542214737 0.7240825589912311 0.6629400106355375 0.6088214970771721 0.5614396824219803 0.5200533884900457 0.48383215215914444 0.4520014105660913 0.42388820313619613 0.39892575165286853 
0.17 0.8085279810869183 0.7416968062774939 0.6801981894565439 0.625368516733771 0.5771385620000088 0.5348796326814917 0.4978151814389433 0.46519396324416307 0.4363508684227706 0.4107194042337828 
0.175 0.8251469042039914 0.7588981178907711 0.6971804093524533 0.6417288548047083 0.5927084965291395 0.5496147098317881 0.5117322546078285 0.47833776282306895 0.4487767835154418 0.42248486024116955 
0.18 0.8411341616342256 0.775670440098968 0.7138749355799531 0.6578943459338559 0.6081438503242808 0.5642546923505903 0.5255805876443138 0.4914307973555074 0.46116446589102456 0.4342210068438275 
0.185 0.8564707795115756 0.7919973450616148 0.7302696481720674 0.6738565302729309 0.6234387835585028 0.578795515505717 0.5393573047257904 0.5044709929016811 0.473512390565203 0.4459267016509847 
0.19 0.8711377836946494 0.8078620157914361 0.7463520191384319 0.689606634228196 0.6385872386709958 0.5932329684339792 0.553059432395287 0.5174562097362285 0.48581898759667713 0.45760077104315944 
0.195 0.885116212841724 0.8232472309243603 0.7621090882894591 0.7051355498148603 0.6535829257575919 0.6075626844914173 0.5666838933174746 0.5303842383023004 0.4980826394347248 0.4692420084047411 
0.2 0.8983871330065292 0.838135349338821 0.777527437582348 0.720433812489443 0.6684193068447265 0.6217801308792869 0.5802274995856689 0.5432527948902233 0.5103016780968791 0.4808491722503547 
0.205 0.9109316538571576 0.8525082946748004 0.7925931638795101 0.7354915773165352 0.6830895789364461 0.6358805974749063 0.5936869455373952 0.5560595170158983 0.5224743821621526 0.4924209842363451 
0.21 0.9227309466247293 0.8663475398139995 0.8072918500020514 0.7502985933109436 0.6975866557113972 0.6498591847885082 0.6070588000314205 0.5688019584714978 0.5345989735637753 0.5039561270479217 
0.215 0.9337662638925701 0.8796340913953373 0.8216085339526142 0.7648441757787314 0.7119031477323183 0.6637107909579301 0.6203394981339231 0.5814775840180678 0.5466736141638051 0.5154532421515995 
0.22 0.9440189613402489 0.8923484744548357 0.8355276761731537 0.7791171764610781 0.726031341014108 0.6774300976826415 0.6335253321554422 0.5940837636863587 0.5586964020901917 0.5269109274015604 
0.225 0.9534705215596215 0.9044707172948707 0.8490331246938098 0.793105951262704 0.7399631737778896 0.6910115549866569 0.6466124419735098 0.606617766648501 0.5706653678148008 0.5383277344874651 
0.23 0.9621025800662779 0.915980336709126 0.8621080780196613 0.8067983253216058 0.7536902111970828 0.704449364686303 0.6595968045681367 0.6190767546189252 0.5825784699486949 0.5497021662100146 
0.235 0.9698969536209872 0.9268563237119005 0.8747350455928647 0.8201815551485836 0.7672036179170447 0.717737462423279 0.6724742226885357 0.6314577747382077 0.594433590728356 0.5610326735691237 
0.24 0.976835670990218 0.9370771299361313 0.8868958056563152 0.8332422875328354 0.7804941281017271 0.7308694981055752 0.6852403125594566 0.6437577518880709 0.6062285311636786 0.5723176526480489 
0.245 0.9829010063115814 0.9466206549164048 0.8985713603349524 0.8459665148733155 0.793552012728523 0.7438388145783176 0.6978904905240019 0.655973480379678 0.6179610058152973 0.5835554412751011 
0.25 0.988075514973458 0.9554642345068585 0.9097418877474972 0.8583395265546997 0.8063670438152374 0.7566384243228895 0.7104199585066149 0.6681016149503289 0.6296286371651547 0.5947443154425478 
0.255 0.9923420724573524 0.9635846306057179 0.9203866909440088 0.8703458559397872 0.8189284552200726 0.7692609839553607 0.7228236881647742 0.6801386609957081 0.641228949540011 0.6058824854601259 
0.26 0.9956839167199292 0.9709580226205617 0.9304841434406045 0.8819692224939416 0.8312248996053339 0.7816987662634297 0.7350964035804423 0.6920809639556408 0.6527593625428724 0.6169680918181435 
0.265 0.9980846897766652 0.9775600013573896 0.9400116311724852 0.8931924684971662 0.8432444010975487 0.7939436294842395 0.7472325623220849 0.7039246977608592 0.66421718394189 0.6279992007322862 
0.27 0.9995284849588498 0.9833655645824184 0.9489454906873367 0.9039974897375174 0.8549743031096427 0.8059869834823878 0.759226334684643 0.7156658522361595 0.6755996019601678 0.6389737993391111 
0.275 0.9999999205287738 0.9883491147690081 0.9572609431441468 0.914365159487435 0.8664012107114953 0.81781975243705 0.7710715808875057 0.7273002193413989 0.6869036769028116 0.6498897905075631 
0.28 0.9994841774854127 0.9924844655917554 0.9649320239263796 0.9242752449456344 0.8775109268396559 0.8294323335877836 0.7827618259787149 0.7388233781156429 0.698126332049507 0.6607449872277913 
0.285 0.9979670141012823 0.995744848944949 0.9719315086171401 0.9337063152842552 0.888288381529109 0.8408145515190009 0.794290232156415 0.7502306781710839 0.7092643437316254 0.6715371065338495 
0.29 0.9954348830940708 0.9981028970625199 0.9782308341649038 0.9426356403922822 0.8987175532304278 0.851955607381422 0.8056495681747932 0.7615172215615421 0.7203143305021206 0.6822637629115615 
0.295 0.9918750026147846 0.9995306694109892 0.9838000113269795 0.9510390789617231 0.9087813811155248 0.8628440223509092 0.8168321754501677 0.7726778428248973 0.7312727412941386 0.6929224611367057 
0.3 0.9872753981223649 0.9999998135959118 0.9886075354797143 0.9588909542367865 0.9184616670574991 0.873467574506256 0.8278299304217177 0.783707086969109 0.7421358424499221 0.7035105884817083 
0.305 0.981624972211327 0.9994815156617681 0.9926203083236473 0.966163916927859 0.927738965786374 0.8838132281686341 0.8386342026490401 0.7945991851364808 0.7528997034849232 0.7140254062209798 
0.31 0.9749135863962451 0.9979462648051969 0.9958035259194693 0.9728287947218062 0.9365924616010308 0.8938670545871219 0.8492358080429785 0.8053480276395703 0.7635601814326194 0.7244640403557533 
0.315 0.9671321408189083 0.9953641534408649 0.9981204843289989 0.978854421533544 0.9449998295548405 0.9036141426538342 0.8596249565228573 0.8159471340133225 0.7741129035927724 0.7348234714685333 
0.32 0.9582726544513985 0.9917050737333085 0.9995325232130122 0.9842074405394667 0.9529370781000038 0.9130384980541872 0.8697911932670597 0.8263896196698861 0.7845532484792928 0.745100523604935 
0.325 0.9483283488991372 0.9869386624904342 0.9999992915316848 0.9888521008145785 0.9603783703723621 0.922122928949693 0.8797233325731646 0.8366681586734656 0.7948763247324349 0.7552918520659654 
0.33 0.9372937353375101 0.9810343272980278 0.999478442535252 0.9927500552278902 0.9672958230139918 0.9308489160545838 0.8894093831684369 0.8467749420701793 0.8050769477231018 0.7653939299775177 
0.335 0.9251647036440541 0.9739613830784761 0.9979247269794208 0.9958600477846397 0.9736592779151799 0.9391964645908655 0.898836463596285 0.8567016311083092 0.8151496135326354 0.7754030334827616 
0.34 0.9119386133442219 0.9656892058235141 0.9952904112684291 0.9981374290758905 0.9794360317622773 0.947143934554557 0.9079907060117873 0.8664393045624759 0.8250884699399977 0.7853152253827455 
0.345 0.8976143860126143 0.9561873797594548 0.9915256723974178 0.9995339573929418 0.9845905189419073 0.9546678446235438 0.9168571463476379 0.8759783992274679 0.8348872839831628 0.7951263370176158 
0.35 0.882192598591642 0.9454258623791589 0.9865782158447017 0.9999981839986694 0.9890839835100859 0.9617426460986321 0.9254195984550513 0.8853086424726053 0.8445394055928643 0.8048319481593035 
0.355 0.8656755769958133 0.9333751816411522 0.9803929083717986 0.9994747256418057 0.9928741261434816 0.9683404643391466 0.9336605094789576 0.8944189755357415 0.8540377266909677 0.8144273646280451 
0.36 0.8480674893064829 0.9200066644688016 0.9729117113050515 0.9979021549030966 0.9959145184236023 0.9744307963122085 0.9415607929333343 0.9032974659618878 0.8633746350715346 0.8239075933351888 
0.365 0.8293744377818904 0.9052926956808902 0.9640737102938508 0.9952132659889704 0.9981537254324019 0.9799801401189809 0.9490996343504986 0.9119312072117475 0.8725419621615917 0.8332673143385886 
0.37 0.8096045488226178 0.8892070102182427 0.9538150968817695 0.9913356864672049 0.9995349079057209 0.9849515580123341 0.9562542635149821 0.920306203062592 0.8815309237892671 0.8425008495321508 
0.375 0.7887680599523349 0.8717250218012821 0.9420691404654723 0.9861908451602022 0.9999963390397343 0.9893042247493518 0.9629996891569897 0.9284072339600666 0.8903320524657444 0.8516021273518491 
0.38 0.7668774027978029 0.8528241899621005 0.9287662227671347 0.9796925481402773 0.9994701115977107 0.9929929064365568 0.9693083909964146 0.9362177021276369 0.8989351203458662 0.8605646430305764 
0.385 0.7439472809819198 0.8324844267124363 0.913833958566266 0.9717460052460667 0.9978782314619196 0.9959670411628088 0.9751499488825042 0.9437194504474476 0.9073290498326712 0.8693814134370791 
0.39 0.7199947417818979 0.8106885435690551 0.8971974079083622 0.9622470470056614 0.9951322085847275 0.9981693790044869 0.9804905765881453 0.9508925495382451 0.9155018120755035 0.8780449259759769 
0.395 0.6950392403542971 0.7874227387338122 0.8787794010282367 0.951081108100404 0.991133746418361 0.9995353304375234 0.9852925721838026 0.9577150436892057 0.9234403060570537 0.8865470799118665 
0.4 0.669102695292127 0.7626771229369256 0.8585010119393214 0.9381219218015607 0.9857725860275975 0.9999936222038703 0.9895137513497274 0.9641626573037096 0.9311302235790594 0.8948791198329488 
0.405 0.6422095342596066 0.7364462808763074 0.8362822214499952 0.9232300619524648 0.9789229059681567 0.9994643286138465 0.9931067486417532 0.9702084379297989 0.9385558815430469 0.9030315579878934 
0.41 0.6143867284501519 0.7087298632919959 0.8120428147428251 0.9062513990386561 0.9704399260809596 0.9978525566050316 0.9960177164409886 0.9758223410431345 0.9457000404385314 0.9109940865592743 
0.415 0.5856638146353463 0.6795332024779901 0.7857035660260628 0.8870154592928248 0.9601564896300502 0.9950465679188696 0.9981844020822125 0.9809706352024977 0.9525436615249436 0.9187554722921647 
0.42 0.5560729036194816 0.6488679414787423 0.7571877699478915 0.865333706089981 0.9478786017964818 0.9909181175172449 0.9995351979553065 0.985615339029067 0.959065658381425 0.9263034395877486 
0.425 0.5256486739877438 0.6167526644028024 0.7264231838658446 0.8409978410171559 0.9333793081397023 0.9853184185981573 0.9999899076261319 0.9897133644314908 0.9652425390295998 0.9336245232076039 
0.43 0.4944283501377164 0.583213512306492 0.6933444452842931 0.8137782997669708 0.9163906804004853 0.9780705290627656 0.9994571110877933 0.9932160258457691 0.971048081684636 0.9407039129974196 
0.435 0.4624516637142478 0.5482847660998404 0.6578960223557491 0.7834232221021519 0.8965934717988069 0.9689605232480356 0.9978245644140715 0.9960665452809475 0.9764527471084621 0.9475252363609156 
0.44 0.4297607977270965 0.5120093751024545 0.6200357384376616 0.7496583487408318 0.8736035191400415 0.9577270658785405 0.9949556388348771 0.998198981943764 0.9814232137311507 0.9540703553394843 
0.445 0.39640031281802096 0.474439407476882 0.579738879738542 0.7121885673753587 0.8469535361646547 0.9440467274347962 0.9906860362049035 0.9995341948336676 0.9859213425833666 0.960319016505096 
0.45 0.36241705535731383 0.4356363970829103 0.5370028433446328 0.6707022192161051 0.8160684930118361 0.9275117746182298 0.9848230158651586 0.9999856404833586 0.9899039352864836 0.9662486290237915 
0.455 0.32786004728625806 0.3956715606448684 0.49185220746097685 0.6248798109282657 0.7802321262512065 0.907596350783977 0.9771141270258075 0.999447071998464 0.993320790302834 0.9718336363000754 
0.46 0.2927803578775773 0.3546258598194205 0.44434400530018703 0.5744094437685603 0.738541332214484 0.8836043554323717 0.967268547856421 0.9977956829374459 0.9961140606487157 0.9770453845120789 
0.465 0.2572309578557469 0.312589885066428 0.3945728629285354 0.5190119523190401 0.689844784670331 0.8545812389894317 0.9548281027785998 0.9948542395998724 0.9982123409236933 0.9818506382589556 
0.47 0.2212665565971757 0.2696635423467406 0.34267553232047276 0.4584790837576468 0.6326637910891361 0.8191750467887743 0.9393619696589535 0.9904417189584975 0.9995337479373909 0.986212283741392 
0.475 0.18494342341006334 0.22595552965049487 0.28883423759241783 0.39272727183269224 0.565102565210379 0.7753126291746513 0.9198459474040624 0.9842624288205557 0.9999779941851898 0.9900854910910785 
0.48 0.14831919416814485 0.1815825980767034 0.2332781893016393 0.32186636967940385 0.48478828438360194 0.7197713291526182 0.8956916042536887 0.9760548797911305 0.9994394605331082 0.9934225756022523 
0.485 0.11145266483401506 0.13666860130907946 0.17628264839623853 0.24627564668568078 0.38898210639250835 0.6463221025716407 0.8640441940821044 0.9652344549946323 0.9977537946602146 0.9961578210176116 
0.49 0.07440357364949034 0.09134334737055957 0.11816507221968417 0.16666839724438615 0.27527396952498434 0.543386070807411 0.8237098785785749 0.9513752243535194 0.994761425464027 0.9982294723713022 
0.495 0.03723237397741158 0.045741276581825224 0.059278157548623034 0.08411576586893907 0.14367781435839513 0.3767017445549132 0.7644263746707256 0.9330918474463846 0.9901322591929075 0.9995214645270054 
0.5 1.4517796581554982e-16 1.7839799011625223e-16 2.31332222269879e-16 3.2893649028561795e-16 5.691059203682531e-16 1.9911256735186246e-15 1.1857416269088111e-13 7.545945635520398e-11 1.137708260612751e-7 0.0002209896644179838 
0.505 -0.03723237397741125 -0.04574127658182489 -0.0592781575486226 -0.08411576586893856 -0.14367781435839524 -0.3767017445549156 -0.7644263746707283 -0.9330918474463817 -0.9901322591929087 -0.9995214645270021 
0.51 -0.07440357364949017 -0.09134334737055932 -0.11816507221968338 -0.1666683972443863 -0.27527396952498734 -0.5433860708074053 -0.823709878578578 -0.9513752243535166 -0.9947614254640288 -0.9982294723713032 
0.515 -0.11145266483401486 -0.1366686013090788 -0.17628264839623892 -0.246275646685682 -0.3889821063925117 -0.6463221025716351 -0.8640441940821078 -0.965234454994633 -0.9977537946602181 -0.9961578210176124 
0.52 -0.14831919416814426 -0.1815825980767036 -0.2332781893016403 -0.32186636967940524 -0.48478828438359944 -0.7197713291526189 -0.8956916042536909 -0.976054879791134 -0.9994394605331117 -0.9934225756022526 
0.525 -0.18494342341006356 -0.2259555296504958 -0.28883423759241816 -0.39272727183269435 -0.5651025652103733 -0.7753126291746549 -0.9198459474040629 -0.9842624288205596 -0.999977994185192 -0.9900854910910772 
0.53 -0.22126655659717617 -0.2696635423467406 -0.34267553232047415 -0.45847908375764657 -0.6326637910891323 -0.8191750467887767 -0.9393619696589519 -0.9904417189584985 -0.9995337479373922 -0.9862122837413896 
0.535 -0.2572309578557469 -0.31258988506642843 -0.3945728629285372 -0.5190119523190361 -0.6898447846703296 -0.8545812389894326 -0.9548281027785982 -0.9948542395998738 -0.9982123409236944 -0.9818506382589519 
0.54 -0.2927803578775776 -0.35462585981942185 -0.444344005300187 -0.5744094437685565 -0.7385413322144846 -0.8836043554323751 -0.967268547856423 -0.9977956829374478 -0.9961140606487157 -0.9770453845120747 
0.545 -0.3278600472862587 -0.3956715606448697 -0.4918522074609754 -0.6248798109282651 -0.7802321262512095 -0.907596350783979 -0.9771141270258119 -0.9994470719984667 -0.9933207903028335 -0.9718336363000714 
0.55 -0.36241705535731433 -0.4356363970829103 -0.5370028433446292 -0.6707022192161042 -0.816068493011838 -0.9275117746182284 -0.9848230158651624 -0.9999856404833596 -0.9899039352864836 -0.9662486290237912 
0.555 -0.39640031281802096 -0.474439407476881 -0.5797388797385387 -0.7121885673753581 -0.8469535361646561 -0.9440467274347936 -0.9906860362049061 -0.9995341948336681 -0.9859213425833662 -0.9603190165050973 
0.56 -0.42976079772709674 -0.5120093751024528 -0.6200357384376602 -0.7496583487408331 -0.8736035191400433 -0.9577270658785406 -0.9949556388348797 -0.9981989819437653 -0.9814232137311484 -0.9540703553394856 
0.565 -0.4624516637142476 -0.5482847660998387 -0.6578960223557493 -0.7834232221021545 -0.8965934717988088 -0.9689605232480393 -0.9978245644140736 -0.9960665452809467 -0.9764527471084592 -0.9475252363609178 
0.57 -0.49442835013771536 -0.5832135123064907 -0.6933444452842927 -0.8137782997669719 -0.916390680400484 -0.9780705290627709 -0.9994571110877957 -0.9932160258457683 -0.9710480816846339 -0.9407039129974221 
0.575 -0.5256486739877416 -0.6167526644028024 -0.7264231838658443 -0.8409978410171569 -0.9333793081396996 -0.9853184185981615 -0.9999899076261337 -0.9897133644314923 -0.9652425390296 -0.9336245232076066 
0.58 -0.5560729036194807 -0.6488679414787423 -0.7571877699478913 -0.865333706089982 -0.9478786017964801 -0.9909181175172476 -0.9995351979553074 -0.9856153390290693 -0.9590656583814271 -0.9263034395877529 
0.585 -0.5856638146353469 -0.6795332024779899 -0.7857035660260638 -0.8870154592928261 -0.9601564896300521 -0.9950465679188717 -0.9981844020822133 -0.9809706352024959 -0.9525436615249452 -0.9187554722921697 
0.59 -0.6143867284501519 -0.7087298632919955 -0.8120428147428265 -0.9062513990386564 -0.9704399260809641 -0.9978525566050346 -0.9960177164409885 -0.9758223410431308 -0.9457000404385328 -0.910994086559279 
0.595 -0.6422095342596055 -0.7364462808763069 -0.8362822214499955 -0.9232300619524639 -0.9789229059681611 -0.9994643286138494 -0.9931067486417525 -0.970208437929798 -0.9385558815430504 -0.9030315579878965 
0.6 -0.6691026952921266 -0.7626771229369246 -0.8585010119393227 -0.9381219218015587 -0.9857725860276004 -0.999993622203872 -0.989513751349729 -0.9641626573037102 -0.9311302235790635 -0.8948791198329508 
0.605 -0.6950392403542975 -0.7874227387338123 -0.8787794010282387 -0.9510811081004032 -0.9911337464183638 -0.9995353304375243 -0.9852925721838045 -0.957715043689207 -0.923440306057058 -0.8865470799118673 
0.61 -0.7199947417818979 -0.8106885435690568 -0.8971974079083626 -0.9622470470056628 -0.9951322085847308 -0.9981693790044869 -0.9804905765881436 -0.9508925495382454 -0.9155018120755102 -0.8780449259759765 
0.615 -0.7439472809819198 -0.8324844267124374 -0.9138339585662644 -0.9717460052460708 -0.9978782314619222 -0.9959670411628097 -0.9751499488825015 -0.94371945044745 -0.9073290498326758 -0.8693814134370766 
0.62 -0.7668774027978029 -0.8528241899621001 -0.9287662227671338 -0.9796925481402804 -0.9994701115977134 -0.9929929064365581 -0.9693083909964139 -0.9362177021276414 -0.8989351203458695 -0.8605646430305725 
0.625 -0.7887680599523345 -0.8717250218012824 -0.9420691404654723 -0.9861908451602032 -0.999996339039737 -0.9893042247493538 -0.96299968915699 -0.9284072339600711 -0.8903320524657463 -0.8516021273518426 
0.63 -0.8096045488226182 -0.889207010218244 -0.9538150968817687 -0.9913356864672058 -0.9995349079057217 -0.9849515580123364 -0.9562542635149821 -0.9203062030625971 -0.881530923789268 -0.8425008495321447 
0.635 -0.8293744377818912 -0.9052926956808898 -0.9640737102938524 -0.9952132659889731 -0.9981537254324023 -0.9799801401189818 -0.9490996343504996 -0.9119312072117521 -0.87254196216159 -0.8332673143385854 
0.64 -0.8480674893064831 -0.9200066644688005 -0.9729117113050547 -0.9979021549030995 -0.9959145184236027 -0.9744307963122066 -0.941560792933338 -0.9032974659618901 -0.8633746350715298 -0.8239075933351867 
0.645 -0.8656755769958135 -0.933375181641151 -0.9803929083718025 -0.9994747256418064 -0.9928741261434828 -0.9683404643391466 -0.9336605094789616 -0.8944189755357441 -0.8540377266909605 -0.814427364628045 
0.65 -0.882192598591642 -0.9454258623791589 -0.9865782158447043 -0.9999981839986706 -0.9890839835100885 -0.9617426460986328 -0.9254195984550572 -0.885308642472608 -0.8445394055928571 -0.8048319481593056 
0.655 -0.8976143860126143 -0.9561873797594541 -0.9915256723974181 -0.9995339573929418 -0.9845905189419076 -0.9546678446235438 -0.9168571463476433 -0.8759783992274692 -0.8348872839831604 -0.7951263370176185 
0.66 -0.9119386133442213 -0.9656892058235151 -0.9952904112684304 -0.9981374290758896 -0.9794360317622767 -0.9471439345545575 -0.9079907060117919 -0.8664393045624723 -0.8250884699399977 -0.7853152253827466 
0.665 -0.9251647036440525 -0.9739613830784785 -0.9979247269794235 -0.9958600477846403 -0.9736592779151799 -0.939196464590867 -0.8988364635962872 -0.8567016311083017 -0.815149613532636 -0.775403033482762 
0.67 -0.9372937353375091 -0.981034327298031 -0.9994784425352524 -0.9927500552278918 -0.9672958230139918 -0.9308489160545884 -0.889409383168439 -0.8467749420701746 -0.8050769477231038 -0.765393929977517 
0.675 -0.9483283488991369 -0.9869386624904359 -0.9999992915316837 -0.9888521008145796 -0.9603783703723627 -0.9221229289496984 -0.8797233325731664 -0.8366681586734633 -0.7948763247324366 -0.7552918520659642 
0.68 -0.9582726544513984 -0.9917050737333092 -0.9995325232130124 -0.9842074405394681 -0.9529370781000038 -0.9130384980541911 -0.8697911932670583 -0.8263896196698867 -0.7845532484792941 -0.7451005236049331 
0.685 -0.9671321408189093 -0.995364153440866 -0.9981204843289992 -0.9788544215335446 -0.9449998295548414 -0.9036141426538365 -0.859624956522853 -0.8159471340133233 -0.7741129035927724 -0.7348234714685321 
0.69 -0.9749135863962469 -0.9979462648051965 -0.99580352591947 -0.9728287947218066 -0.9365924616010339 -0.8938670545871235 -0.8492358080429727 -0.8053480276395703 -0.763560181432618 -0.7244640403557536 
0.695 -0.981624972211329 -0.9994815156617664 -0.9926203083236486 -0.9661639169278596 -0.9277389657863773 -0.8838132281686347 -0.8386342026490342 -0.7945991851364816 -0.7528997034849223 -0.7140254062209815 
0.7 -0.9872753981223662 -0.9999998135959087 -0.9886075354797152 -0.9588909542367864 -0.9184616670575014 -0.8734675745062555 -0.8278299304217157 -0.7837070869691106 -0.7421358424499205 -0.703510588481711 
0.705 -0.9918750026147846 -0.9995306694109894 -0.9838000113269808 -0.9510390789617233 -0.9087813811155261 -0.8628440223509058 -0.8168321754501677 -0.7726778428248975 -0.7312727412941382 -0.6929224611367077 
0.71 -0.9954348830940715 -0.9981028970625218 -0.9782308341649046 -0.9426356403922822 -0.8987175532304305 -0.8519556073814171 -0.8056495681747949 -0.761517221561542 -0.7203143305021222 -0.6822637629115629 
0.715 -0.9979670141012825 -0.9957448489449489 -0.9719315086171408 -0.9337063152842552 -0.8882883815291099 -0.8408145515189955 -0.794290232156417 -0.7502306781710837 -0.709264343731628 -0.6715371065338493 
0.72 -0.9994841774854117 -0.992484465591755 -0.96493202392638 -0.924275244945636 -0.8775109268396556 -0.82943233358778 -0.7827618259787176 -0.7388233781156419 -0.6981263320495091 -0.6607449872277888 
0.725 -0.9999999205287747 -0.9883491147690098 -0.9572609431441467 -0.9143651594874377 -0.866401210711495 -0.8178197524370491 -0.7710715808875065 -0.7273002193413988 -0.6869036769028118 -0.6498897905075598 
0.73 -0.9995284849588514 -0.9833655645824195 -0.9489454906873365 -0.90399748973752 -0.8549743031096397 -0.8059869834823893 -0.7592263346846416 -0.7156658522361615 -0.675599601960168 -0.6389737993391091 
0.735 -0.9980846897766671 -0.9775600013573901 -0.9400116311724844 -0.8931924684971687 -0.8432444010975432 -0.7939436294842415 -0.7472325623220838 -0.7039246977608603 -0.6642171839418886 -0.6279992007322859 
0.74 -0.99568391671993 -0.9709580226205613 -0.9304841434406039 -0.8819692224939429 -0.8312248996053287 -0.7816987662634308 -0.7350964035804434 -0.692080963955641 -0.6527593625428701 -0.6169680918181416 
0.745 -0.9923420724573521 -0.9635846306057179 -0.9203866909440097 -0.8703458559397867 -0.8189284552200704 -0.7692609839553604 -0.7228236881647765 -0.6801386609957074 -0.6412289495400096 -0.605882485460124 
0.75 -0.9880755149734591 -0.9554642345068586 -0.9097418877474985 -0.8583395265546973 -0.8063670438152397 -0.756638424322888 -0.7104199585066175 -0.6681016149503289 -0.6296286371651529 -0.5947443154425451 
0.755 -0.982901006311582 -0.9466206549164048 -0.8985713603349561 -0.8459665148733102 -0.793552012728525 -0.7438388145783176 -0.6978904905240032 -0.6559734803796773 -0.6179610058152954 -0.5835554412750993 
0.76 -0.9768356709902171 -0.9370771299361313 -0.8868958056563178 -0.8332422875328311 -0.7804941281017284 -0.7308694981055776 -0.6852403125594566 -0.6437577518880689 -0.6062285311636766 -0.5723176526480465 
0.765 -0.9698969536209858 -0.9268563237119005 -0.8747350455928649 -0.8201815551485827 -0.7672036179170457 -0.7177374624232806 -0.6724742226885357 -0.6314577747382064 -0.5944335907283533 -0.5610326735691246 
0.77 -0.9621025800662784 -0.9159803367091274 -0.8621080780196588 -0.8067983253216074 -0.7536902111970817 -0.7044493646863046 -0.6595968045681366 -0.6190767546189241 -0.5825784699486923 -0.5497021662100172 
0.775 -0.9534705215596224 -0.904470717294872 -0.8490331246938071 -0.793105951262706 -0.7399631737778891 -0.6910115549866571 -0.6466124419735091 -0.6066177666484999 -0.5706653678147996 -0.5383277344874668 
0.78 -0.944018961340248 -0.8923484744548383 -0.8355276761731504 -0.7791171764610798 -0.7260313410141092 -0.6774300976826417 -0.6335253321554408 -0.5940837636863577 -0.558696402090193 -0.526910927401562 
0.785 -0.9337662638925702 -0.8796340913953393 -0.8216085339526116 -0.7648441757787322 -0.7119031477323202 -0.6637107909579296 -0.620339498133922 -0.5814775840180649 -0.5466736141638064 -0.5154532421516022 
0.79 -0.9227309466247303 -0.866347539814 -0.8072918500020515 -0.7502985933109441 -0.6975866557113987 -0.6498591847885082 -0.6070588000314199 -0.5688019584714963 -0.5345989735637773 -0.5039561270479234 
0.795 -0.9109316538571576 -0.8525082946747985 -0.7925931638795125 -0.7354915773165366 -0.6830895789364467 -0.6358805974749061 -0.5936869455373941 -0.5560595170158985 -0.5224743821621554 -0.4924209842363452 
0.8 -0.8983871330065295 -0.8381353493388181 -0.7775274375823507 -0.7204338124894439 -0.6684193068447265 -0.6217801308792859 -0.5802274995856679 -0.5432527948902254 -0.5103016780968807 -0.4808491722503549 
0.805 -0.8851162128417238 -0.823247230924358 -0.76210908828946 -0.7051355498148614 -0.6535829257575927 -0.607562684491417 -0.5666838933174735 -0.5303842383023031 -0.49808263943472614 -0.4692420084047417 
0.81 -0.8711377836946498 -0.8078620157914367 -0.7463520191384317 -0.6896066342281969 -0.638587238670996 -0.5932329684339787 -0.5530594323952874 -0.5174562097362303 -0.48581898759667846 -0.4576007710431592 
0.815 -0.8564707795115772 -0.7919973450616175 -0.7302696481720674 -0.6738565302729319 -0.6234387835585028 -0.5787955155057161 -0.5393573047257917 -0.5044709929016825 -0.47351239056520333 -0.4459267016509836 
0.82 -0.8411341616342249 -0.7756704400989707 -0.7138749355799536 -0.6578943459338557 -0.6081438503242808 -0.5642546923505894 -0.5255805876443149 -0.49143079735550904 -0.4611644658910247 -0.43422100684382575 
0.825 -0.8251469042039904 -0.7588981178907721 -0.6971804093524544 -0.6417288548047083 -0.5927084965291397 -0.5496147098317887 -0.5117322546078293 -0.4783377628230697 -0.4487767835154418 -0.42248486024116816 
0.83 -0.8085279810869201 -0.7416968062774939 -0.6801981894565449 -0.625368516733771 -0.5771385620000088 -0.5348796326814926 -0.4978151814389448 -0.46519396324416373 -0.43635086842276927 -0.4107194042337828 
0.835 -0.791296354221476 -0.724082558991232 -0.6629400106355378 -0.6088214970771721 -0.5614396824219803 -0.5200533884900472 -0.48383215215914555 -0.4520014105660913 -0.4238882031361948 -0.3989257516528692 
0.84 -0.7734709632956216 -0.706071070469901 -0.6454172439277484 -0.5920956846773454 -0.5456173020021807 -0.5051397760919382 -0.46978586444590054 -0.4387620583043217 -0.4113902300691562 -0.3871049873481857 
0.845 -0.7550707166642723 -0.6876776904216025 -0.6276409169926511 -0.5751987086731766 -0.5296766852859167 -0.4901424734003416 -0.4556789347449503 -0.42547780488938125 -0.3988583537433555 -0.3752581696818461 
0.85 -0.7361144834226825 -0.6689174381196584 -0.6096217333269777 -0.5581379542384889 -0.513622928197787 -0.4750650447370596 -0.44151390306623467 -0.4121504968169142 -0.3862939428835458 -0.3633863319439421 
0.855 -0.7166210865558064 -0.6498050164140337 -0.5913700904475588 -0.5409205773367828 -0.49746096837350096 -0.45991094770021995 -0.4272932374892505 -0.3987819316164153 -0.37369833239838934 -0.3514904836956454 
0.86 -0.696609297088028 -0.6303548254493306 -0.5728960971124573 -0.523553518572275 -0.481195594841996 -0.4446835396082019 -0.4130193384013642 -0.3853738606527663 -0.3610728252559303 -0.3395716120450227 
0.865 -0.676097829161916 -0.6105809760833302 -0.5542095896470549 -0.5060435162102376 -0.46483145711195845 -0.42938608355472374 -0.3986945424904989 -0.37192799177352875 -0.3484186942615528 -0.32763068286036107 
0.87 -0.655105335978802 -0.5904973030032936 -0.5353201474372163 -0.4883971184332829 -0.4483730737119206 -0.41402175410688713 -0.3843211265117564 -0.3584459918138662 -0.33573718374563655 -0.31566864192546096 
0.875 -0.6336504065379814 -0.5701173775400108 -0.5162371076474599 -0.47062069489456304 -0.431824840228759 -0.3985936426751974 -0.36990131084587013 -0.3449294889700078 -0.3230295111675778 -0.3036864160410641 
0.88 -0.61175156311516 -0.5494545201818691 -0.49696957921823176 -0.4527204476237238 -0.41519103688548464 -0.38310476258201714 -0.35543726286587735 -0.33138007505126493 -0.3102968686423318 -0.29168491407620106 
0.885 -0.5894272594244269 -0.5285218127931981 -0.4775264561927222 -0.4347024213368365 -0.3984758356956734 -0.3675580538527008 -0.3409311001270664 -0.31779930761983055 -0.29754042439519396 -0.2796650279730491 
0.89 -0.5666958794115509 -0.50733211054276 -0.4579164304204144 -0.41657251319738614 -0.38168330722876714 -0.35195638775161714 -0.3263848933940155 -0.30418871202688763 -0.28476132415007804 -0.26762763370859066 
0.895 -0.5435757366297278 -0.48589805354964777 -0.438148003681482 -0.3983364820716134 -0.3648174270176241 -0.33630257108345957 -0.3118006695174315 -0.2905497833529204 -0.2719606924561932 -0.25557359221615106 
0.9 -0.5200850741520331 -0.46423207825494417 -0.41822949927331915 -0.37999995731816644 -0.34788208163716255 -0.32059935027858344 -0.29718041417257174 -0.2768839882594951 -0.25913963395767003 -0.24350375026970386 
0.905 -0.49624206497783724 -0.4423464285284488 -0.39816907309792915 -0.3615684471489145 -0.33088107448064075 -0.3048494152796481 -0.2825260744700892 -0.2631927667592819 -0.24629923461037134 -0.23141894133362023 
0.91 -0.47206481289323204 -0.42025316652054573 -0.3779747242864615 -0.3430473465950549 -0.3138181312580621 -0.2890554032455583 -0.2678395614493387 -0.24947753391060282 -0.23344056284983566 -0.21931998638039435 
0.915 -0.4475713537481575 -0.39796418326987004 -0.3576543053950476 -0.3244419451101381 -0.2966969052393244 -0.2732199020874403 -0.2531227524634821 -0.23573968144234553 -0.22056467071406344 -0.20720769467868883 
0.92 -0.4227796571153828 -0.37549120907793826 -0.3372155322040244 -0.30575743383934084 -0.279520982263105 -0.2573454538503695 -0.23837749346506018 -0.22198057931471282 -0.20767259492458034 -0.19508286455392357 
0.925 -0.397707628298807 -0.35284582366228484 -0.31666599315081806 -0.28699891258234234 -0.262293885530924 -0.2414345579535475 -0.22360560120008696 -0.2082015772208973 -0.19476535792903632 -0.18294628412349814 
0.93 -0.3723731106606793 -0.3300394660999483 -0.29601315842501486 -0.2681713964752971 -0.24501908020448837 -0.22548967430079583 -0.20880886531823983 -0.1944040060344711 -0.18184396890838228 -0.1707987320086142 
0.935 -0.3467938882393564 -0.30708344457337733 -0.27526438875265763 -0.2492798224157215 -0.22769997782320678 -0.2095132262724263 -0.1939890504061813 -0.18058917920696493 -0.16890942475150036 -0.15864097802456767 
0.94 -0.32098768863103383 -0.2839889459309631 -0.25442694389535836 -0.23032905525262093 -0.2103399405576683 -0.19350760360884883 -0.1791478979506479 -0.16675839411986668 -0.1559627110000011 -0.1464737838512597 
0.945 -0.2949721861106204 -0.2607670450745524 -0.23350799088852028 -0.21132389376286057 -0.19294228531389657 -0.17747516519563336 -0.1642871282375307 -0.15291293339503337 -0.14300480276574726 -0.1342979036856008 
0.95 -0.2687650049684504 -0.23742871418635264 -0.21251461204181382 -0.19226907643356217 -0.17551028770229907 -0.16141824175918404 -0.14940844219283672 -0.13905406616725283 -0.13003666562352847 -0.1221140848774123 
0.955 -0.24238372304098985 -0.21398483180767136 -0.19145381272398318 -0.17316928706920948 -0.15804718588445096 -0.14533913848164948 -0.1345135231710629 -0.12518304932255384 -0.11705925648124298 -0.10992306855037738 
0.96 -0.2158458754149835 -0.1904461917819795 -0.17033252895311948 -0.15402916024119948 -0.14055618431012298 -0.1292401375432319 -0.11960403869627946 -0.11130112870569588 -0.1040735244298185 -0.09772559020950478 
0.965 -0.18916895828566996 -0.16682351207476273 -0.14915763481264752 -0.1348532865966518 -0.12304045735632625 -0.11312350059970695 -0.10468164216102786 -0.09740954030015103 -0.09108041157503993 -0.08552238033653717 
0.97 -0.162370432950728 -0.14312744348260956 -0.12793594971246786 -0.11564621804254924 -0.10550315287971004 -0.09699147120270023 -0.0897479744879253 -0.08350951138374339 -0.07808085385331343 -0.07331416497461374 
0.975 -0.13546772992259964 -0.11936857824386152 -0.10667424551404522 -0.09641247282081711 -0.08794739569331117 -0.08084627716996616 -0.07480466575861747 -0.06960226166286533 -0.06507578183322155 -0.06110166630336103 
0.98 -0.10847825314250441 -0.0955574585631681 -0.08537925353803004 -0.07715654048955542 -0.07037629097809116 -0.06469013291233004 -0.05985333681420562 -0.05568900438782631 -0.05206612150445244 -0.04888560320543306 
0.985 -0.08141938428021449 -0.07170458506293623 -0.06405767147258584 -0.05788288682446458 -0.052792927638444107 -0.04852524172298446 -0.044895600830677874 -0.041770947451603486 -0.03905279505566831 -0.03666669182564597 
0.99 -0.05430848710545941 -0.047820425174523576 -0.04271617019831251 -0.03859595865229781 -0.0352003816096863 -0.032353798034679096 -0.029933064873410194 -0.027849294475131778 -0.026036721643799006 -0.024445646124700633 
0.995 -0.027162911916860412 -0.023915421477848968 -0.02136140054365881 -0.019300188629835433 -0.017601719129403358 -0.016177989654832494 -0.014967331438940142 -0.013925245885693415 -0.013018818159921387 -0.012223178431513642 
1.0 0.0 0.0 0.0 0.0 0.0 0.0 0.0 0.0 0.0 0.0 
