0.0 0.0 0.0 0.0 0.0 0.0 0.0 0.0 0.0 0.0 0.0 
0.005 0.027148062774852464 0.0239038485230028 0.021352128654814808 0.019292594275477894 0.017595385206983664 0.016172626668503685 0.014962732197656996 0.013921258208139529 0.01301532776085761 0.012220097820502332 
0.01 0.054279018529021714 0.04779754053130678 0.0426978756328089 0.03858099286380535 0.035187907706951294 0.03234323874518087 0.029924008986434162 0.027841441034125915 0.026029845243248122 0.024439574551956982 
0.015 0.08137530207359149 0.07167037272744908 0.0640303500656872 0.057860562107648866 0.05277433978973512 0.04850952122402023 0.04488212859149525 0.04175927086995124 0.039042575628169006 0.03665767132948873 
0.02 0.10841964791987084 0.09551193401055047 0.08534288788867629 0.07712682940520765 0.07035156269479957 0.06466923017422019 0.059835433877612525 0.05567349670555581 0.05205255656731231 0.048873635716375305 
0.025 0.13539475371888574 0.11931181732951476 0.10662886749071465 0.09637538142024837 0.08791651887363659 0.08082017742380221 0.07478231528403888 0.06958290660880717 0.06505885705948768 0.06108674002934814 
0.03 0.1622832739943964 0.14305954911946211 0.1278816185291595 0.11560177928269806 0.10546614332021022 0.0969601789120894 0.08972117372987394 0.0834863019698213 0.07806056010074192 0.07329627003584324 
0.035 0.18906784042884983 0.16674460454522938 0.1490944210735887 0.13480154451099338 0.12299734287892361 0.1130870325941449 0.10465040009604624 0.09738247985828667 0.09105674821600634 0.08550151345703277 
0.04 0.21573105924127178 0.1903564102592305 0.1702605126685038 0.15397016428401977 0.14050699735235328 0.12919851577371294 0.11956837011093373 0.11127022675127943 0.1040464969643532 0.09770175382090314 
0.045 0.24225550556068318 0.2138843355625229 0.19137308490565147 0.17310309241499308 0.15799196195034543 0.145292387066165 0.1344734450796467 0.12514831802432294 0.11702887349543366 0.10989626844399177 
0.05 0.268623719142243 0.2373176826081763 0.21242527548496087 0.19219574509559517 0.17544906605038135 0.1613663868091847 0.14936397281377148 0.13901551873913087 0.13000293692152035 0.12208432834957572 
0.055 0.29481820041880297 0.26064567754325874 0.2334101602211355 0.21124349504181947 0.19287510965554433 0.1774182354046181 0.1642382871991043 0.1528705838354315 0.142967738708174 0.1342651986116628 
0.06 0.3208214066034662 0.2838574618020447 0.25432074554171447 0.2302416657701847 0.21026685930833208 0.19344563067464837 0.17909470671260147 0.16671225747114285 0.1559223225184994 0.1464381384522624 
0.065 0.34661574792584626 0.3069420832000878 0.2751499609916867 0.2491855261046275 0.22762104412162626 0.20944624503921322 0.19393153251509357 0.18053927184079088 0.1688657235708903 0.15860240096415196 
0.07 0.3721835840453358 0.32988848684750144 0.2958906514993449 0.26807028463609783 0.24493435191056273 0.22541772276945432 0.20874704648950865 0.19435034580833518 0.18179696773668713 0.17075723256302722 
0.075 0.39750722065812083 0.352685505914162 0.3165355693842177 0.2868910839840862 0.2622034252681734 0.24135767728159013 0.2235395093233046 0.2081441835265766 0.19471507055514217 0.1829018723081442 
0.08 0.4225689063177934 0.37532185223884834 0.3370773661208619 0.30564299483314916 0.27942485749468865 0.2572636883813475 0.2383071586042128 0.22191947308087817 0.20761903624757222 0.1950355511855128 
0.085 0.4473508294929389 0.39778610676530596 0.35750858384645634 0.32432100974664557 0.29659518835688065 0.27313329940484343 0.2530482068767597 0.23567488513458396 0.22050785674430265 0.20715749139336231 
0.09 0.4718351158865417 0.4200667097914111 0.37782164658574 0.3429200367479896 0.3137108996746446 0.288964014237856 0.26776083962653785 0.2494090715446258 0.23338051070874258 0.21926690563396867 
0.095 0.49600382604362225 0.4421519510194333 0.39800885116521617 0.36143489264781836 0.33076841072787294 0.3047532942092582 0.2824432131791475 0.26312066392674804 0.246235962539212 0.23136299640118832 
0.1 0.5198389532753555 0.46402995939542596 0.4180623577891828 0.37986029609137323 0.3477640734688855 0.3204985548536525 0.29709345250966784 0.2768082721610911 0.25907316133541547 0.24344495525147472 
0.105 0.543322421929932 0.4856886927257556 0.4379741802492951 0.3981908602996523 0.3646941675214979 0.3361971625337978 0.3117096489591038 0.2904704828345947 0.27189103982306784 0.2555119620498652 
0.11 0.5664360860425937 0.5071159270590712 0.457736175737535 0.4164210854769718 0.3815548949463428 0.3518464309100667 0.3262898578518376 0.30410585761763625 0.2846885132338269 0.2675631841863651 
0.115 0.5891617283995821 0.5282992458223841 0.4773400342304646 0.4345453508558153 0.3983423747511855 0.3674436172426469 0.3408320960058325 0.3177129315710861 0.29746447813862764 0.2795977757605247 
0.12 0.6114810600531859 0.5492260287004105 0.49677726741058514 0.45255790634743526 0.4150526371236664 0.38298591851132013 0.35533433912599155 0.3312902113784972 0.31021781123192094 0.2916148767327839 
0.125 0.6333757203277737 0.5698834402479394 0.5160391970884592 0.470452863764141 0.4316816173621412 0.39847046733679514 0.3697945190702694 0.34483617349709617 0.3229473680634322 0.30361361204090465 
0.13 0.6548272773594772 0.5902584182257063 0.535116943086844 0.4882241875764163 0.448225149478154 0.4138943276863842 0.3842105209775638 0.3583492622206086 0.33565198171328764 0.3155930906793035 
0.135 0.675817229215194 0.6103376616511725 0.5540014105454935 0.5058656851649665 0.4646789594417402 0.4292544903453604 0.3985801802456222 0.37182788764645414 0.34833046140585244 0.3275524047385617 
0.14 0.696327005639751 0.6301076185567402 0.5726832766024823 0.5233709965244064 0.48103865803823154 0.44454786813368075 0.41290127934630727 0.3852704235394056 0.36098159105725963 0.3394906284019867 
0.145 0.7163379704834114 0.6495544734492162 0.591152976404784 0.5407335833715804 0.49729973330237687 0.4597712908458837 0.42717154446444217 0.3986752050832041 0.37360412775127577 0.3514068168958503 
0.15 0.735831424865428 0.6686641344660195 0.6094006883975978 0.5579467176073214 0.513457542492497 0.4749214998899837 0.44138864194525423 0.41204052651092965 0.38619680013782004 0.36330000538966734 
0.155 0.754788611133079 0.6874222202254989 0.6274163188382319 0.5750034690758449 0.5295073035638229 0.48999514259892285 0.4555501745340398 0.42536463860414697 0.39875830674796153 0.37516920784266894 
0.16 0.7731907176794182 0.7058140463710596 0.6451894854765323 0.5918966925608894 0.5454440860963035 0.5049887661856312 0.4696536773901934 0.4386457460499724 0.4112873142187868 0.38701341579234577 
0.165 0.7910188846870566 0.723824611811461 0.6627095003395989 0.6086190139519665 0.561262801627761 0.5198988113099691 0.4836966138560834 0.4518820046441683 0.42378245542091797 0.39883159708059357 
0.17 0.8082542108694526 0.7414385846629197 0.6799653515539967 0.6251628155077961 0.5769581933383753 0.5347216052226496 0.497676370959384 0.46507151832739363 0.4362423274808476 0.41062269451268485 
0.175 0.824877761285488 0.7586402879023769 0.6969456841337529 0.6415202201369257 0.5925248250270223 0.5494533544478111 0.5115902546254157 0.47821233604044777 0.44866548968957465 0.42238562444386374 
0.18 0.8408705763075276 0.7754136847456968 0.7136387796571585 0.6576830746076966 0.6079570693137916 0.5640901369618775 0.5254354845737041 0.4913024483830856 0.4610504612882419 0.43411927528789235 
0.185 0.8562136818277138 0.7917423637697835 0.7300325347496924 0.6736429315909216 0.6232490949961459 0.5786278938220465 0.539209188870432 0.5043397840594769 0.4733957191206534 0.4458225059414386 
0.19 0.870888100791762 0.8076095238036041 0.7461144382842883 0.6893910304288282 0.6383948534783782 0.5930624201927002 0.5529083981054798 0.5173222060917102 0.4856996951416204 0.45749414411763517 
0.195 0.8848748661541666 0.8229979586201834 0.7618715472035714 0.7049182765128804 0.653388064185253 0.6073893557124754 0.5665300391595319 0.5302475077809465 0.4979607737690094 0.4691329845815181 
0.2 0.8981550353533081 0.8378900414696893 0.7772904608617142 0.7202152191407782 0.6682221988608521 0.6216041741384402 0.580070928523076 0.5431134083937269 0.5101772890662586 0.48073778727947813 
0.205 0.9107097064094255 0.85226770950343 0.792357293776093 0.7352720277091381 0.682890464642422 0.6357021721966816 0.5935277651249534 0.5559175485486161 0.5223475217407817 0.49230727535404295 
0.21 0.9225200357527351 0.8661124481491606 0.8070576466708321 0.7500784660828599 0.6973857857863224 0.6496784575605266 0.6068971226234862 0.5686574852758144 0.534469695942323 0.5038401330345631 
0.215 0.933567257893368 0.8794052755112225 0.821376575686179 0.7646238649648276 0.711700783908836 0.6635279358685114 0.6201754411079489 0.5813306867194236 0.5465419758436065 0.515335003393457 
0.22 0.9438327070481402 0.8921267268840026 0.8352985596187096 0.7788970920698662 0.7258277565881526 0.6772452966837051 0.6333590181521661 0.593934526448751 0.5585624619839304 0.5267904859566666 
0.225 0.953297840842942 0.9042568394810165 0.8488074650470654 0.7928865198845705 0.7397586541551474 0.6908249982842275 0.646443999155282 0.6064662773413743 0.570529187354269 0.5382051341559018 
0.23 0.9619442662142773 0.9157751375082303 0.8618865091904575 0.8065799907701358 0.7534850544793891 0.7042612511611791 0.6594263668970545 0.6189231049964622 0.5824401132002213 0.5495774526089466 
0.235 0.9697537676288772 0.9266606177278924 0.8745182203368813 0.8199647791367407 0.7669981355321986 0.7175480000846934 0.6723019302262506 0.6313020606321205 0.5942931245165424 0.5609058942130006 
0.24 0.9767083377452307 0.9368917356665989 0.886684395661186 0.8330275503846034 0.7802886454804021 0.7306789045810129 0.685066311790706 0.6436000734151568 0.6060860252041903 0.5721888570343896 
0.245 0.9827902107000352 0.9464463927080711 0.8983660562535668 0.8457543162722968 0.7933468700326392 0.7436473176430825 0.6977149347062104 0.6558139421655101 0.6178165328575201 0.5834246809763195 
0.25 0.9879818979400826 0.9553019243064769 0.9095433991783523 0.8581303863336879 0.8061625967230055 0.756446262473488 0.7102430080481451 0.6679403263706382 0.6294822731455988 0.594611644204333 
0.255 0.9922662269447302 0.9634350894255256 0.9201957463270101 0.8701403149102593 0.8187250757724709 0.7690684070310038 0.7226455110347378 0.6799757364371871 0.6410807737474625 0.6057479593069743 
0.26 0.9956263836740036 0.9708220617888151 0.9303014898416866 0.8817678433100155 0.8310229771188151 0.7815060361206991 0.7349171757534013 0.6919165230981287 0.6526094577964033 0.6168317691666539 
0.265 0.9980459551887235 0.9774384236226581 0.9398380340185776 0.8929958365666028 0.8430443431513723 0.7937510207310312 0.7470524682614145 0.7037588658830837 0.6640656367829845 0.6278611425129452 
0.27 0.9995089744663369 0.9832591607357773 0.9487817333967189 0.9038062141929425 0.8547765366177501 0.8057947842777954 0.759045567868704 0.715498760547469 0.6754465028603296 0.6388340691273368 
0.275 0.9999999865399211 0.98825865990955 0.9571078264134049 0.9141798741734287 0.8662061830810918 0.8176282653634704 0.7708903443832424 0.7271320053422982 0.6867491204882574 0.6497484546648825 
0.28 0.9995041032620191 0.9924107155131222 0.9647903649516737 0.9240966094051891 0.8773191072195279 0.8292418766032196 0.7825803330683242 0.7386541859903365 0.6979704173446689 0.660602115054137 
0.285 0.9980070242759788 0.9956885378609102 0.9718021406717587 0.9335350158906979 0.8881002621772446 0.8406254590021156 0.7941087070237106 0.7500606592155775 0.709107174423434 0.6713927704320503 
0.29 0.9954951256513878 0.9980647392447265 0.9781146053454253 0.9424723916092443 0.8985336510282855 0.8517682312819572 0.8054682466581186 0.7613465346512506 0.7201560152273229 0.682118038565338 
0.295 0.9919555378189584 0.99951134356703 0.9836977820427618 0.9508846242768143 0.9086022391825255 0.8626587334501076 0.8166513058688792 0.7725066549263917 0.7311133939522133 0.6927754277032856 
0.3 0.9873761997075894 0.9999999087819783 0.9885201778507212 0.9587460669788386 0.9182878564389652 0.8732847637960875 0.8276497744859385 0.7835355737016193 0.7419755825444962 0.7033623288013211 
0.305 0.9817459276451095 0.9995015591468106 0.9925487069983333 0.9660294022727982 0.9275710874164812 0.883633308388723 0.83845503646687 0.7944275313895166 0.7527386564968833 0.7138760070431469 
0.31 0.9750544931016302 0.9979868088245574 0.995748580220056 0.9727054918958791 0.9364311486823175 0.8936904619611241 0.8490579232385955 0.8051764282531778 0.7633984792286872 0.7243135925888841 
0.315 0.9672927021463369 0.9954257188762643 0.9980831202059438 0.9787432028151193 0.9448457498145865 0.9034413387896414 0.8594486614718204 0.8157757945281433 0.7739506848735098 0.7346720704444343 
0.32 0.9584524769408733 0.9917880778039249 0.9995136624056913 0.9841092107524994 0.9527909355777354 0.9128699719545028 0.8696168144599574 0.8262187571572447 0.7843906592730366 0.7449482693851751 
0.325 0.9485269401838212 0.9870434163089046 0.999999719475812 0.9887678051236187 0.9602409084642587 0.9219591993170652 0.8795512161483926 0.8364980026596173 0.7947135189373065 0.7551388497391522 
0.33 0.9375105023391561 0.9811610589705326 0.9994988639746221 0.9926806864637764 0.9671678300061458 0.9306905342167022 0.8892398966667509 0.8466057355679755 0.8049140877130242 0.7652402900652091 
0.335 0.9253989512149848 0.9741102379120599 0.9979660226058258 0.9958066518961161 0.9735415902307201 0.9390440177240732 0.8986699979233548 0.8565336317634679 0.8149868708075836 0.775248872223525 
0.34 0.9121895434876776 0.9658602288722155 0.9953535666586077 0.9981011347419035 0.9793295315318532 0.9469980482788948 0.9078276775362292 0.8662727859261429 0.8249260258993972 0.7851606653616571 
0.345 0.8978810977216598 0.9563805004610939 0.9916115703468528 0.9995159310088022 0.9844961391029865 0.9545291858321456 0.9166979992381142 0.8758136521906416 0.8347253306633762 0.7949715072686913 
0.35 0.882474088350091 0.9456408846091794 0.9866875833795705 0.9999993801748631 0.9890027298928948 0.9616119293030634 0.9252648076585881 0.8851459769255393 0.8443781467965947 0.8046769853443686 
0.355 0.865970739999491 0.9336117740708058 0.9805263927717635 0.9994959492328407 0.9928070899331843 0.9682184603284144 0.9335105844224436 0.8942587222444217 0.8538773785487288 0.814272412509407 
0.36 0.8483751214604267 0.9202643494160487 0.9730699253199515 0.9979445843363702 0.9958628813303826 0.9743183337019237 0.9414162809802293 0.9031399786534263 0.8632154282229263 0.8237528052041562 
0.365 0.8296932385233227 0.9055708376138999 0.9642572040993143 0.9952784510933456 0.9981188170077814 0.9798781010723517 0.948961123440022 0.9117768646989708 0.8723841408549309 0.833112851012886 
0.37 0.8099331248150119 0.8895048046934708 0.9540243134828494 0.9914251424679338 0.9995181543611055 0.984860894681195 0.9561223868527365 0.9201554122674366 0.8813747518863685 0.8423468841109728 
0.375 0.7891049296900865 0.8720414848886063 0.9423043893821792 0.9863058510713079 0.9999988594826441 0.9892260007227243 0.9628751356294181 0.9282604327728622 0.8901778062690024 0.8514488407470558 
0.38 0.7672210021533151 0.8531581482850406 0.9290276612928204 0.9798342842011499 0.9994927407241407 0.9929283098923373 0.9691919153431839 0.9360753655517191 0.8987831074917697 0.8604122318915094 
0.385 0.7442959697176237 0.8328345084623839 0.9141215657109987 0.9719157186980785 0.9979223869433814 0.9959173850943083 0.9750423686732054 0.9435820885233238 0.9071795802664401 0.8692300828823697 
0.39 0.7203468110389333 0.8110531709110402 0.8975109506102078 0.9624460504424519 0.9952001006323229 0.9981361988408727 0.9803927675019155 0.9507607230750009 0.9153552551606671 0.8778949008295546 
0.395 0.695392921117193 0.7878001220389779 0.8791183966844838 0.95131069104816 0.991227759916879 0.9995203414726194 0.9852055026428369 0.9575893417373282 0.9232970016270619 0.8863985944264611 
0.4 0.6694561678148907 0.7630652573276118 0.8588646878691342 0.9383832924297215 0.9858947927067072 0.9999981321350425 0.9894385474867886 0.9640437801474732 0.9309906342816585 0.8947324346350786 
0.405 0.6425609384234353 0.736842945622462 0.836669470289616 0.9235243231546656 0.9790752273365801 0.9994891580517427 0.9930446996618194 0.9700970565258752 0.9384203702454901 0.9028869402592484 
0.41 0.6147341750064628 0.7091326246322726 0.8124521458326905 0.9065795121382235 0.9706245264266327 0.9978992919193111 0.9959702715439567 0.975719403549385 0.9455692010216881 0.9108518454764141 
0.415 0.5860053972705038 0.6799394204552972 0.7861330538197561 0.8873781771757964 0.9603759041916983 0.9951181703797165 0.9981533020944989 0.9808767198404102 0.9524178733856006 0.9186159102365733 
0.42 0.5564067117596019 0.6492747813743212 0.7576350008909393 0.8657314825229949 0.9481356284017015 0.9910181683241845 0.9995225281072764 0.9855319841551018 0.9589456812622237 0.9261669321679373 
0.425 0.5259728062437462 0.6171571133167074 0.7268852038111354 0.8414307170686391 0.9336769211625311 0.9854502031409388 0.9999971073586263 0.9896407463256318 0.9651288051036646 0.9334914162909035 
0.43 0.4947409282728218 0.583612401358175 0.69381771050834 0.8142457573432246 0.9167320477899548 0.9782371395982533 0.9994853290292623 0.9931573709736158 0.9709415897327247 0.9405746717084862 
0.435 0.46275084699884145 0.5486747986041022 0.6583763584324482 0.7839239933918064 0.8969819836015053 0.9691656288112688 0.9978745330514704 0.9960203243519832 0.9763539308789922 0.9474002490378199 
0.44 0.43004479752984515 0.5123871609085628 0.620518312528617 0.7501901726386526 0.8740427532703515 0.9579754130256548 0.995033676404387 0.9981722812302573 0.9813334310949414 0.9539502231613626 
0.445 0.3966674072679089 0.4748015034401165 0.5802181931976433 0.7127478851939729 0.8474471524484993 0.9443442261385504 0.990791402663933 0.9995215925602471 0.9858408455958088 0.9602041377690267 
0.45 0.36266560389936214 0.4359793533701926 0.5374727527080828 0.6712838057583096 0.8166200337905395 0.927865579997676 0.984974201846908 1.0000009815477557 0.9898351553187669 0.9661398913201859 
0.455 0.32808850494467456 0.39599197226676264 0.4923059825773945 0.6254763481252491 0.780844632515481 0.9080154286712443 0.9772883790954231 0.9994729030792081 0.9932636147629913 0.9717313950721109 
0.46 0.2929872890344582 0.35492042244292704 0.4447744331267549 0.5750110664471516 0.7392165945100965 0.8841005578667602 0.9675281201438574 0.9978593339276173 0.9960724067204211 0.9769509247292915 
0.465 0.25741504935156373 0.31285545381638213 0.39497240389806837 0.5196058332972727 0.6905819019618245 0.8551693107068675 0.9550755669289016 0.9949265197526783 0.998185696809709 0.9817640405323436 
0.47 0.22142662996151152 0.2698971919736376 0.3430365327266612 0.45904917925534283 0.6334564247471209 0.8198835597043616 0.9398040672376836 0.9905736225719277 0.9995291090053955 0.9861357887986156 
0.475 0.1850784460375963 0.226154614159403 0.28914919591965665 0.3932544077855085 0.5659338577346841 0.7761550321164435 0.9201690202178102 0.9844050852859216 0.9999910987337056 0.9900186103642247 
0.48 0.148428289265763 0.18174480770577617 0.23354006697844618 0.322328882398624 0.4856221297615406 0.7208822868666077 0.8964575341733911 0.9762934852846991 0.9994810901174058 0.9933698102869788 
0.485 0.1115351199802054 0.13679201465220134 0.1764852069816898 0.24665075340000414 0.3897512385574979 0.6476230402203456 0.8645717778887433 0.9654830584011393 0.9978106054799353 0.9961168839227917 
0.49 0.07445884782587331 0.09142647645250264 0.11830321035627167 0.16693432021107577 0.275878126792366 0.5457496329021307 0.8251061830162796 0.9517716870759144 0.9948608963302594 0.9982095293480728 
0.495 0.03726010296157372 0.04578310301173985 0.05934821712556599 0.08425446780562439 0.14401903612542896 0.3806359135863964 0.766658380278024 0.9335929968848988 0.9902659854339064 0.9995189362283158 
0.5 1.4528617963234241e-16 1.7856139702113333e-16 2.3160681729324894e-16 3.2948786600312144e-16 5.705724045332357e-16 1.9734319485074226e-15 1.1781884674345396e-13 7.315945157922921e-11 1.0659088585053001e-7 0.0001995556091334294 
0.505 -0.03726010296157344 -0.04578310301173952 -0.05934821712556547 -0.08425446780562343 -0.14401903612542796 -0.3806359135863936 -0.7666583802780229 -0.9335929968848988 -0.990265985433905 -0.9995189362283068 
0.51 -0.07445884782587285 -0.0914264764525019 -0.11830321035627084 -0.16693432021107543 -0.27587812679236684 -0.5457496329021241 -0.8251061830162828 -0.9517716870759144 -0.9948608963302603 -0.9982095293480724 
0.515 -0.1115351199802051 -0.13679201465220106 -0.17648520698169026 -0.2466507534000044 -0.3897512385574984 -0.6476230402203432 -0.8645717778887497 -0.9654830584011388 -0.9978106054799336 -0.9961168839227881 
0.52 -0.14842828926576307 -0.18174480770577675 -0.23354006697844626 -0.3223288823986252 -0.48562212976153496 -0.7208822868666093 -0.896457534173396 -0.9762934852846976 -0.9994810901174032 -0.9933698102869748 
0.525 -0.1850784460375963 -0.22615461415940294 -0.28914919591965693 -0.39325440778551024 -0.5659338577346769 -0.7761550321164397 -0.9201690202178094 -0.9844050852859195 -0.9999910987337037 -0.9900186103642217 
0.53 -0.22142662996151152 -0.2698971919736376 -0.3430365327266626 -0.45904917925534 -0.6334564247471215 -0.8198835597043622 -0.9398040672376841 -0.9905736225719263 -0.9995291090053936 -0.9861357887986141 
0.535 -0.2574150493515638 -0.31285545381638324 -0.3949724038980697 -0.5196058332972667 -0.6905819019618243 -0.8551693107068736 -0.9550755669289035 -0.9949265197526788 -0.9981856968097064 -0.981764040532343 
0.54 -0.29298728903445886 -0.3549204224429284 -0.4447744331267538 -0.57501106644715 -0.7392165945100911 -0.884100557866765 -0.9675281201438573 -0.997859333927617 -0.9960724067204177 -0.9769509247292931 
0.545 -0.32808850494467556 -0.39599197226676286 -0.49230598257739144 -0.6254763481252507 -0.7808446325154792 -0.9080154286712459 -0.9772883790954225 -0.9994729030792064 -0.993263614762988 -0.9717313950721125 
0.55 -0.36266560389936253 -0.435979353370193 -0.5374727527080788 -0.6712838057583108 -0.8166200337905422 -0.9278655799976778 -0.9849742018469068 -1.0000009815477544 -0.9898351553187633 -0.9661398913201864 
0.555 -0.3966674072679089 -0.4748015034401153 -0.5802181931976438 -0.7127478851939703 -0.8474471524485025 -0.9443442261385508 -0.9907914026639321 -0.9995215925602459 -0.9858408455958063 -0.9602041377690247 
0.56 -0.430044797529845 -0.51238716090856 -0.6205183125286202 -0.7501901726386488 -0.8740427532703549 -0.9579754130256558 -0.9950336764043883 -0.9981722812302546 -0.9813334310949409 -0.9539502231613592 
0.565 -0.46275084699884056 -0.5486747986041008 -0.6583763584324501 -0.7839239933918046 -0.8969819836015077 -0.9691656288112694 -0.9978745330514721 -0.9960203243519805 -0.976353930878993 -0.9474002490378176 
0.57 -0.4947409282728211 -0.5836124013581755 -0.6938177105083398 -0.8142457573432264 -0.916732047789956 -0.9782371395982529 -0.999485329029262 -0.9931573709736127 -0.9709415897327247 -0.9405746717084849 
0.575 -0.5259728062437443 -0.6171571133167092 -0.7268852038111344 -0.8414307170686428 -0.9336769211625311 -0.9854502031409378 -0.9999971073586243 -0.9896407463256286 -0.9651288051036631 -0.9334914162909023 
0.58 -0.5564067117596008 -0.6492747813743225 -0.7576350008909372 -0.8657314825229976 -0.948135628401703 -0.9910181683241854 -0.9995225281072737 -0.9855319841550988 -0.9589456812622217 -0.9261669321679374 
0.585 -0.5860053972705045 -0.6799394204552972 -0.7861330538197537 -0.8873781771757963 -0.9603759041916982 -0.9951181703797171 -0.9981533020944964 -0.9808767198404084 -0.9524178733855967 -0.9186159102365729 
0.59 -0.6147341750064641 -0.7091326246322727 -0.8124521458326911 -0.9065795121382222 -0.9706245264266324 -0.9978992919193129 -0.9959702715439548 -0.975719403549385 -0.9455692010216858 -0.9108518454764146 
0.595 -0.6425609384234361 -0.7368429456224614 -0.8366694702896191 -0.9235243231546649 -0.9790752273365801 -0.9994891580517428 -0.9930446996618173 -0.9700970565258752 -0.9384203702454897 -0.9028869402592495 
0.6 -0.6694561678148907 -0.7630652573276095 -0.8588646878691354 -0.9383832924297222 -0.9858947927067072 -0.9999981321350417 -0.9894385474867847 -0.9640437801474726 -0.9309906342816582 -0.8947324346350815 
0.605 -0.695392921117193 -0.7878001220389768 -0.8791183966844819 -0.9513106910481598 -0.9912277599168795 -0.9995203414726164 -0.9852055026428351 -0.9575893417373254 -0.923297001627062 -0.8863985944264637 
0.61 -0.7203468110389333 -0.8110531709110423 -0.8975109506102068 -0.9624460504424521 -0.9952001006323242 -0.9981361988408715 -0.980392767501915 -0.9507607230749983 -0.9153552551606677 -0.8778949008295572 
0.615 -0.7442959697176227 -0.832834508462387 -0.9141215657109983 -0.9719157186980781 -0.9979223869433834 -0.9959173850943079 -0.975042368673205 -0.9435820885233229 -0.9071795802664431 -0.8692300828823717 
0.62 -0.767221002153314 -0.8531581482850419 -0.9290276612928204 -0.9798342842011504 -0.999492740724141 -0.9929283098923349 -0.9691919153431825 -0.9360753655517194 -0.8987831074917717 -0.8604122318915108 
0.625 -0.7891049296900865 -0.8720414848886053 -0.9423043893821798 -0.9863058510713105 -0.9999988594826432 -0.9892260007227219 -0.9628751356294161 -0.9282604327728634 -0.8901778062690044 -0.8514488407470563 
0.63 -0.8099331248150125 -0.8895048046934695 -0.9540243134828504 -0.9914251424679348 -0.9995181543611041 -0.9848608946811942 -0.9561223868527339 -0.9201554122674367 -0.8813747518863704 -0.8423468841109722 
0.635 -0.8296932385233238 -0.9055708376138999 -0.9642572040993131 -0.9952784510933472 -0.9981188170077814 -0.9798781010723513 -0.9489611234400199 -0.911776864698972 -0.8723841408549329 -0.833112851012886 
0.64 -0.8483751214604276 -0.9202643494160487 -0.9730699253199497 -0.9979445843363715 -0.9958628813303817 -0.9743183337019228 -0.9414162809802303 -0.9031399786534295 -0.863215428222929 -0.8237528052041584 
0.645 -0.8659707399994917 -0.9336117740708058 -0.980526392771763 -0.9994959492328401 -0.9928070899331817 -0.9682184603284126 -0.9335105844224457 -0.8942587222444257 -0.8538773785487287 -0.8142724125094093 
0.65 -0.8824740883500908 -0.9456408846091794 -0.9866875833795729 -0.9999993801748622 -0.9890027298928925 -0.9616119293030614 -0.9252648076585888 -0.8851459769255426 -0.8443781467965947 -0.8046769853443682 
0.655 -0.8978810977216591 -0.9563805004610942 -0.9916115703468554 -0.9995159310088028 -0.9844961391029865 -0.9545291858321441 -0.9166979992381145 -0.8758136521906429 -0.834725330663377 -0.7949715072686878 
0.66 -0.912189543487677 -0.9658602288722155 -0.9953535666586094 -0.9981011347419033 -0.9793295315318532 -0.9469980482788947 -0.9078276775362303 -0.8662727859261434 -0.824926025899399 -0.7851606653616496 
0.665 -0.9253989512149852 -0.9741102379120578 -0.9979660226058271 -0.9958066518961146 -0.9735415902307192 -0.9390440177240758 -0.8986699979233574 -0.8565336317634679 -0.8149868708075844 -0.775248872223521 
0.67 -0.937510502339156 -0.981161058970531 -0.9994988639746227 -0.9926806864637748 -0.9671678300061439 -0.930690534216704 -0.8892398966667544 -0.8466057355679765 -0.804914087713023 -0.7652402900652061 
0.675 -0.9485269401838207 -0.9870434163089059 -0.999999719475812 -0.9887678051236174 -0.9602409084642562 -0.9219591993170649 -0.8795512161483944 -0.8364980026596195 -0.7947135189373026 -0.7551388497391496 
0.68 -0.9584524769408723 -0.9917880778039262 -0.9995136624056911 -0.9841092107524988 -0.9527909355777332 -0.9128699719545025 -0.8696168144599588 -0.8262187571572464 -0.7843906592730308 -0.7449482693851706 
0.685 -0.9672927021463359 -0.995425718876266 -0.9980831202059426 -0.9787432028151198 -0.944845749814586 -0.9034413387896431 -0.85944866147182 -0.8157757945281434 -0.7739506848735056 -0.7346720704444307 
0.69 -0.9750544931016278 -0.9979868088245584 -0.9957485802200567 -0.9727054918958791 -0.9364311486823184 -0.8936904619611268 -0.8490579232385959 -0.8051764282531751 -0.7633984792286851 -0.7243135925888834 
0.695 -0.9817459276451086 -0.9995015591468104 -0.9925487069983333 -0.9660294022727977 -0.9275710874164812 -0.8836333083887257 -0.8384550364668707 -0.7944275313895136 -0.7527386564968802 -0.7138760070431472 
0.7 -0.9873761997075899 -0.9999999087819776 -0.9885201778507212 -0.9587460669788359 -0.9182878564389642 -0.8732847637960903 -0.8276497744859385 -0.7835355737016149 -0.7419755825444919 -0.7033623288013198 
0.705 -0.9919555378189596 -0.99951134356703 -0.9836977820427617 -0.9508846242768125 -0.908602239182525 -0.8626587334501098 -0.8166513058688785 -0.7725066549263883 -0.7311133939522111 -0.6927754277032842 
0.71 -0.9954951256513888 -0.9980647392447266 -0.9781146053454246 -0.9424723916092432 -0.8985336510282875 -0.8517682312819562 -0.8054682466581159 -0.7613465346512479 -0.7201560152273229 -0.6821180385653381 
0.715 -0.9980070242759783 -0.9956885378609104 -0.9718021406717585 -0.9335350158906972 -0.8881002621772476 -0.8406254590021152 -0.7941087070237066 -0.750060659215574 -0.7091071744234346 -0.6713927704320516 
0.72 -0.9995041032620181 -0.9924107155131233 -0.9647903649516728 -0.9240966094051882 -0.8773191072195305 -0.8292418766032194 -0.7825803330683209 -0.7386541859903332 -0.6979704173446689 -0.6606021150541382 
0.725 -0.9999999865399223 -0.98825865990955 -0.9571078264134033 -0.9141798741734286 -0.8662061830810937 -0.8176282653634698 -0.7708903443832384 -0.727132005342296 -0.6867491204882588 -0.6497484546648825 
0.73 -0.999508974466338 -0.983259160735778 -0.9487817333967177 -0.9038062141929438 -0.8547765366177507 -0.8057947842777934 -0.7590455678687007 -0.7154987605474682 -0.6754465028603318 -0.6388340691273375 
0.735 -0.9980459551887249 -0.9774384236226589 -0.939838034018577 -0.8929958365666041 -0.843044343151371 -0.7937510207310281 -0.7470524682614119 -0.7037588658830839 -0.6640656367829855 -0.6278611425129479 
0.74 -0.995626383674003 -0.9708220617888151 -0.9303014898416858 -0.8817678433100172 -0.8310229771188138 -0.7815060361206938 -0.7349171757533992 -0.6919165230981287 -0.6526094577964047 -0.6168317691666563 
0.745 -0.9922662269447298 -0.9634350894255254 -0.9201957463270088 -0.8701403149102611 -0.8187250757724696 -0.7690684070309993 -0.7226455110347375 -0.6799757364371878 -0.6410807737474639 -0.6057479593069767 
0.75 -0.9879818979400826 -0.9553019243064744 -0.9095433991783523 -0.8581303863336892 -0.8061625967230052 -0.7564462624734856 -0.7102430080481444 -0.6679403263706402 -0.6294822731456015 -0.5946116442043332 
0.755 -0.9827902107000348 -0.9464463927080692 -0.8983660562535669 -0.8457543162722964 -0.7933468700326352 -0.743647317643082 -0.6977149347062095 -0.6558139421655115 -0.6178165328575225 -0.5834246809763195 
0.76 -0.9767083377452316 -0.9368917356665984 -0.8866843956611877 -0.8330275503846029 -0.7802886454803971 -0.7306789045810114 -0.6850663117907068 -0.6436000734151592 -0.6060860252041916 -0.5721888570343886 
0.765 -0.9697537676288785 -0.9266606177278925 -0.8745182203368828 -0.8199647791367392 -0.7669981355321958 -0.7175480000846928 -0.6723019302262526 -0.6313020606321225 -0.5942931245165423 -0.5609058942130009 
0.77 -0.9619442662142768 -0.91577513750823 -0.8618865091904585 -0.8065799907701338 -0.753485054479387 -0.7042612511611769 -0.6594263668970569 -0.6189231049964655 -0.5824401132002209 -0.5495774526089469 
0.775 -0.9532978408429413 -0.9042568394810152 -0.8488074650470654 -0.7928865198845677 -0.739758654155147 -0.6908249982842273 -0.6464439991552825 -0.6064662773413767 -0.5705291873542688 -0.5382051341559019 
0.78 -0.9438327070481402 -0.8921267268840027 -0.8352985596187089 -0.7788970920698636 -0.7258277565881524 -0.6772452966837083 -0.633359018152167 -0.5939345264487509 -0.5585624619839311 -0.5267904859566676 
0.785 -0.933567257893368 -0.8794052755112225 -0.8213765756861775 -0.7646238649648261 -0.7117007839088336 -0.6635279358685133 -0.6201754411079519 -0.5813306867194226 -0.5465419758436075 -0.5153350033934565 
0.79 -0.9225200357527354 -0.8661124481491606 -0.8070576466708311 -0.75007846608286 -0.6973857857863202 -0.6496784575605269 -0.6068971226234879 -0.5686574852758144 -0.534469695942323 -0.5038401330345638 
0.795 -0.9107097064094255 -0.85226770950343 -0.7923572937760927 -0.735272027709138 -0.6828904646424242 -0.635702172196682 -0.5935277651249523 -0.5559175485486169 -0.5223475217407817 -0.4923072753540443 
0.8 -0.8981550353533081 -0.8378900414696893 -0.7772904608617129 -0.7202152191407769 -0.6682221988608541 -0.621604174138442 -0.5800709285230751 -0.5431134083937282 -0.510177289066259 -0.48073778727947925 
0.805 -0.8848748661541666 -0.822997958620184 -0.7618715472035724 -0.7049182765128789 -0.653388064185252 -0.6073893557124781 -0.5665300391595319 -0.530247507780947 -0.49796077376901166 -0.4691329845815188 
0.81 -0.870888100791762 -0.8076095238036032 -0.7461144382842883 -0.6893910304288288 -0.6383948534783787 -0.5930624201927025 -0.5529083981054811 -0.5173222060917106 -0.485699695141622 -0.45749414411763517 
0.815 -0.8562136818277138 -0.7917423637697829 -0.730032534749692 -0.6736429315909223 -0.6232490949961472 -0.5786278938220474 -0.5392091888704332 -0.5043397840594781 -0.47339571912065476 -0.44582250594143885 
0.82 -0.8408705763075276 -0.7754136847456977 -0.7136387796571587 -0.6576830746076971 -0.6079570693137939 -0.5640901369618779 -0.525435484573705 -0.4913024483830856 -0.4610504612882432 -0.43411927528789124 
0.825 -0.8248777612854877 -0.7586402879023767 -0.6969456841337531 -0.6415202201369259 -0.592524825027025 -0.5494533544478118 -0.5115902546254161 -0.47821233604044827 -0.4486654896895753 -0.4223856244438631 
0.83 -0.8082542108694526 -0.7414385846629197 -0.6799653515539967 -0.6251628155077972 -0.5769581933383764 -0.5347216052226512 -0.4976763709593844 -0.46507151832739463 -0.43624232748084696 -0.410622694512683 
0.835 -0.7910188846870566 -0.723824611811461 -0.6627095003395991 -0.6086190139519689 -0.5612628016277607 -0.5198988113099704 -0.48369661385608415 -0.45188200464416917 -0.423782455420917 -0.3988315970805909 
0.84 -0.7731907176794182 -0.7058140463710596 -0.645189485476533 -0.5918966925608917 -0.5454440860963045 -0.5049887661856325 -0.4696536773901941 -0.4386457460499724 -0.41128731421878584 -0.3870134157923438 
0.845 -0.7547886111330789 -0.6874222202254996 -0.6274163188382336 -0.5750034690758465 -0.5295073035638242 -0.48999514259892335 -0.4555501745340398 -0.4253646386041466 -0.39875830674795915 -0.3751692078426677 
0.85 -0.735831424865428 -0.6686641344660199 -0.6094006883975998 -0.5579467176073221 -0.5134575424924983 -0.4749214998899845 -0.44138864194525407 -0.4120405265109283 -0.3861968001378174 -0.363300005389667 
0.855 -0.7163379704834123 -0.6495544734492176 -0.5911529764047859 -0.5407335833715817 -0.4972997333023779 -0.459771290845884 -0.42717154446444183 -0.3986752050832023 -0.373604127751275 -0.3514068168958503 
0.86 -0.6963270056397514 -0.6301076185567416 -0.5726832766024833 -0.5233709965244074 -0.48103865803823204 -0.44454786813368 -0.41290127934630594 -0.38527042353940294 -0.3609815910572591 -0.3394906284019858 
0.865 -0.6758172292151939 -0.6103376616511739 -0.5540014105454948 -0.5058656851649672 -0.4646789594417412 -0.42925449034535934 -0.39858018024562086 -0.37182788764645297 -0.34833046140585266 -0.3275524047385605 
0.87 -0.654827277359477 -0.5902584182257077 -0.5351169430868453 -0.48822418757641695 -0.4482251494781531 -0.4138943276863832 -0.38421052097756114 -0.35834926222060903 -0.3356519817132869 -0.31559309067930286 
0.875 -0.6333757203277746 -0.5698834402479407 -0.5160391970884606 -0.4704528637641417 -0.4316816173621399 -0.398470467336794 -0.3697945190702683 -0.34483617349709605 -0.3229473680634318 -0.3036136120409042 
0.88 -0.6114810600531873 -0.5492260287004118 -0.4967772674105865 -0.45255790634743526 -0.4150526371236651 -0.38298591851131836 -0.3553343391259921 -0.33129021137849696 -0.31021781123192116 -0.2916148767327839 
0.885 -0.5891617283995835 -0.5282992458223847 -0.47734003423046495 -0.43454535085581486 -0.39834237475118417 -0.36744361724264674 -0.340832096005833 -0.31771293157108593 -0.29746447813862736 -0.27959777576052536 
0.89 -0.5664360860425953 -0.5071159270590725 -0.457736175737535 -0.4164210854769701 -0.38155489494634165 -0.3518464309100671 -0.32628985785183695 -0.304105857617636 -0.28468851323382716 -0.2675631841863646 
0.895 -0.5433224219299327 -0.48568869272575627 -0.4379741802492948 -0.39819086029965056 -0.36469416752149747 -0.3361971625337978 -0.311709648959104 -0.29047048283459515 -0.2718910398230682 -0.25551196204986454 
0.9 -0.5198389532753555 -0.4640299593954272 -0.41806235778918127 -0.3798602960913729 -0.3477640734688855 -0.3204985548536525 -0.2970934525096681 -0.2768082721610913 -0.2590731613354149 -0.24344495525147417 
0.905 -0.4960038260436235 -0.44215195101943416 -0.39800885116521484 -0.36143489264781836 -0.3307684107278729 -0.3047532942092582 -0.28244321317914795 -0.26312066392674854 -0.24623596253921126 -0.23136299640118804 
0.91 -0.47183511588654214 -0.42006670979141003 -0.37782164658573947 -0.3429200367479896 -0.31371089967464477 -0.28896401423785684 -0.2677608396265381 -0.24940907154462505 -0.2333805107087423 -0.21926690563396878 
0.915 -0.4473508294929389 -0.3977861067653055 -0.3575085838464567 -0.32432100974664557 -0.29659518835688187 -0.273133299404844 -0.2530482068767594 -0.2356748851345838 -0.220507856744303 -0.20715749139336231 
0.92 -0.4225689063177933 -0.37532185223884806 -0.3370773661208619 -0.30564299483314955 -0.2794248574946896 -0.25726368838134706 -0.23830715860421237 -0.2219194730808785 -0.20761903624757222 -0.1950355511855128 
0.925 -0.3975072206581197 -0.35268550591416187 -0.3165355693842181 -0.28689108398408686 -0.2622034252681729 -0.24135767728158955 -0.2235395093233045 -0.2081441835265766 -0.19471507055514217 -0.1829018723081442 
0.93 -0.37218358404533514 -0.3298884868475021 -0.29589065149934557 -0.26807028463609783 -0.24493435191056243 -0.22541772276945435 -0.20874704648950865 -0.19435034580833518 -0.18179696773668713 -0.17075723256302722 
0.935 -0.3466157479258462 -0.30694208320008803 -0.27514996099168737 -0.2491855261046275 -0.22762104412162626 -0.2094462450392131 -0.19393153251509357 -0.18053927184079105 -0.1688657235708903 -0.15860240096415196 
0.94 -0.32082140660346586 -0.28385746180204535 -0.25432074554171497 -0.2302416657701847 -0.21026685930833208 -0.19344563067464837 -0.17909470671260147 -0.16671225747114285 -0.15592232251849944 -0.1464381384522625 
0.945 -0.29481820041880363 -0.26064567754325874 -0.23341016022113537 -0.21124349504181947 -0.19287510965554433 -0.1774182354046181 -0.16423828719910397 -0.15287058383543167 -0.14296773870817434 -0.1342651986116633 
0.95 -0.2686237191422432 -0.2373176826081763 -0.21242527548496082 -0.19219574509559517 -0.17544906605038116 -0.16136638680918447 -0.14936397281377148 -0.1390155187391312 -0.13000293692152068 -0.12208432834957622 
0.955 -0.24225550556068334 -0.2138843355625229 -0.19137308490565128 -0.17310309241499297 -0.1579919619503451 -0.14529238706616512 -0.13447344507964737 -0.1251483180243236 -0.11702887349543432 -0.10989626844399243 
0.96 -0.21573105924127198 -0.1903564102592305 -0.1702605126685038 -0.15397016428401977 -0.1405069973523536 -0.12919851577371344 -0.11956837011093434 -0.11127022675127976 -0.10404649696435347 -0.0977017538209029 
0.965 -0.18906784042884983 -0.16674460454522938 -0.1490944210735887 -0.1348015445109936 -0.12299734287892382 -0.11308703259414539 -0.10465040009604656 -0.09738247985828684 -0.09105674821600648 -0.08550151345703264 
0.97 -0.16228327399439618 -0.14305954911946214 -0.12788161852915997 -0.11560177928269853 -0.10546614332021088 -0.09696017891208979 -0.08972117372987413 -0.0834863019698213 -0.07806056010074175 -0.07329627003584314 
0.975 -0.13539475371888615 -0.11931181732951535 -0.1066288674907152 -0.0963753814202487 -0.08791651887363676 -0.08082017742380221 -0.07478231528403888 -0.06958290660880717 -0.06505885705948768 -0.06108674002934821 
0.98 -0.10841964791987142 -0.09551193401055078 -0.08534288788867637 -0.07712682940520768 -0.07035156269479957 -0.06466923017422019 -0.059835433877612525 -0.05567349670555581 -0.05205255656731231 -0.04887363571637523 
0.985 -0.08137530207359181 -0.07167037272744911 -0.0640303500656872 -0.05786056210764876 -0.052774339789734954 -0.048509521224020066 -0.04488212859149508 -0.041759270869951154 -0.03904257562816892 -0.03665767132948865 
0.99 -0.05427901852902161 -0.047797540531306665 -0.04269787563280885 -0.038580992863805265 -0.03518790770695122 -0.03234323874518088 -0.029924008986434162 -0.027841441034125954 -0.026029845243248122 -0.024439574551957045 
0.995 -0.027148062774852495 -0.023903848523002882 -0.02135212865481489 -0.019292594275477977 -0.017595385206983748 -0.01617262666850377 -0.014962732197657055 -0.01392125820813959 -0.013015327760857651 -0.012220097820502358 
1.0 0.0 0.0 0.0 0.0 0.0 0.0 0.0 0.0 0.0 0.0 
