1 6010.92919468923 0.5009202264457903 
2 4072.39539711991 0.3393726923791465 
3 3496.530214635535 0.29138302085428786 
4 3220.8017581253293 0.26840521552684027 
5 2532.2097611590166 0.21102146538154223 
6 2464.058851837471 0.20534211567966973 
7 2021.721277607232 0.16847995499332205 
8 1972.4580167550748 0.16437460572330848 
9 1690.6329647273765 0.14088874117435668 
10 1640.9079997342765 0.13674491583261755 
11 1454.5542213428064 0.12121514100955712 
12 1404.680521352538 0.11705892085063604 
13 1276.5748024141371 0.10638324265493868 
14 1228.4163630268063 0.10236996357913601 
15 1137.2650224171457 0.09477387507099494 
16 1091.9913424264744 0.09100099715172112 
17 1025.1763176856527 0.08543297326737327 
18 983.2887532777956 0.08194227697586069 
19 933.0376801615613 0.07775460846251872 
20 894.6266480835062 0.07455362866998423 
21 855.977556300986 0.07133281019407718 
22 820.9145701755178 0.06841083950020292 
23 790.5975149376876 0.06588437051628594 
24 758.650917449304 0.06322210378018925 
25 734.4500296724366 0.061205325043868705 
26 705.3495985250602 0.05878024331559066 
27 685.7259752320825 0.05714491049012831 
28 659.1972502690951 0.054934141657995234 
29 643.0586786196322 0.05358923528772838 
30 618.840154137593 0.05157098679821956 
31 605.3963362859773 0.05045064748554272 
32 583.2471892349441 0.0486048503721468 
33 571.9163136801433 0.047660592909630914 
34 551.6190203923635 0.04596911985768841 
35 541.9660405329204 0.04516468967718636 
36 523.3263222430536 0.04361135048382251 
37 515.0213133584699 0.04291925333937843 
38 497.86676738996454 0.04148968084354691 
39 490.65629052823635 0.04088879642362225 
40 474.83445336084907 0.03957028509201676 
41 468.5215205632919 0.03904419742336092 
42 453.8977652099342 0.037825528128509825 
43 448.32760029344774 0.03736133895227198 
44 434.7830772023553 0.036232607377811796 
45 429.8328489295293 0.035820080564224775 
46 417.26257159317316 0.03477253766929646 
47 412.8338925833829 0.03440347411512918 
48 401.1450093461968 0.033429382115635516 
49 397.1583885407199 0.033097157440888494 
50 386.268649879328 0.032189662080434174 
51 382.65934332924314 0.03188888085413423 
52 372.4957572474262 0.03104189935149015 
53 369.210632174434 0.030768133758490007 
54 359.708292502225 0.029976257164007203 
55 356.70343403304656 0.02972584756241877 
56 347.80450343494624 0.028984256007112446 
57 345.0433714833323 0.028754157332240154 
58 336.6962006220251 0.028058546623379713 
59 334.1481983561222 0.02784620909108135 
60 326.3065636371331 0.027192727189712145 
61 323.94591673602883 0.026996002899347116 
62 316.5683606499227 0.02638119494776886 
63 314.3732332840418 0.026198264212506515 
64 307.422493160296 0.0256190249295303 
65 305.37428575955704 0.025448337755924498 
66 298.81679853514964 0.024901870166809042 
67 296.89958623478776 0.024742099457732907 
68 290.7050585092045 0.024225879064758486 
69 288.90513925264736 0.024075882960599527 
70 283.046173406744 0.023587626585718075 
71 281.3517021128845 0.0234464179777418 
72 275.80347059170543 0.02298405661896583 
73 274.2041613106655 0.022850778328493998 
74 268.94412232302534 0.02241243346774762 
75 267.43100443262273 0.022286337928813422 
76 262.4386533083123 0.021870300811308203 
77 261.00387091664237 0.02175073335388902 
78 256.2605222094379 0.02135544682969847 
79 254.89716829490325 0.02124183185779066 
80 250.38576443987134 0.020865874436324504 
81 249.08774306822173 0.020757703945813208 
82 244.7926860139856 0.020399775764907927 
83 243.55459736429256 0.02029659976221734 
84 239.4616001207668 0.01995551021688043 
85 238.27864413087408 0.01985692868927634 
86 234.37459961353187 0.019531585501835484 
87 233.24249489550118 0.019437241660251504 
88 229.5153598209798 0.01912664120480564 
89 228.4302751554099 0.019036215774928616 
90 224.86896706035185 0.01873943449542264 
91 223.8274632969268 0.018652640875980248 
92 220.4217690219991 0.018368827659729227 
93 219.42074962436507 0.018285407801151874 
94 216.16124383408857 0.018013777188698604 
95 215.1979126333652 0.01793349807251221 
96 212.07588513769784 0.017673324200978106 
97 211.14771012062246 0.017595974822092474 
98 208.15510093136473 0.017346586013109132 
99 207.25978309850652 0.01727197478462011 
100 204.38912429510083 0.017032748699721115 
101 203.52457079368816 0.01696070121393726 
102 200.76893439561624 0.01673106051050924 
103 199.93323526883728 0.016661417601356938 
104 197.28618641551742 0.016440826030890667 
105 196.47759442124806 0.0163734420921097 
106 193.9331492508579 0.01616140099003569 
107 193.15006229396099 0.01609614251117653 
108 190.70264998882908 0.01589218763392127 
109 189.9435957855175 0.015828931922351186 
110 187.5880243194896 0.01563263059289709 
111 186.8516469740357 0.015571264655171488 
112 184.58307215360657 0.015382213183102478 
113 183.8681203776444 0.015322632743221536 
114 181.68201781913487 0.015140454089443709 
115 180.98733456603674 0.015082562725034117 
116 178.8794742939377 0.014906904384931089 
117 178.20398761579332 0.014850612765313253 
118 176.17041100486009 0.014681144847217737 
119 175.5131259681034 0.014626370059695287 
120 173.55012478440506 0.014462783538276885 
121 172.91011630479358 0.014409448491040353 
122 171.0142136293998 0.014251453617582765 
123 170.39062010726676 0.0141994865093039 
124 168.55855295086366 0.014046811362895562 
125 167.95057060458223 0.013996145210507106 
126 166.17927404322205 0.013848534375995345 
127 165.5861518534262 0.01379910659336815 
128 163.8727445344141 0.013656319953493616 
129 163.29377972353117 0.013608071974723902 
130 161.6355506071851 0.013469883605246357 
131 161.07008458935348 0.013422760547142483 
132 159.46448080712474 0.013288957704998404 
133 158.91189555225782 0.013242908064080473 
134 157.35651127442372 0.013113290259673253 
135 156.81622603768344 0.013068265639624098 
136 155.30879225530396 0.012942643785304351 
137 154.78026062961314 0.012898598651340916 
138 153.31863576539212 0.01277679427896347 
139 152.80134302020167 0.012733685736063231 
140 151.38350429193787 0.012615530277261118 
141 150.8769649660973 0.012573317869564163 
142 149.50100043405033 0.012458651993016604 
143 149.004756154596 0.01241729752205456 
144 147.66885739120744 0.01230597052261885 
145 147.18247489356136 0.012265437882328327 
146 145.88493022014134 0.012157307117419743 
147 145.40799954798484 0.012117562144128983 
148 144.14718778849493 0.012012492513192854 
149 143.67932065444302 0.011973502849008673 
150 142.45370536126407 0.011871366312325285 
151 141.99453365147474 0.01183310128051483 
152 140.8026577627202 0.011733776413967128 
153 140.35183217072495 0.011696206905108274 
154 139.19231306219368 0.011599578487836801 
155 138.74950183889345 0.011562676855649176 
156 137.62102673763607 0.011468635487842061 
157 137.18591454576642 0.011432375453724003 
158 136.08723627498165 0.011340817202018289 
159 135.65952313792522 0.011305173767446237 
160 134.58945616601483 0.011215999835676237 
161 134.16885650181047 0.01118094920170397 
162 133.12627327078644 0.011094065624929424 
163 132.7125150030132 0.011059585118093658 
164 131.6963425137241 0.010974902478029886 
165 131.28916625222664 0.010940970482076106 
166 130.29838288585475 0.010858403642213773 
167 129.89754117077965 0.010824999535098065 
168 128.93117372811415 0.010744467393971276 
169 128.53643033139247 0.010711571489649446 
170 127.59355127261169 0.010632996750813268 
171 127.20468055170429 0.010600590245385259 
172 126.28440542143902 0.010523899202833602 
173 125.90119172082113 0.010491964124666278 
174 125.00267674406612 0.010417086462487408 
175 124.62491384007625 0.010385605625951085 
176 123.74735367608862 0.010312474231148951 
177 123.3748442615031 0.010281431193664458 
178 122.51746990389557 0.010209981981163166 
179 122.15002510879037 0.010179361003272918 
180 121.31210192078845 0.01010953275218506 
181 120.94954086662531 0.010079318760392862 
182 120.13036674169122 0.010011052960735288 
183 119.77251612588036 0.009981231512885907 
184 118.97141976445496 0.009914472221972174 
185 118.61811347285109 0.009885029474958734 
186 117.83445276687014 0.009819723182772916 
187 117.48553151199462 0.00979064586238817 
188 116.71869202945115 0.009726741365296002 
189 116.37400301232506 0.009698016738051228 
190 115.62339657478353 0.009635465020257385 
191 115.28279316852294 0.009607080867014822 
192 114.54785651509125 0.00954583498922515 
193 114.21119796857568 0.009517779580503235 
194 113.49139150021452 0.009457794575281881 
195 113.1585426602793 0.009430056648104186 
196 112.453349259026 0.00937128942147374 
197 112.12418030975859 0.009343858157643242 
198 111.43310422769852 0.009286267396497253 
199 111.10749044554429 0.009259132402188107 
200 110.43005625873143 0.00920267848711617 
201 110.10787778229869 0.009175829773690426 
202 109.44362940541905 0.009120474696865236 
203 109.12477101876105 0.009093902662812667 
204 108.47327077631309 0.009039609950586934 
205 108.15762170489305 0.009013305364521799 
206 107.51844945529886 0.008960040004436131 
207 107.205903173626 0.008933993989066547 
208 106.57865548272117 0.0088817223609723 
209 106.26910953279358 0.008855926377970186 
210 105.65339889354914 0.008804616189005075 
211 105.34675471344084 0.008779062024721482 
212 104.7422088088756 0.008728682247884442 
213 104.43837157070504 0.008703361999846664 
214 103.84463257733003 0.008653882815950456 
215 103.54351103403673 0.008628788880093176 
216 102.96023496313313 0.008580181622869852 
217 102.66174130333509 0.008555306681439704 
218 102.08859737785248 0.008507543785614474 
219 101.79264708842541 0.008482880795718089 
220 101.22931715311687 0.008435935747852983 
221 100.93582888878608 0.008411477930589446 
222 100.38200685166255 0.008365325222536973 
223 100.09090231134333 0.00834106605269266 
224 99.54629361444078 0.008295681137492229 
225 99.25749742376493 0.008271614333751162 
226 98.72181854149652 0.008226973583824314 
227 98.43525814112276 0.008203093099460525 
228 97.908236104525 0.008159173766964026 
229 97.62384164400979 0.008135473780997283 
230 97.10521358931514 0.008092253960203468 
231 96.82291782598014 0.008068728868971418 
232 96.3124305661514 0.008026187460562046 
233 96.0321687688329 0.008002831869699167 
234 95.52957838661163 0.007960948546852146 
235 95.2512882439114 0.007937757263643853 
236 94.756359705163 0.007896512439811397 
237 94.47998123788152 0.007873480465896664 
238 93.99248802409969 0.007832855264180077 
239 93.717963501719 0.007809977788591551 
240 93.23768726050989 0.007769954012614359 
241 92.96496112135625 0.007747226405125117 
242 92.49169133391295 0.007707786511322092 
243 92.22071010889306 0.0076852043160902045 
244 91.75424377354501 0.007646331387335973 
245 91.48495601321308 0.007623890316826653 
246 91.0250973440489 0.007585568037320466 
247 90.75745354872122 0.007563263966482166 
248 90.3040136885156 0.0075254765978246835 
249 90.03796624143598 0.007503305558519448 
250 89.59076298805884 0.007466037916913073 
251 89.3262660913095 0.007443996092575674 
252 88.88512363689769 0.007407233527088452 
253 88.62213324992442 0.0073853172476033915 
254 88.1868819320704 0.007349045619434341 
255 87.92535571273687 0.007327251356223619 
256 87.49583177712779 0.007291457018922278 
257 87.23572902509437 0.007269781380226871 
258 86.81177439887138 0.007234451160806221 
259 86.55305600120641 0.007212890887153601 
260 86.13451807659504 0.007178012068058923 
261 85.87714645549626 0.007156564027906424 
262 85.4638778830394 0.00712212432978439 
263 85.20781694555248 0.007100785515329016 
264 84.79967543654884 0.007066773080563911 
265 84.54489052617899 0.007045540603709884 
266 84.14173866379325 0.007011943980682494 
267 83.88819651390853 0.006990815069158129 
268 83.48990157248473 0.006957623197188236 
269 83.23757026143926 0.0069365951908061385 
270 82.84400403362727 0.006903797385746119 
271 82.59285294148428 0.0068828677327967 
272 82.20389157280347 0.00685045367324491 
273 81.95389133959128 0.006829619927017655 
274 81.56941516996062 0.006797579641112348 
275 81.32053765543414 0.006776839456542545 
276 80.94043106744776 0.006745163309317937 
277 80.6926493121958 0.006724514439745557 
278 80.31680058567194 0.006693193121010671 
279 80.07008877356853 0.006672633415051253 
280 79.69838994616987 0.006641657927774731 
281 79.45272336809056 0.006621185326295682 
282 79.08507010166326 0.006590546975467159 
283 78.8404251204063 0.006570159508664466 
284 78.47671657274165 0.006539849890607842 
285 78.23307058908992 0.006519545675177845 
286 77.87320929090995 0.006489556667299886 
287 77.63054071078986 0.006469333903702465 
288 77.2744324476256 0.006439657654649147 
289 77.03272065032931 0.00641951462445953 
290 76.68027434913051 0.006390143544666664 
291 76.43949965650621 0.006370078608007896 
292 76.09062727668325 0.006341005360621119 
293 75.85077092332466 0.00632101695367981 
294 75.5053873521051 0.0062922344458341325 
295 75.26643145641916 0.006272321078449383 
296 74.9244544082212 0.006243822452883483 
297 74.6863819443846 0.006223982706209891 
298 74.34773186408053 0.006195761333204586 
299 74.11052663485488 0.006175993857446792 
300 73.77512660474662 0.006148043327072853 
301 73.53877321507646 0.00612834683928534 
302 73.20654886537113 0.006100660953942981 
303 72.97103269676722 0.006081034235895305 
304 72.64191211941912 0.006053607003134213 
305 72.4072193050744 0.006034048899237294 
306 72.08113297088101 0.0060068745248478324 
307 71.8472503715124 0.005987383940140735 
308 71.52413105021937 0.005960456821495897 
309 71.29104623058302 0.00594103271968873 
310 70.97082891396893 0.00591434743933442 
311 70.73853012004126 0.005894988840906719 
312 70.42115194780239 0.005868540160385359 
313 70.18962808459956 0.0058492461407376765 
314 69.87502827289164 0.005823028994633249 
315 69.64426888288865 0.00580379868228871 
316 69.33238865546173 0.0057778081724878805 
317 69.10238389762794 0.005758640747345108 
318 68.79316641941678 0.005732872137502992 
319 68.5639070487822 0.005713766829133272 
320 68.25729736182397 0.005688215539333138 
321 68.02877470962136 0.005669171625325556 
322 67.72471967124025 0.005643833226927449 
323 67.4969256255763 0.00562485003127813 
324 67.19537384874637 0.005599720241949014 
325 66.96830083576388 0.00558079713349127 
326 66.66920263149966 0.005555871812404152 
327 66.44284359707204 0.005537008203283001 
328 66.14615091883368 0.005512283346483944 
329 65.92049931070687 0.0054934786906679 
330 65.62616570068576 0.005468950426599734 
331 65.40121545109805 0.00545020421843244 
332 65.109195988361 0.005425868803613369 
333 64.8849414971174 0.005407180576403094 
334 64.59519274744554 0.005383034391246521 
335 64.37162886541154 0.00536440371589062 
336 64.08410883288603 0.005340443260670547 
337 63.86123084592573 0.00532186974431694 
338 63.57589892607591 0.005298091635263573 
339 63.35370253939281 0.005279574920005794 
340 63.070519473926424 0.005255975885532993 
341 62.84900079679669 0.005237515647137932 
342 62.5679286297971 0.005214092524192907 
343 62.347084160664565 0.005195688470858706 
344 62.06808619612129 0.00517243820138283 
345 61.84791280762963 0.00515409007249154 
346 61.57095356681886 0.0051310096998686576 
347 61.35144848622106 0.005112717264353663 
348 61.07649365071497 0.005089803928660779 
349 60.85765439348305 0.0050715669794741715 
350 60.584670615587086 0.005048817901684253 
351 60.3664945578388 0.00503063622016505 
352 60.09544835254326 0.005008048609807923 
353 59.877930090234614 0.00498992174561062 
354 59.608781747131324 0.0049674922934231066 
355 59.391899944857876 0.0049494184685637535 
356 59.124576961406774 0.004927141132553407 
357 58.90824442109318 0.004909113080388491 
358 58.642555551347066 0.004886971923092055 
359 58.42648470930287 0.004868965679528125 
360 58.16193503775805 0.004846919457208043 
361 57.94542370729146 0.004828876505582324 
362 57.6810357706218 0.004806843761423049 
363 57.462933894610025 0.004788668261831971 
364 57.19749918225154 0.004766548284717841 
365 56.976842099475036 0.004748159847208224 
366 56.709889259525944 0.004725913357072258 
367 56.486928208325615 0.004707332918567919 
368 56.219331045005845 0.004685032733803669 
369 55.99524522987111 0.004666358563201268 
370 55.727913323375525 0.004644080483589838 
371 55.502985686375716 0.004625336159840458 
372 55.23555126803758 0.004603049537414145 
373 55.00927910948099 0.004584193168085642 
374 54.74164553633244 0.004561889949111691 
375 54.514576471662956 0.004542967169686245 
376 54.24750479508771 0.00452071077631107 
377 54.020044487409926 0.004501755392685848 
378 53.75333688028694 0.00447952933900468 
379 53.525157167956515 0.004460514003859512 
380 53.25889251200383 0.004438324863473003 
381 53.030553250506 0.00441929623231278 
382 52.76518111395564 0.00439718146994781 
383 52.53665082280633 0.004378136919349314 
384 52.271896786393405 0.004356073666301919 
385 52.043265983638506 0.004337020739578102 
386 51.77957861661993 0.004315046377325668 
387 51.551157097705875 0.004296010891251299 
388 51.28839835068411 0.004274113915460094 
389 51.0600526555187 0.004255084748150781 
390 50.798461490367245 0.004233285072686352 
391 50.57056939264618 0.004214293705877956 
392 50.3101595740652 0.004192592477820314 
393 50.08256466585284 0.004173625877272037 
394 49.82344716305437 0.004152032344230164 
395 49.59648759592658 0.004133118689772192 
396 49.33872734985219 0.004111638263593427 
397 49.11227045535805 0.0040927664993127165 
398 48.85594476153522 0.004071405621412666 
399 48.63027995296979 0.004052599865539295 
400 48.37543253792593 0.004031362179864062 
401 48.15045136298638 0.0040126133945354425 
402 47.89718260746636 0.003991507266305082 
403 47.673125022022475 0.003972835448221346 
404 47.421419798740814 0.003951859616804927 
405 47.19821537071089 0.003933258896515086 
406 46.94822042830882 0.003912425591197002 
407 46.72603542117051 0.003893909824252531 
408 46.47767562120428 0.003873212783377547 
409 46.25651357860062 0.0038547822650876096 
410 46.00996093358305 0.003834235823302515 
411 45.789879896324884 0.0038158953904926947 
412 45.545049426312566 0.0037954924660017933 
413 45.32614985037047 0.0037772504901610725 
414 45.08316682339488 0.0037570015221641394 
415 44.865407428527206 0.003738854563207413 
416 44.62426115179873 0.0037187586606218168 
417 44.40778941901616 0.0037007190088654196 
418 44.16848965865597 0.0036807769855499634 
419 43.953259548257506 0.0036628408042796855 
420 43.7158969842887 0.0036430602170456753 
421 43.501986237064095 0.003625233984783015 
422 43.266495376554175 0.003605609375783001 
423 43.0539562530774 0.0035878974476580387 
424 42.820424833337505 0.0035684361284727003 
425 42.609224902658845 0.0035508358018552515 
426 42.377649409368 0.003531537479618976 
427 42.16789080735884 0.003514057265992402 
428 41.93824953728702 0.003494920132068531 
429 41.72991641605133 0.0034775587107498864 
430 41.502286384055395 0.0034585891831643662 
431 41.29538986499583 0.0034413474809547096 
432 41.06972959461417 0.003422542103270462 
433 40.864344317518174 0.0034054263402695513 
434 40.640664445655844 0.003386785998912072 
435 40.43675690107937 0.0033697933826134976 
436 40.21510581314052 0.00335132210977595 
437 40.01270442201254 0.0033344550086351903 
438 39.79303595302574 0.003316148957163966 
439 39.592190698061785 0.0032994115364859784 
440 39.37452176448039 0.003281272116112147 
441 39.17519933081898 0.003264661599606044 
442 38.959561406285765 0.0032466914331827045 
443 38.76178703371644 0.003230209924204004 
444 38.54813723815997 0.0032124054383243835 
445 38.351949706820754 0.0031960561686122887 
446 38.140296497624256 0.0031784180680716335 
447 37.945666144348095 0.0031621985656488704 
448 37.73603557093196 0.003144729021273211 
449 37.54297406635598 0.0031286402587112415 
450 37.33532906811062 0.0031113361820581174 
451 37.14387199590391 0.0030953811247187023 
452 36.9382051394776 0.003078241896330439 
453 36.748330250534465 0.0030624186900864193 
454 36.544665798018684 0.0030454463318421564 
455 36.35636634389324 0.0030297544143124224 
456 36.154678650838555 0.0030129467891343476 
457 35.967985904178185 0.002997388766422065 
458 35.768249831016284 0.002980743779306587 
459 35.583155905889434 0.0029653189942383815 
460 35.38538791382413 0.0029488380169783923 
461 35.20187018828506 0.002933544584356516 
462 35.00606246609314 0.0029172269660044533 
463 34.824137873132955 0.002902066296938148 
464 34.63025569848628 0.00288590914391202 
465 34.44993388683942 0.002870882042477675 
466 34.25797402168002 0.0028548850849342217 
467 34.07923065414088 0.0028399895229930666 
468 33.88919984904891 0.002824153323491258 
469 33.71202766428799 0.0028093886959210733 
470 33.523900033383555 0.0027937110972635114 
471 33.34831450440551 0.0027790786935057037 
472 33.16206405282209 0.0027635575294126004 
473 32.98805751992382 0.002749056711146523 
474 32.8036860270705 0.002733692129904769 
475 32.63123487906792 0.0027193209294945875 
476 32.448737059415066 0.002704112490635062 
477 32.27784002600206 0.0026898708022199346 
478 32.097186420314415 0.0026748160507600012 
479 31.92785149487915 0.0026607045404681883 
480 31.749021543792328 0.002645801763095125 
481 31.581234688110776 0.0026318192610525312 
482 31.404227588359632 0.0026170683908263116 
483 31.237967416887003 0.0026032131148705463 
484 31.06277253907797 0.002588613265991644 
485 30.898036596165312 0.0025748850114814302 
486 30.724625536668604 0.002560433816935994 
487 30.561416816754367 0.0025468328334125817 
488 30.38976925950711 0.0025325286001633977 
489 30.228073342130052 0.002519053685898988 
490 30.05818463550726 0.00250489602630332 
491 29.897980522275443 0.00249154543139887 
492 29.729839672226166 0.0024775334292685028 
493 29.57112055557561 0.0024643065864163004 
494 29.40470163452916 0.0024504380810795373 
495 29.247467786941783 0.002437335012986837 
496 29.08274805292833 0.0024236081092437337 
497 28.926987769297547 0.0024106278404665655 
498 28.763958066309765 0.002397041775302101 
499 28.6096505665752 0.002384182574136063 
500 28.448301552249372 0.0023707365690052245 
501 28.295434234446404 0.0023579973852667635 
502 28.13574427993979 0.002344689637731949 
503 27.984314327010953 0.0023320702366618437 
504 27.826258499112935 0.0023188986689162607 
505 27.676258286800415 0.0023063984151476934 
506 27.519821480303523 0.00229336176840028 
507 27.371232856050664 0.002280979149191627 
508 27.216406079894195 0.002268076674173174 
509 27.069211266110216 0.0022558102080305576 
510 26.915978922469627 0.002243040604897804 
511 26.77016942156446 0.002230889583675346 
512 26.618507868820608 0.0022182508822561555 
513 26.474078370161127 0.002206214863392736 
514 26.32396649759892 0.0021937053044276266 
515 26.180904605165757 0.0021817832549021225 
516 26.032329598543203 0.0021694017705174273 
517 25.890616688346057 0.002157592138301336 
518 25.743567389379596 0.00214533779862253 
519 25.603188025264767 0.0021336392973454153 
520 25.457646730100173 0.00212151062702345 
521 25.318592545174702 0.0021099225594310646 
522 25.174536719921097 0.0020979176806062354 
523 25.03680018028225 0.002086439418861494 
524 24.8942105731364 0.002074556727186566 
525 24.7577782265884 0.0020631871502519825 
526 24.616641852788156 0.0020514255636430072 
527 24.481496013049846 0.0020401631976339827 
528 24.34180076546176 0.0020285217071441177 
529 24.207926445330873 0.0020173653031035433 
530 24.069655257126076 0.0020058424864701895 
531 23.937042936479248 0.0019947912510394675 
532 23.80017489826044 0.001983385365779942 
533 23.66881619679475 0.0019724386005873073 
534 23.533332418636668 0.0019611480725114415 
535 23.40321483914536 0.0019503047361033284 
536 23.269101382861958 0.0019391284036736828 
537 23.140208571525896 0.0019283871332060921 
538 23.007453317183394 0.0019173239864091096 
539 22.87976988350403 0.0019066834993162732 
540 22.748357734873288 0.0018957322801091 
541 22.62187249854949 0.0018851916446816614 
542 22.491784653767404 0.0018743507862127812 
543 22.3664888081972 0.0018639092685533824 
544 22.237706445171764 0.0018531772022855047 
545 22.11358930907439 0.0018428339122706046 
546 21.986097069601705 0.0018322093583292335 
547 21.863144405014097 0.0018219631094395024 
548 21.736929896644995 0.0018114450351010367 
549 21.61512632220718 0.0018012945455322684 
550 21.490176645604446 0.001790881875831639 
551 21.369509099482737 0.0017808260570771363 
552 21.24580842338901 0.0017705174727179803 
553 21.12626693050056 0.0017605554935051398 
554 21.00379751553771 0.0017503495161780276 
555 20.885372787711095 0.0017404806024779462 
556 20.764118015701467 0.0017303758473085856 
557 20.64679868801616 0.0017205990520266657 
558 20.52674482438078 0.0017105943744451933 
559 20.41051712709794 0.001700908550081527 
560 20.29165222395896 0.001691002954412651 
561 20.176502134867494 0.0016814069324275788 
562 20.058813471192135 0.0016715993585652133 
563 19.944728993654902 0.0016620921392200927 
564 19.828201667508374 0.0016523813453128856 
565 19.715173064468964 0.0016429621171710242 
566 19.599790930148473 0.001633346757718332 
567 19.487808931741153 0.0016240147482763298 
568 19.373556749918613 0.001614493553310161 
569 19.26261061044435 0.0016052478670761864 
570 19.149475319679187 0.0015958197481226032 
571 19.03955249535315 0.001586659339761512 
572 18.92752256760221 0.0015773233361321083 
573 18.818610119949767 0.0015682471274173178 
574 18.707673783455146 0.0015590022581137418 
575 18.599760090960697 0.0015500092805673285 
576 18.489904086467245 0.0015408544406307827 
577 18.38297936132218 0.0015319438785866247 
578 18.274189231564495 0.0015228778632222389 
579 18.168244539477158 0.0015140489721419703 
580 18.0605060381547 0.0015050705941356116 
581 17.955531803869498 0.0014963225760661965 
582 17.84883213717889 0.0014874307692474484 
583 17.744817416446473 0.0014787627121508832 
584 17.639145327498365 0.0014699565384279163 
585 17.53607834756043 0.0014613674612224804 
586 17.43142310352057 0.0014526460261755489 
587 17.329292504237504 0.0014441349821650627 
588 17.225642702860462 0.001435497335589102 
589 17.12443843346473 0.0014270634871937854 
590 17.021781571867958 0.0014185085871622394 
591 16.921494792582525 0.001410151197720094 
592 16.819817842618264 0.0014016779585334781 
593 16.72044001426004 0.001393396316432474 
594 16.619730462239286 0.0013850036952636768 
595 16.52125238966725 0.0013767970342275907 
596 16.421498921274445 0.0013684840881991755 
597 16.323910456352206 0.0013603515625340028 
598 16.225102826270305 0.0013521174378534249 
599 16.12839337293499 0.0013440581645372501 
600 16.030521639587853 0.0013359020327241844 
601 15.934681015364186 0.0013279151632013756 
602 15.83773474746827 0.0013198361549657768 
603 15.742753760082763 0.001311920923199076 
604 15.646721767597814 0.001303918106019978 
605 15.55259213964343 0.0012960738222124383 
606 15.457462855653334 0.0012881462321619604 
607 15.364176617615877 0.0012803722321748563 
608 15.269938803340857 0.0012725189326703292 
609 15.177487616592051 0.0012648145216048472 
610 15.084130886487134 0.001257034647167845 
611 14.992505748505383 0.0012493990747996832 
612 14.900020590424976 0.0012416918327364354 
613 14.809212072050725 0.0012341243132874581 
614 14.717589401761389 0.0012264889465642148 
615 14.627588208038585 0.001218988705440122 
616 14.536818788277904 0.0012114244442704768 
617 14.447616255288587 0.0012039907594644697 
618 14.35769035499587 0.0011964967929113837 
619 14.269278580864638 0.001189129005921409 
620 14.180186057630944 0.0011817044887681742 
621 14.092557625329398 0.0011744019814968589 
622 14.004288335491019 0.001167046068422202 
623 13.917435836077788 0.0011598082234461047 
624 13.829980092132281 0.0011525201071429093 
625 13.743895750953843 0.0011453462765620005 
626 13.657244551046064 0.0011381252068615032 
627 13.571920163611452 0.0011310147069552897 
628 13.486065082521945 0.0011238599817426096 
629 13.40149226394582 0.00111681211375745 
630 13.31642510171829 0.0011097230496899904 
631 13.232595674962289 0.001102737132193152 
632 13.148308084819833 0.0010957130336930346 
633 13.065214375558748 0.0010887884271453382 
634 12.981697678459078 0.0010818285709453795 
635 12.899332562945375 0.0010749646816899862 
636 12.816577829764894 0.0010680683236825 
637 12.734934534250442 0.0010612645872297376 
638 12.652932862608804 0.0010544309855356844 
639 12.572004646313797 0.0010476868401432938 
640 12.490747463837618 0.0010409152803847333 
641 12.410527363783022 0.0010342301457935033 
642 12.33000659510729 0.0010275199550106417 
643 12.250487358349432 0.0010208932267971843 
644 12.170695382375344 0.0010142437698864605 
645 12.091869600455142 0.0010076748306675257 
646 12.012799039858965 0.0010010854928403513 
647 11.934659396117043 0.0009945737328828095 
648 11.856302860683547 0.0009880438982762842 
649 11.778842354908049 0.00098158873421813 
650 11.701192269309042 0.0009751177715429822 
651 11.624404310808421 0.0009687186541495475 
652 11.547452901252694 0.0009623059155776085 
653 11.471331237735974 0.000955962323814805 
654 11.395070666844978 0.000949607156218861 
655 11.319609198861631 0.0009433185817895453 
656 11.244031768800506 0.0009370203436712427 
657 11.169224347912097 0.0009307862741958686 
658 11.09432266885486 0.0009245443497247451 
659 11.020162974206775 0.0009183642584554801 
660 10.945930022861413 0.0009121780623461478 
661 10.87241156411116 0.0009060514084109027 
662 10.798840615703659 0.0008999203802549435 
663 10.72595684759848 0.0008938466182056875 
664 10.65304132355934 0.0008877702097786226 
665 10.580785809179558 0.0008817488031952519 
666 10.508519115466417 0.0008757264649831733 
667 10.436885660751186 0.0008697568976842022 
668 10.365261087482473 0.0008637880705197522 
669 10.294243790805606 0.0008578698506937103 
670 10.223254509474424 0.0008519539655239004 
671 10.152847712779687 0.0008460866216571967 
672 10.082486861688443 0.0008402231066630948 
673 10.012685032898345 0.0008344061777405651 
674 9.94294584537853 0.0008285944690224794 
675 9.873743447207035 0.0008228274935949059 
676 9.804619364489717 0.0008170670445784362 
677 9.736010764282168 0.000811349553249066 
678 9.667495487625665 0.0008056398390291589 
679 9.599474940100198 0.0007999713530154612 
680 9.531562406355006 0.0007943118683201157 
681 9.464124108346503 0.000788691904015864 
682 9.39680840544101 0.0007830821561631412 
683 9.329946593306232 0.0007775102332556612 
684 9.263221853965076 0.0007719497332967132 
685 9.19693090087307 0.00076642538287457 
686 9.130791217126413 0.0007609136384692791 
687 9.065065692212684 0.0007554364079518838 
688 8.999505080615032 0.0007499729204703751 
689 8.934339750680111 0.000744542373749536 
690 8.869352175685123 0.0007391266402201153 
691 8.80474195384077 0.0007337423533804731 
692 8.740321394236748 0.0007283738720260226 
693 8.676261259077252 0.0007230354266091986 
694 8.612401788045831 0.0007177137035188601 
695 8.548886704752192 0.0007124206799486801 
696 8.4855825512076 0.0007071452341895564 
697 8.422607418439355 0.0007018972073462867 
698 8.359852977739797 0.0006966675718560741 
699 8.297412584982661 0.0006914641075219903 
700 8.235202294507502 0.0006862798187402147 
701 8.173291077863041 0.0006811204532483573 
702 8.11161863324166 0.0006759809858008781 
703 8.050228883595397 0.0006708650767129077 
704 7.9890826204427645 0.0006657694585492814 
705 7.928193679036776 0.0006606952842695245 
706 7.867531422944248 0.0006556400007893216 
707 7.8070535938252945 0.0006506000865138412 
708 7.746681467394356 0.0006455689809620542 
709 7.686203570886892 0.0006405290610707586 
710 7.625270307123851 0.0006354511931914911 
711 7.5630868489132945 0.0006302691404739952 
712 7.498296267032854 0.0006248698233474886 
713 7.428280823458425 0.0006190350928567364 
714 7.348735062510332 0.0006124061542523479 
715 7.252405361593912 0.0006043785275687494 
716 7.128476725586824 0.0005940509461913751 
717 6.961356817968522 0.0005801240242037192 
718 6.731661125137461 0.0005609823549642588 
719 6.417915515744924 0.0005348363937304887 
720 6.003082496261704 0.0005002663225607401 
721 5.481290177567407 0.000456782808120252 
722 4.866913018213896 0.0004055837445780648 
723 4.195172458364086 0.0003496043073805541 
724 3.5180365723762637 0.0002931752511801796 
725 2.890166418384809 0.00024085175018239197 
726 2.358327102041283 0.00019653097012546655 
727 1.9539129092802299 0.00016282915091343176 
728 1.6945816896038435 0.00014121780779537753 
729 1.5897549351758682 0.00013248207994617377 
730 1.6467903249712015 0.00013723511886018136 
731 1.8719814872636091 0.00015600140346535803 
732 2.2503803099488846 0.0001875352342271307 
733 2.698288629533262 0.0002248616324604341 
734 3.017182382508351 0.0002514366137617548 
735 2.9988947332505442 0.0002499126142084952 
736 2.6611299007267406 0.0002217650132447817 
737 2.2462700372377653 0.00018719270503230555 
738 1.9734184525560357 0.00016445464355162445 
739 1.9376571355639056 0.00016147447751980288 
740 2.142299895663822 0.00017852836293577332 
741 2.4926212329828448 0.00020772235906097797 
742 2.7415625869091635 0.00022846786368124 
743 2.649116248285424 0.0002207638566338101 
744 2.304642567745529 0.00019205717444345697 
745 2.010958714587414 0.0001675830578031526 
746 1.953365080583238 0.0001627834976598228 
747 2.1497886946296934 0.00017915244130241014 
748 2.4482806450911396 0.0002040272402851527 
749 2.5426920081271884 0.00021189500245956947 
750 2.307420651778236 0.0001922886858184335 
751 2.0066644619455025 0.0001672251966578737 
752 1.9087803368145329 0.0001590680321766527 
753 2.070576653091146 0.00017255131317403698 
754 2.329086004910503 0.00019409416601051956 
755 2.364490404711467 0.00019704458838134788 
756 2.112335690711916 0.00017603129869767878 
757 1.8812928499551123 0.00015677736501088207 
758 1.8918977070207343 0.00015766111978999844 
759 2.1105968220883318 0.0001758863902423513 
760 2.2571799369972387 0.00018810188051599695 
761 2.101394245712537 0.0001751194943943482 
762 1.8540216650812453 0.0001545047233509983 
763 1.8066037893253348 0.00015055315907667365 
764 1.984963184244156 0.00016541672269515826 
765 2.1379477309809753 0.00017816567569593907 
766 2.0073646188975864 0.00016728354417248017 
767 1.7812707859563741 0.0001484420355925801 
768 1.7503268975381963 0.00014586332952376768 
769 1.9258081913145955 0.0001604870468507223 
770 2.0300678298742443 0.00016917551415168434 
771 1.8665074157409622 0.00015554522222317548 
772 1.6851283085064488 0.00014043001115918207 
773 1.7242119584129065 0.00014368704349600748 
774 1.8990628039386444 0.0001582582224765176 
775 1.899217666760423 0.00015827112795539466 
776 1.7005148060202169 0.0001417122435011657 
777 1.6142275818240668 0.00013452150568280934 
778 1.7399006118097826 0.00014499445597046084 
779 1.8480689692774814 0.00015400865599877946 
780 1.7147980889536036 0.00014290253955850452 
781 1.5626456957165944 0.00013022293399238174 
782 1.615279902461686 0.00013460920072545858 
783 1.7568070691643385 0.0001464033540246789 
784 1.6980800464750228 0.00014150934304048532 
785 1.5292411658192042 0.0001274391705943201 
786 1.5268324258535284 0.0001272384384728835 
787 1.664186805905269 0.0001386848529839092 
788 1.6544748307452328 0.00013787550643550877 
789 1.4923561388490034 0.00012436536029578985 
790 1.4607611152586268 0.00012173239193784701 
791 1.5852678936654343 0.00013210815275843313 
792 1.596133368882863 0.00013301362612703715 
793 1.4452940049601497 0.00012044344173693289 
794 1.4067095186820058 0.00011722800715473573 
795 1.5216108133037884 0.0001268032958757724 
796 1.5307504079115624 0.00012756494314398407 
797 1.3888215891328877 0.00011573731820629373 
798 1.3605736075032528 0.00011338327527944392 
799 1.4699568332250594 0.00012249871624094258 
800 1.4601838012974289 0.00012168428153248254 
801 1.326873057794552 0.0001105748430978862 
802 1.3226115085387746 0.00011021970728625496 
803 1.424847618060754 0.00011873954398270673 
804 1.3832443039492783 0.00011527253566325617 
805 1.2654411240744308 0.0001054554186040369 
806 1.294483277381645 0.00010787564375391495 
807 1.3782668862150422 0.00011485774301842653 
808 1.2997580705748173 0.00010831521815500972 
809 1.2123687767161615 0.00010103263946363342 
810 1.2754643347980894 0.00010629070193923987 
811 1.320130327521773 0.0001100129382965308 
812 1.2147007124545985 0.00010122697111192282 
813 1.175719390053617 9.79784662282672e-5 
814 1.2579903078786714 0.00010483450552802141 
815 1.2432849656963054 0.00010360903720234861 
816 1.1398208444892168 9.498686426611442e-5 
817 1.1591223464062037 9.659535313661105e-5 
818 1.2258075567711226 0.0001021525589519937 
819 1.152464029085448 9.604048288077646e-5 
820 1.0895849278742489 9.080045881839851e-5 
821 1.1539331832945825 9.616291471041332e-5 
822 1.1627278237033796 9.68958152524753e-5 
823 1.0679190950671662 8.899493865265622e-5 
824 1.0712153611757524 8.926963268282337e-5 
825 1.1345437241067857 9.45470959289188e-5 
826 1.0732050875846362 8.943544634840171e-5 
827 1.014654224310917 8.455611559275398e-5 
828 1.0713123442900594 8.927771476165121e-5 
829 1.0746851563729338 8.955878774347993e-5 
830 0.9897439048552205 8.248021643333466e-5 
831 1.0019139849215888 8.349440892591879e-5 
832 1.0510782160588439 8.75915055638339e-5 
833 0.9847992572630129 8.206815468524892e-5 
834 0.9471067050626797 7.8927049346628e-5 
835 1.0038550755457978 8.36561695328961e-5 
836 0.9815966536157685 8.180126600760301e-5 
837 0.9132969684735355 7.610951808652434e-5 
838 0.9464809416639722 7.887490141188623e-5 
839 0.967624993960366 8.063693904720708e-5 
840 0.8950952000784065 7.459267540698363e-5 
841 0.8933985794504553 7.445128768445035e-5 
842 0.9382761231157215 7.819115361981981e-5 
843 0.8847304437259602 7.372892939851127e-5 
844 0.8505803732126939 7.088303644243404e-5 
845 0.8981956205395429 7.485104865830089e-5 
846 0.8738061378953306 7.281855338621739e-5 
847 0.8192058354610947 6.826844225139805e-5 
848 0.8535867915770075 7.113357603773875e-5 
849 0.8580691102878575 7.150710965141449e-5 
850 0.7959884570357745 6.633362417558968e-5 
851 0.8107835783217048 6.756657423452383e-5 
852 0.8354864723202337 6.962518761272538e-5 
853 0.7780024849209015 6.483476485903178e-5 
854 0.7721233989744816 6.434483177744153e-5 
855 0.8077821704916862 6.731645219162947e-5 
856 0.7616001241256484 6.3467875644788e-5 
857 0.7389636970648962 6.158147109701627e-5 
858 0.7765890985453718 6.471698043663145e-5 
859 0.7452218567970074 6.210299425734775e-5 
860 0.7101464241085247 5.917998633030009e-5 
861 0.7447164488669653 6.206087613441464e-5 
862 0.7272500649116683 6.0605316648901706e-5 
863 0.6851528779519421 5.709715148148835e-5 
864 0.7131801714452666 5.9432803382985174e-5 
865 0.7079471922683716 5.899671354905529e-5 
866 0.6623396129342439 5.5196010158990367e-5 
867 0.6834780322404799 5.695757836959931e-5 
868 0.6870374550878139 5.725420254216121e-5 
869 0.6413015922141888 5.344280865524081e-5 
870 0.6554282014960885 5.462004832837695e-5 
871 0.6654954638455967 5.5459002701730785e-5 
872 0.6208898493671073 5.174179795989824e-5 
873 0.6296088773372001 5.246839734639989e-5 
874 0.643313910071357 5.3610504977064765e-5 
875 0.601163964073902 5.009794314013989e-5 
876 0.6053657709986383 5.0448100330159696e-5 
877 0.6213938968583606 5.1783802710791177e-5 
878 0.581439435068278 4.8454201346481216e-5 
879 0.5830073753578721 4.858486550496288e-5 
880 0.599550990298353 4.996352612028662e-5 
881 0.5620704153190765 4.6840085883704654e-5 
882 0.5618618829979971 4.682270786208552e-5 
883 0.578425079670859 4.8203000319259456e-5 
884 0.5426215924353669 4.521932003412196e-5 
885 0.5422391526410781 4.5187449449366734e-5 
886 0.5576392023404592 4.647081116148039e-5 
887 0.5235616056382136 4.3630957803716846e-5 
888 0.5235699324099878 4.363165171446968e-5 
889 0.5376286166846083 4.480323086342966e-5 
890 0.5045702146398648 4.204831199783737e-5 
891 0.5062028575101312 4.2184368139873025e-5 
892 0.5179133083348756 4.3160257472273746e-5 
893 0.48615107089401915 4.051335436362361e-5 
894 0.4896437310215592 4.080441487112906e-5 
895 0.49881100852320737 4.156836909073194e-5 
896 0.4680558453483898 3.900539042255561e-5 
897 0.47422934191291183 3.9519858185675313e-5 
898 0.47982695497052313 3.9986334750205785e-5 
899 0.4508060621461191 3.756788134068912e-5 
900 0.4594653697686241 3.828950393756837e-5 
901 0.461249492301927 3.8438183623261345e-5 
902 0.4342106260192568 3.618490221160884e-5 
903 0.4456002670874026 3.713405689272413e-5 
904 0.44266646944443255 3.688956913849121e-5 
905 0.41878863255021004 3.489971181748712e-5 
906 0.4320636307808285 3.6005982562719655e-5 
907 0.42444402178673546 3.537100315452405e-5 
908 0.40435774083423126 3.36971147959535e-5 
909 0.41896178350039504 3.4914141335847205e-5 
910 0.40635811653444265 3.386381591923604e-5 
911 0.3913601164024553 3.261395897049893e-5 
912 0.40564093887470987 3.38040499855377e-5 
913 0.3889417842771223 3.24124274873277e-5 
914 0.3795042249062955 3.1625949353247046e-5 
915 0.3921297158326296 3.2678093467570714e-5 
916 0.37219264450596234 3.1016639479318175e-5 
917 0.3690127201892069 3.0751640781573247e-5 
918 0.3778628272616999 3.1489163632905365e-5 
919 0.3567712699027586 2.973150065832403e-5 
920 0.35931963682830403 2.994386857949985e-5 
921 0.3630606652979435 3.0255626839738154e-5 
922 0.3427510050611875 2.8563123189250742e-5 
923 0.35029121883276815 2.9191486203948524e-5 
924 0.3475782829735698 2.896540394596365e-5 
925 0.3306869007581486 2.755776217706595e-5 
926 0.3410421245342471 2.842071378917328e-5 
927 0.3321117386573485 2.767650091112829e-5 
928 0.3204097175049434 2.6701314064689444e-5 
929 0.3312246121695673 2.7602572307620858e-5 
930 0.3170333584833828 2.641994549905458e-5 
931 0.3120246115183856 2.6002542035687753e-5 
932 0.3200676508679674 2.667280797325104e-5 
933 0.3033316215552598 2.527811252407959e-5 
934 0.30478089820165555 2.5398887858870852e-5 
935 0.30770398201157234 2.5642482776820846e-5 
936 0.29140785673972236 2.428444669005804e-5 
937 0.29812246620549593 2.4844008046572114e-5 
938 0.2942644847401301 2.452250351929168e-5 
939 0.2818777306500063 2.34902545170517e-5 
940 0.29079563274512343 2.42334270603008e-5 
941 0.2808493030964771 2.3404550602347117e-5 
942 0.27445615416516655 2.287177812963139e-5 
943 0.2821683954039561 2.351447703733974e-5 
944 0.26832944086441746 2.2361209045455318e-5 
945 0.26879273188904534 2.239981735998545e-5 
946 0.2716650445424871 2.2639181268323673e-5 
947 0.25790350541322615 2.1492364682468282e-5 
948 0.2635735068860169 2.196487372885793e-5 
949 0.25997883577813413 2.166531214577529e-5 
950 0.24988537639221262 2.082417464482381e-5 
951 0.257685285951163 2.1474179383854533e-5 
952 0.24808088544234494 2.0673797559027207e-5 
953 0.2443248234955076 2.0360786485362173e-5 
954 0.24987139609838904 2.0823009598335812e-5 
955 0.23759486830936374 1.9799946294665584e-5 
956 0.24009119640124524 2.0007977564468773e-5 
957 0.2402085723921072 2.0017759081771258e-5 
958 0.22939402068729794 1.9116529419364157e-5 
959 0.23587148399218255 1.965632822257479e-5 
960 0.22949138264133728 1.912464306876593e-5 
961 0.223939672426872 1.8661991813407874e-5 
962 0.2299548626310234 1.916326713068165e-5 
963 0.21956069913477763 1.8297070480610614e-5 
964 0.22031665758740662 1.8360068208084943e-5 
965 0.22190817598049642 1.8492697245632672e-5 
966 0.2117063915012071 1.7642532483081186e-5 
967 0.21711177752893218 1.80929898259205e-5 
968 0.21234306365564706 1.7695589497969264e-5 
969 0.2066817375108285 1.7223803409230847e-5 
970 0.21233631732548472 1.7695027293171445e-5 
971 0.2032340802448477 1.6936493211015833e-5 
972 0.2036686750464809 1.6972710128466565e-5 
973 0.2052833770369333 1.710727116894838e-5 
974 0.19613255501122834 1.6344688264905665e-5 
975 0.20110434842100444 1.6759012207178532e-5 
976 0.19658101424504815 1.6382060573525633e-5 
977 0.19187686321042277 1.599004058374075e-5 
978 0.1968293285572182 1.6402753823679347e-5 
979 0.1883778299455589 1.5698448971428043e-5 
980 0.18952637182695184 1.5794162602494954e-5 
981 0.19016094474535222 1.5847044677742543e-5 
982 0.18232420975948294 1.5193971095178036e-5 
983 0.18725309324493855 1.560471914289098e-5 
984 0.18204195780920226 1.5170449655102802e-5 
985 0.17906354893086976 1.4922244227712202e-5 
986 0.1828674320535972 1.5239240474630806e-5 
987 0.17483860200414283 1.457015866777459e-5 
988 0.177260040741831 1.4771949040198045e-5 
989 0.176099713359929 1.4675253265540256e-5 
990 0.17005594604249868 1.4171596477184196e-5 
991 0.17476023311845798 1.4563627803961015e-5 
992 0.16848296275836053 1.404051206122034e-5 
993 0.16778960345369548 1.3982731027930516e-5 
994 0.16966783156234688 1.4139252993009352e-5 
995 0.16247675516091126 1.3539985308642236e-5 
996 0.16607407859364584 1.3839767922970189e-5 
997 0.16258951977807581 1.3549382537545723e-5 
998 0.1590438695506402 1.3253906104984543e-5 
999 0.16261842727573247 1.3551791541179462e-5 
1000 0.1556917471623441 1.2974557296932895e-5 
1001 0.15736324297572135 1.3113851245375988e-5 
1002 0.15642016890310714 1.3035260255080105e-5 
1003 0.15109326511177668 1.2591343222125244e-5 
1004 0.15485189490094492 1.2904568286692552e-5 
1005 0.14926419784715542 1.2438918071420066e-5 
1006 0.1487050542763594 1.2392321893852992e-5 
1007 0.14973817691026448 1.2478417072644855e-5 
1008 0.14350107041667215 1.1958648381990979e-5 
1009 0.14661795533441807 1.2218393697271385e-5 
1010 0.1425733162378615 1.1881334073623073e-5 
1011 0.14020319978408977 1.1683820638965553e-5 
1012 0.14223909896538395 1.1853482108246494e-5 
1013 0.1359857385682116 1.1332358900046625e-5 
1014 0.13785881036040307 1.1488451163971932e-5 
1015 0.13534836369568373 1.1279243324211926e-5 
1016 0.13154615840170153 1.0962386898996054e-5 
1017 0.13394880325124464 1.1162611084495576e-5 
1018 0.12803484885321142 1.066977224372696e-5 
1019 0.1286534079274601 1.072131980675873e-5 
1020 0.12719719957895084 1.0599966819215308e-5 
1021 0.12256897358788758 1.0214274035887561e-5 
1022 0.1246885199295525 1.0390906233513045e-5 
1023 0.12045008882374196 1.0037696970763234e-5 
1024 0.11982715050270676 9.985784463607034e-6 
1025 0.11889319438064581 9.90795331687409e-6 
1026 0.11548294019172702 9.623760100613916e-6 
1027 0.1170352664147831 9.753123062310088e-6 
1028 0.11357812952729014 9.465022880716351e-6 
1029 0.11241955983996595 9.368473583373036e-6 
1030 0.11310550773162818 9.425636987248271e-6 
1031 0.10849494070607445 9.04141581217198e-6 
1032 0.11053963707698314 9.211810394432806e-6 
1033 0.1072947599692021 8.941398861877318e-6 
1034 0.10585915733366383 8.821763049511508e-6 
1035 0.10687097677604133 8.906082928814995e-6 
1036 0.10228236026818965 8.523690998093742e-6 
1037 0.10423271425030327 8.686223566142119e-6 
1038 0.10122406203038573 8.435497812688015e-6 
1039 0.09985575660293156 8.321470206910706e-6 
1040 0.10063938397570261 8.386773721276573e-6 
1041 0.09668901711629639 8.057570265759906e-6 
1042 0.0979552354617559 8.163090454035919e-6 
1043 0.09576373468120111 7.980461939925068e-6 
1044 0.0938482320845606 7.820833708849842e-6 
1045 0.09509284581495653 7.924553478535085e-6 
1046 0.09096325899934107 7.580414744604684e-6 
1047 0.09245763583996836 7.704948499895585e-6 
1048 0.09008944189666516 7.507595277469495e-6 
1049 0.08860049271479693 7.38351383561743e-6 
1050 0.08938655857502542 7.4490205611091975e-6 
1051 0.08589444114892911 7.158005279578187e-6 
1052 0.08689513933279343 7.241398369835862e-6 
1053 0.08501343803650543 7.084586966987745e-6 
1054 0.08330047475438983 6.9418373308867595e-6 
1055 0.08430090661017219 7.025208226718447e-6 
1056 0.08072823120497301 6.727479653477084e-6 
1057 0.08198296956780161 6.832043158466236e-6 
1058 0.07982126469443902 6.651897683515297e-6 
1059 0.07861149235750918 6.551081418120229e-6 
1060 0.07914586705036153 6.595613483543158e-6 
1061 0.07609705154775294 6.341540726654348e-6 
1062 0.07706100967803724 6.421872087957504e-6 
1063 0.0751187381878843 6.260013073626374e-6 
1064 0.0739325383125051 6.161161217126401e-6 
1065 0.0744788390755423 6.20668714050109e-6 
1066 0.0714641579205535 5.955458966302488e-6 
1067 0.07263824582866617 6.053301473134657e-6 
1068 0.07040332964305979 5.867054940274077e-6 
1069 0.06973912633861347 5.8117036195559334e-6 
1070 0.06980964649849844 5.817580410533572e-6 
1071 0.06728018820148313 5.606788238161027e-6 
1072 0.0682420951868281 5.686948667491073e-6 
1073 0.0660995647477502 5.508401092241288e-6 
1074 0.06560537844927254 5.467218122932891e-6 
1075 0.06552303111508816 5.4603557154829255e-6 
1076 0.06317411109903077 5.26460868399467e-6 
1077 0.06422165517507515 5.3519056723284715e-6 
1078 0.06186677057551169 5.155661582827427e-6 
1079 0.061860739894276574 5.155159016566526e-6 
1080 0.061284389290413986 5.107128892496176e-6 
1081 0.05946298046876403 4.955341957425079e-6 
1082 0.06024350620215847 5.02038699696142e-6 
1083 0.05800840919956254 4.8341253957338e-6 
1084 0.0581972883438345 4.849865621688083e-6 
1085 0.05737095122496143 4.781002894595543e-6 
1086 0.05588459838691054 4.6571378188144785e-6 
1087 0.05655210726959587 4.712764609588313e-6 
1088 0.0542966713073694 4.524808063047945e-6 
1089 0.05483843913465978 4.569956234642965e-6 
1090 0.05356453926441783 4.463795907212282e-6 
1091 0.052654677419220856 4.387972654805128e-6 
1092 0.0529157479977903 4.409728947235071e-6 
1093 0.050943209101992716 4.245347601464262e-6 
1094 0.05154368987009511 4.295388610531537e-6 
1095 0.05006303468988567 4.171998348537777e-6 
1096 0.049555315072733266 4.129687581373916e-6 
1097 0.04950032275971669 4.125104802073608e-6 
1098 0.047767275869027084 3.980681500316467e-6 
1099 0.04844581184695192 4.037227233048442e-6 
1100 0.04671463298801391 3.892959603543912e-6 
1101 0.046711202179638936 3.892673697446465e-6 
1102 0.046156967511157714 3.846486602798101e-6 
1103 0.04490794609534324 3.742399519057669e-6 
1104 0.04537321195392129 3.7811724061917127e-6 
1105 0.04367409487279024 3.639576641964435e-6 
1106 0.043944677718447185 3.6621256382890924e-6 
1107 0.04303319640157805 3.586167427360474e-6 
1108 0.04221677262471693 3.518130827704247e-6 
1109 0.042434170967896596 3.5362476984520693e-6 
1110 0.04083508929854786 3.402988375979399e-6 
1111 0.041327457184504104 3.444019808049127e-6 
1112 0.04004990839346415 3.337555398142471e-6 
1113 0.03976526390116768 3.313834575800449e-6 
1114 0.039532366312133804 3.294426076838159e-6 
1115 0.038295112079499656 3.191319610215713e-6 
1116 0.03872051735263668 3.226770719162281e-6 
1117 0.0373303023255708 3.1109172789351938e-6 
1118 0.03740824489472556 3.1174126157003088e-6 
1119 0.03678303612330472 3.0653109007719874e-6 
1120 0.035948351530355464 2.9957525377022046e-6 
1121 0.036188445365799286 3.0157607351910415e-6 
1122 0.034819919844071165 2.901714787877843e-6 
1123 0.03516872573147451 2.9307824941250036e-6 
1124 0.034156351296938774 2.846416364601532e-6 
1125 0.03382554152320855 2.818848362816744e-6 
1126 0.033668034215899104 2.8057225059834907e-6 
1127 0.03259085190848608 2.7159556183898953e-6 
1128 0.032928148933688436 2.744064234673902e-6 
1129 0.03176206402206964 2.6468886568116333e-6 
1130 0.03180030804055178 2.650075718541656e-6 
1131 0.03125802177831539 2.6048843432185374e-6 
1132 0.030561611310553682 2.546849041535293e-6 
1133 0.030721763593756012 2.560195317189047e-6 
1134 0.02957917460600295 2.464977769961006e-6 
1135 0.029859536994481885 2.4883417435789007e-6 
1136 0.028965926942479226 2.4138728328489434e-6 
1137 0.028730933836795695 2.3942897042011805e-6 
1138 0.02851630386825167 2.376403535696631e-6 
1139 0.027658720244078373 2.304936883985506e-6 
1140 0.02790119981459744 2.325143896485371e-6 
1141 0.026892293327040788 2.2410667680014723e-6 
1142 0.02697957660194153 2.2483405116128324e-6 
1143 0.026407014632628165 2.200626113050943e-6 
1144 0.025926810219154293 2.1606083228314e-6 
1145 0.02595098631279018 2.1626230353502838e-6 
1146 0.02503208308840268 2.086046320447597e-6 
1147 0.025271437886044534 2.1059929302898117e-6 
1148 0.024429190197661314 2.0358042973641203e-6 
1149 0.02435182177806903 2.0293568072994957e-6 
1150 0.024009812719381386 2.0008555141424095e-6 
1151 0.023409906831656616 1.9508624126780374e-6 
1152 0.02352773225328406 1.9606813832516446e-6 
1153 0.022670218948240246 1.889220591578647e-6 
1154 0.022817163583501984 1.9014662091173361e-6 
1155 0.02217842010355897 1.8482365805107446e-6 
1156 0.02194344315667123 1.8286547984547287e-6 
1157 0.021786596576600512 1.8155840032645793e-6 
1158 0.021120295621635005 1.7600578750351445e-6 
1159 0.02128197146886129 1.7735311167554029e-6 
1160 0.02050587062334142 1.708854824839327e-6 
1161 0.020573514897693292 1.7144919541630328e-6 
1162 0.020087238047960254 1.6739681180315354e-6 
1163 0.01976776561674472 1.647344912632766e-6 
1164 0.019707007812676147 1.642281666670849e-6 
1165 0.01905272899273783 1.5877574019478921e-6 
1166 0.019194395442344817 1.5995631623750155e-6 
1167 0.018532372029014865 1.544393502680696e-6 
1168 0.01851283311207266 1.542765228851112e-6 
1169 0.018160661036115376 1.5134170015932917e-6 
1170 0.017782983318113604 1.4819432640233787e-6 
1171 0.017788159633142838 1.4823746317558234e-6 
1172 0.0171607107665994 1.4300862387084083e-6 
1173 0.01728340175095429 1.4403106805002375e-6 
1174 0.016710751217832023 1.3925889014815548e-6 
1175 0.016643652912640475 1.3869972704471426e-6 
1176 0.01637187329032694 1.364348540850905e-6 
1177 0.01598691705652216 1.3322682488422116e-6 
1178 0.016010471573219852 1.3342311623046517e-6 
1179 0.015439763203083942 1.2866712332581463e-6 
1180 0.015526689199336228 1.2939152030865037e-6 
1181 0.015041447453994052 1.2534776272833302e-6 
1182 0.014936167638813279 1.2447041436583496e-6 
1183 0.014727471322835766 1.2273124555396107e-6 
1184 0.014346557477543728 1.1955690356023726e-6 
1185 0.014382151079130535 1.1985352250864607e-6 
1186 0.013860253875307605 1.1550429700535142e-6 
1187 0.013928593009083995 1.1607380054228584e-6 
1188 0.0135014925641381 1.1251456294909611e-6 
1189 0.013389237815474877 1.1157908904317026e-6 
1190 0.013209327802384598 1.1007981061918432e-6 
1191 0.012858447981883344 1.0715575689224912e-6 
1192 0.012885052177852052 1.07377462712388e-6 
1193 0.012420465084746726 1.0350583048474963e-6 
1194 0.012467244310931788 1.0389566473191202e-6 
1195 0.01209216203869589 1.0076992009811716e-6 
1196 0.011978535173318651 9.982301167029239e-7 
1197 0.011819868996837842 9.850076856148525e-7 
1198 0.011499594462102187 9.583176369936925e-7 
1199 0.011520021670656017 9.600199365222714e-7 
1200 0.011101174570327551 9.251153522979108e-7 
1201 0.011140846089884394 9.284213746974793e-7 
1202 0.010797614907911524 8.998182360098683e-7 
1203 0.010700695195057966 8.917414407362591e-7 
1204 0.010544304246552434 8.787086155602984e-7 
1205 0.010267118250462226 8.556093463072545e-7 
1206 0.010270704866759716 8.559082366434608e-7 
1207 0.009901124006179663 8.251092499351568e-7 
1208 0.009931005296569343 8.275994044959052e-7 
1209 0.009617604213514425 8.01482154332498e-7 
1210 0.009537234231480904 7.947845293404677e-7 
1211 0.009381722721760528 7.818249921140299e-7 
1212 0.00914463533855674 7.620673370435276e-7 
1213 0.009134490782513506 7.612219414073823e-7 
1214 0.008806570637480563 7.338947465618388e-7 
1215 0.008833804717459924 7.361642960887835e-7 
1216 0.00854004036641399 7.116834711644703e-7 
1217 0.008484152629411622 7.07026071789428e-7 
1218 0.008320005235020756 6.933468639156427e-7 
1219 0.008129071335354171 6.774354051112925e-7 
1220 0.008097948748358145 6.748418072130836e-7 
1221 0.007815569494347026 6.5130975829329e-7 
1222 0.007834624527860518 6.52897707742261e-7 
1223 0.007563373365149827 6.302930172779694e-7 
1224 0.007527097109594387 6.272699388887761e-7 
1225 0.007356882968718451 6.130851592598326e-7 
1226 0.007207698511879536 6.00652886397932e-7 
1227 0.00715753016041378 5.964721114856535e-7 
1228 0.006917283602158299 5.764511868554842e-7 
1229 0.006929011661190783 5.774285435662423e-7 
1230 0.006677983115936561 5.565091030504232e-7 
1231 0.006661557604342165 5.551402845664819e-7 
1232 0.00648292037076607 5.402535672892851e-7 
1233 0.006376642413600473 5.313969035946566e-7 
1234 0.006303059994033419 5.252649194906808e-7 
1235 0.006108703061441551 5.090682025552617e-7 
1236 0.006105795073258164 5.088258656299473e-7 
1237 0.0058814279180143475 4.901282495756726e-7 
1238 0.005876039996559234 4.896792476413706e-7 
1239 0.005695622591202061 4.7464417991405076e-7 
1240 0.00562512903480951 4.687696059359835e-7 
1241 0.00553141829727386 4.609602303226035e-7 
1242 0.005380362176767722 4.4837198254274105e-7 
1243 0.005361017615573269 4.46759905331354e-7 
1244 0.005165510005769833 4.304672968173262e-7 
1245 0.005165960056218635 4.305048017296989e-7 
1246 0.004987639811443217 4.1564450068478045e-7 
1247 0.004948465312598457 4.123798974601151e-7 
1248 0.004835418998921285 4.029591934039e-7 
1249 0.0047279965294124435 3.940071518793921e-7 
1250 0.004686871267272639 3.905799819766233e-7 
1251 0.004526711330183796 3.77233068486947e-7 
1252 0.004522542681947859 3.7688567457318017e-7 
1253 0.00435618551866485 3.630223158139006e-7 
1254 0.004337370770230064 3.614543904996579e-7 
1255 0.004212668069451053 3.510623025063716e-7 
1256 0.004142679517799017 3.4522981305147577e-7 
1257 0.004080694576574018 3.400643037285431e-7 
1258 0.003957127734089484 3.297668723807855e-7 
1259 0.003942206359200369 3.285234009895501e-7 
1260 0.0037946772676912526 3.162290778437408e-7 
1261 0.003787185760448003 3.156047737830601e-7 
1262 0.003657786861021566 3.0482132851143796e-7 
1263 0.0036192164048916625 3.01607063130342e-7 
1264 0.0035375745960915302 2.948034505727796e-7 
1265 0.003451839618992051 2.8765873421495926e-7 
1266 0.003419351217944141 2.84951316329525e-7 
1267 0.0032991770353264387 2.749366119768297e-7 
1268 0.0032909205677756825 2.742485600199341e-7 
1269 0.0031681007502542538 2.6401338192813066e-7 
1270 0.003149558748555128 2.624681859377852e-7 
1271 0.003055791058867698 2.5465406422212353e-7 
1272 0.00300276169599577 2.5023486718989903e-7 
1273 0.0029521583467209053 2.4601784177557934e-7 
1274 0.0028625518373122604 2.385504916321685e-7 
1275 0.0028455167967760516 2.3713087811044371e-7 
1276 0.0027381072212281444 2.281799111029733e-7 
1277 0.002729011133648283 2.2742188948889397e-7 
1278 0.0026314836173784244 2.1929444297400972e-7 
1279 0.00260421359119324 2.1702189787333972e-7 
1280 0.0025375739263466574 2.1146848758949966e-7 
1281 0.0024792778162323857 2.066103866647458e-7 
1282 0.0024471977196678994 2.0393699479553479e-7 
1283 0.0023634390292441034 1.9695697210437416e-7 
1284 0.0023520375354041724 1.9600682967362244e-7 
1285 0.0022620073403762674 1.885041717284612e-7 
1286 0.0022490541723418664 1.8742472067275498e-7 
1287 0.00217435260317633 1.8119947234088026e-7 
1288 0.002141711213909006 1.7847930519638296e-7 
1289 0.002094936191207575 1.745813130216774e-7 
1290 0.0020372437768379835 1.6977352102576548e-7 
1291 0.0020163110599833523 1.6802909500986569e-7 
1292 0.001942197852453201 1.6185287774025824e-7 
1293 0.0019329531725312994 1.610824731971488e-7 
1294 0.0018593068165848993 1.549451609609355e-7 
1295 0.001844063435698819 1.536748552298347e-7 
1296 0.0017867722611816413 1.4890050051977666e-7 
1297 0.0017534919492021848 1.4612708881037492e-7 
1298 0.001719535951822962 1.432973689209074e-7 
1299 0.0016670412802452256 1.3892273033804908e-7 
1300 0.0016518819505048602 1.37659429001374e-7 
1301 0.0015892158702644685 1.324371570218236e-7 
1302 0.0015802847328914979 1.316928815179232e-7 
1303 0.0015212679718787482 1.267747252174426e-7 
1304 0.0015050247917822428 1.2542110131195222e-7 
1305 0.0014610713197404695 1.2175824279954513e-7 
1306 0.001429617207193202 1.1913701725029904e-7 
1307 0.0014044052492548761 1.1703598107593085e-7 
1308 0.0013585427323558742 1.1321403248756295e-7 
1309 0.0013470073788553988 1.1225273487442593e-7 
1310 0.0012948826376696363 1.0790892440644216e-7 
1311 0.001286597132805122 1.072184526277e-7 
1312 0.001239117891645078 1.0326177447311842e-7 
1313 0.0012238449556217811 1.019890057674013e-7 
1314 0.0011892656093913114 9.910733915928051e-8 
1315 0.0011616901437993333 9.680934029399927e-8 
1316 0.0011419617318646506 9.516527491680794e-8 
1317 0.0011035408968197281 9.196347819493957e-8 
1318 0.0010940387807132808 9.117162023128875e-8 
1319 0.001051579337254654 8.763326645216773e-8 
1320 0.0010439856604295874 8.700044809887066e-8 
1321 0.001005983209220001 8.38335173550815e-8 
1322 0.0009925282415214377 8.271224887094432e-8 
1323 0.0009651049802393963 8.042693393770255e-8 
1324 0.0009419910149119743 7.85007337828077e-8 
1325 0.0009263218641297538 7.719494655693622e-8 
1326 0.0008949315489911879 7.457903755882198e-8 
1327 0.0008872267528759174 7.393695908979095e-8 
1328 0.0008529296275921471 7.107881133806485e-8 
1329 0.0008466968983539573 7.05594074255836e-8 
1330 0.000816058305919848 6.800614316926295e-8 
1331 0.0008052942478117754 6.710912138605257e-8 
1332 0.000783036984022566 6.525431437431721e-8 
1333 0.0007647769681106025 6.373261764336821e-8 
1334 0.0007518616673739728 6.265632225540656e-8 
1335 0.0007270875679184609 6.059177497705734e-8 
1336 0.0007206796695287916 6.005777335959847e-8 
1337 0.0006934531174063948 5.7788851165915203e-8 
1338 0.0006885800751756075 5.738275664397631e-8 
1339 0.0006639792040787425 5.533264533481416e-8 
1340 0.0006559099051260382 5.466019105566233e-8 
1341 0.0006377438419732661 5.3146323869178933e-8 
1342 0.0006239475051941285 5.199660742440133e-8 
1343 0.0006132415961026017 5.110443148408684e-8 
1344 0.000594174933810872 4.951551295196089e-8 
1345 0.0005890148484692186 4.9085497719024136e-8 
1346 0.0005675976321887191 4.730069598844562e-8 
1347 0.0005642503533690658 4.7021750818737185e-8 
1348 0.0005444033195925969 4.5367800101372263e-8 
1349 0.0005390668261346786 4.492308391444251e-8 
1350 0.0005239849213668805 4.3666234780668965e-8 
1351 0.0005143426319920852 4.2862695490712646e-8 
1352 0.0005052305356535549 4.210333978821573e-8 
1353 0.000491211080174079 4.093502976725752e-8 
1354 0.0004869711717444128 4.058169739186133e-8 
1355 0.0004705331894398534 3.921183966244625e-8 
1356 0.00046844149577802545 3.903752856530942e-8 
1357 0.0004525873915352474 3.771632825997158e-8 
1358 0.00044955738811798887 3.74638232064691e-8 
1359 0.0004370284887889981 3.641972854394346e-8 
1360 0.000430868086291339 3.5906351973670256e-8 
1361 0.00042305818710453496 3.525551474992969e-8 
1362 0.0004132259542987561 3.443614654178477e-8 
1363 0.0004097333113427601 3.414508746526836e-8 
1364 0.00039737786638291807 3.311544760649399e-8 
1365 0.00039632104937946887 3.302737785961571e-8 
1366 0.00038367646765453186 3.197364281536267e-8 
1367 0.0003825659650020757 3.1881099179908026e-8 
1368 0.0003719862846537188 3.099944250018781e-8 
1369 0.0003687391855088904 3.072884579438125e-8 
1370 0.000361761370344438 3.0147350215401125e-8 
1371 0.00035544961410166875 2.9621360594829314e-8 
1372 0.0003522468713342562 2.9354460323617107e-8 
1373 0.0003433349708111242 2.8611787920812263e-8 
1374 0.00034274867290731486 2.8562928839424258e-8 
1375 0.0003327939053715515 2.7733349210930967e-8 
1376 0.0003328807493297455 2.7740586344125353e-8 
1377 0.00032385257989092913 2.6988224682025174e-8 
1378 0.00032267958257767694 2.6890473059814466e-8 
1379 0.0003161724175111718 2.6348199063056394e-8 
1380 0.0003125284598137571 2.604453018661038e-8 
1381 0.0003091692131454771 2.5764587677347618e-8 
1382 0.0003029415854674084 2.5245608902905488e-8 
1383 0.0003022079677824805 2.5184472941233636e-8 
1384 0.00029432748544773354 2.4527753677411467e-8 
1385 0.00029481777172308144 2.4568611638654383e-8 
1386 0.0002868312639952486 2.3903056758541725e-8 
1387 0.0002868426364931139 2.390400448459562e-8 
1388 0.00028028891476738745 2.335785069296319e-8 
1389 0.00027845563471007095 2.320507446956983e-8 
1390 0.00027428180779850303 2.285724899135003e-8 
1391 0.0002700329978441179 2.250317480821772e-8 
1392 0.00026826799290742185 2.2356088285663294e-8 
1393 0.00026196147253921886 2.183053499621242e-8 
1394 0.00026175667338521085 2.1813468077724635e-8 
1395 0.0002544725746755559 2.1206448387937307e-8 
1396 0.0002544676417510487 2.1206037303131423e-8 
1397 0.0002475588866897596 2.063029684143757e-8 
1398 0.000246406139409985 2.0534232753886906e-8 
1399 0.00024097962318357695 2.0082014527901865e-8 
1400 0.0002378175173937954 1.9818500735448215e-8 
1401 0.00023433965508817052 1.9528673403058392e-8 
1402 0.0002290510169076248 1.9087945231226086e-8 
1403 0.00022721881096078827 1.893525851872986e-8 
1404 0.00022040604035245424 1.8367516912512797e-8 
1405 0.00021931468582054526 1.8276568983906434e-8 
1406 0.0002120263638119602 1.7669197345894815e-8 
1407 0.00021054523070903466 1.7545767256255874e-8 
1408 0.00020386822795138518 1.69893398512723e-8 
1409 0.00020106417733587012 1.675566455352794e-8 
1410 0.00019573626684792989 1.6311663627604555e-8 
1411 0.00019118457106048731 1.5932348481691254e-8 
1412 0.00018736876126560845 1.561435832665606e-8 
1413 0.00018125456472367139 1.5104832325413665e-8 
1414 0.00017854691338798297 1.487919045270493e-8 
1415 0.0001715468207325455 1.4295838381081578e-8 
1416 0.00016919226230922605 1.409962147344755e-8 
1417 0.00016220131394115408 1.3517031440162939e-8 
1418 0.0001594124409930707 1.3284620971925058e-8 
1419 0.00015322763359055725 1.2769210621171323e-8 
1420 0.000149475233543628 1.2456504711595197e-8 
1421 0.00014455233427689487 1.2046255358193977e-8 
1422 0.00013972804034906202 1.1644223271556493e-8 
1423 0.00013609094823313335 1.1341126537706282e-8 
1424 0.00013050662661451043 1.087575761401006e-8 
1425 0.00012782232436322116 1.0652061535082237e-8 
1426 0.0001220736293914193 1.0172994573257603e-8 
1427 0.0001198410309875496 9.98694119252289e-9 
1428 0.00011460284965895272 9.55041783776384e-9 
1429 0.00011236952462547258 9.364303903417993e-9 
1430 0.00010820231418976475 9.017029808599787e-9 
1431 0.00010572995403682837 8.810995904763648e-9 
1432 0.00010295927578798024 8.580101690097527e-9 
1433 0.00010029541762368994 8.35810931726194e-9 
1434 9.898919791161801e-5 8.249255618812602e-9 
1435 9.644468164395925e-5 8.037208591854316e-9 
1436 9.646927065107568e-5 8.039257714479768e-9 
1437 9.452645853798553e-5 7.877353647386352e-9 
1438 9.563054716003504e-5 7.96936277021247e-9 
1439 9.480679412283726e-5 7.90071538732646e-9 
1440 9.667077470552291e-5 8.056050036151539e-9 
1441 9.733657315377695e-5 8.111534288030821e-9 
1442 9.953400775998733e-5 8.294657296951844e-9 
1443 0.00010165593290276837 8.471487731747516e-9 
1444 0.00010351363659228522 8.626299296263053e-9 
1445 0.00010633424700548203 8.861354603209977e-9 
1446 0.0001068066393784786 8.900721377761534e-9 
1447 0.00010872848256360288 9.060878001189458e-9 
1448 0.00010666393189134837 8.888828862569051e-9 
1449 0.00010594775968867001 8.829146718541007e-9 
1450 0.00010108543193776553 8.423945086788522e-9 
1451 9.738357446225794e-5 8.11545113770996e-9 
1452 9.125527802497153e-5 7.604750122997516e-9 
1453 8.629237556023788e-5 7.191167106804413e-9 
1454 8.150620887542575e-5 6.792312350424715e-9 
1455 7.776781044449137e-5 6.480773264217752e-9 
1456 7.62913577859085e-5 6.357733218973623e-9 
1457 7.526240105894343e-5 6.271985205649884e-9 
1458 7.729850912708307e-5 6.441664082496701e-9 
1459 7.840957446518385e-5 6.534254609307305e-9 
1460 8.166860124286332e-5 6.8058453032902666e-9 
1461 8.19792134119256e-5 6.831730139564992e-9 
1462 8.242903579397078e-5 6.869216046015783e-9 
1463 7.941601232044828e-5 6.6181260145482935e-9 
1464 7.613127334272537e-5 6.344392596761572e-9 
1465 7.205913179693838e-5 6.005041059059689e-9 
1466 6.884533439191086e-5 5.7372195506480414e-9 
1467 6.770015725148368e-5 5.641786319957161e-9 
1468 6.730730183949678e-5 5.60904775066794e-9 
1469 6.941813294324684e-5 5.7849536647508235e-9 
1470 7.0041640077057e-5 5.836913573866822e-9 
1471 7.133586967521339e-5 5.944768077286049e-9 
1472 6.902010286432231e-5 5.7517838650727194e-9 
1473 6.687359110444352e-5 5.572904506823578e-9 
1474 6.301650361986919e-5 5.251474479349417e-9 
1475 6.107693824375563e-5 5.08984097878055e-9 
1476 6.012912044414122e-5 5.010854670435464e-9 
1477 6.07749312878988e-5 5.06467325714948e-9 
1478 6.216201566258305e-5 5.1802658047509626e-9 
1479 6.204919780267741e-5 5.170864138868591e-9 
1480 6.129544562658864e-5 5.108050271244932e-9 
1481 5.800296465478106e-5 4.833671675099852e-9 
1482 5.6034189408067124e-5 4.669603972676051e-9 
1483 5.378909010793713e-5 4.482508830911942e-9 
1484 5.4372160601109065e-5 4.53109895633408e-9 
1485 5.465537173397162e-5 4.5547003298007355e-9 
1486 5.555599103269902e-5 4.629753355455832e-9 
1487 5.433509814635639e-5 4.528010360107768e-9 
1488 5.222829460150608e-5 4.352440082271918e-9 
1489 4.995153432937557e-5 4.16270647634523e-9 
1490 4.843346667624895e-5 4.036198449393911e-9 
1491 4.8858227219679e-5 4.071595829850197e-9 
1492 4.904003510113307e-5 4.086746772773975e-9 
1493 4.9618103682322146e-5 4.134920064325348e-9 
1494 4.765704370902612e-5 3.971495313495622e-9 
1495 4.60833210523543e-5 3.840349281990308e-9 
1496 4.387148904279929e-5 3.6560264667980687e-9 
1497 4.3832890368342466e-5 3.652809849845318e-9 
1498 4.394672023183993e-5 3.6622958509530704e-9 
1499 4.436088828807399e-5 3.696810507472179e-9 
1500 4.332670627706561e-5 3.610627045587753e-9 
1501 4.13992972696396e-5 3.450006594874989e-9 
1502 3.996881015347264e-5 3.330797083841116e-9 
1503 3.914224521921956e-5 3.261915371775032e-9 
1504 3.98511578939569e-5 3.320992543716013e-9 
1505 3.950918901490053e-5 3.292494598924769e-9 
1506 3.901737085684454e-5 3.251508978378577e-9 
1507 3.686485063160138e-5 3.0721289052260616e-9 
1508 3.5968745619682206e-5 2.9974520772430682e-9 
1509 3.533791746186138e-5 2.9448820712707514e-9 
1510 3.589946751589208e-5 2.9916787928947938e-9 
1511 3.5537276023225186e-5 2.961495598475579e-9 
1512 3.442215091773855e-5 2.868566751326743e-9 
1513 3.296894266910321e-5 2.7474637768278164e-9 
1514 3.2028377270666245e-5 2.6690818466616134e-9 
1515 3.2319791119643686e-5 2.6933667927142457e-9 
1516 3.215199807784996e-5 2.679383775152568e-9 
1517 3.182646235325748e-5 2.6522552857630854e-9 
1518 3.0128924763784202e-5 2.510791148326484e-9 
1519 2.9456792969198443e-5 2.4547791076185715e-9 
1520 2.893607025923025e-5 2.411384728921981e-9 
1521 2.9414388250985916e-5 2.451245314362754e-9 
1522 2.8811386586410127e-5 2.4009942266218825e-9 
1523 2.7869326591182023e-5 2.3224877443708337e-9 
1524 2.673809204081249e-5 2.2282164181281186e-9 
1525 2.6417971983868387e-5 2.201539242899378e-9 
1526 2.6662821186822077e-5 2.2219437284982095e-9 
1527 2.62757254511321e-5 2.1896851412985234e-9 
1528 2.5548377820739325e-5 2.1290716940393105e-9 
1529 2.4328206827618703e-5 2.02738885759589e-9 
1530 2.42822520214229e-5 2.0235592180875405e-9 
1531 2.4135496858714255e-5 2.0113293902264745e-9 
1532 2.4205003342199523e-5 2.017121706575443e-9 
1533 2.3105634300612926e-5 1.925505889549084e-9 
1534 2.24655071990901e-5 1.8721609569665802e-9 
1535 2.2080249691948675e-5 1.8400555583723447e-9 
1536 2.2299563898599406e-5 1.8583320874246792e-9 
1537 2.200599989393037e-5 1.8338679583470868e-9 
1538 2.1171091331385767e-5 1.7642909307918663e-9 
1539 2.0575516523029682e-5 1.7146587594246301e-9 
1540 2.0337392555658334e-5 1.6948147207087503e-9 
1541 2.061700920552983e-5 1.7181165482690208e-9 
1542 2.0031267206202682e-5 1.6693037931294329e-9 
1543 1.9491027399295696e-5 1.6242829589712177e-9 
1544 1.879546446048861e-5 1.5663182860347303e-9 
1545 1.9042330096434214e-5 1.586890810889758e-9 
1546 1.8851685362769707e-5 1.5710034497073478e-9 
1547 1.8497084423121386e-5 1.541452813319306e-9 
1548 1.7719495460105e-5 1.4766525092697996e-9 
1549 1.755601180419775e-5 1.4630286139809317e-9 
1550 1.7642516676874484e-5 1.4702374895152133e-9 
1551 1.7426018982140345e-5 1.4521956742219918e-9 
1552 1.6895264587398103e-5 1.4079653060059963e-9 
1553 1.6321384481265132e-5 1.3601410606346076e-9 
1554 1.6458654495062477e-5 1.3715804444916549e-9 
1555 1.631460128158732e-5 1.3595757833191404e-9 
1556 1.6085815308100403e-5 1.340509925456775e-9 
1557 1.534754318762756e-5 1.2789860868308584e-9 
1558 1.5325681884413544e-5 1.2771642771569e-9 
1559 1.5252831160813698e-5 1.2710932688684284e-9 
1560 1.5173617180725767e-5 1.2644919791912223e-9 
1561 1.4546419334816998e-5 1.212224504925095e-9 
1562 1.4257778513591696e-5 1.1881706488827677e-9 
1563 1.4266361982920296e-5 1.1888859515024644e-9 
1564 1.4179197648446889e-5 1.1816221197805749e-9 
1565 1.3793903256449577e-5 1.1495136473902983e-9 
1566 1.3273505854943503e-5 1.1061463782442007e-9 
1567 1.3314154932067328e-5 1.1095338653128672e-9 
1568 1.3182467834283966e-5 1.0985597332435836e-9 
1569 1.2986248683027735e-5 1.0822078284886395e-9 
1570 1.2378430030851e-5 1.0315553175332036e-9 
1571 1.2348080852710377e-5 1.0290261715901644e-9 
1572 1.2235211626164081e-5 1.019620225073562e-9 
1573 1.2086147231404723e-5 1.0071979575739157e-9 
1574 1.1546601256159851e-5 9.622349438128547e-10 
1575 1.1362512639879335e-5 9.468939360640358e-10 
1576 1.1331929803597982e-5 9.443453182415292e-10 
1577 1.1128291396849729e-5 9.273751305188857e-10 
1578 1.0727503451116165e-5 8.939755042662628e-10 
1579 1.039303230951374e-5 8.661023827297295e-10 
1580 1.0435809301997135e-5 8.696671994273516e-10 
1581 1.0177802248370777e-5 8.481662055641544e-10 
1582 9.877735356810114e-6 8.231601590111102e-10 
1583 9.480008983415602e-6 7.900156686051568e-10 
1584 9.52451320922431e-6 7.93724424131605e-10 
1585 9.2821951636356e-6 7.73530872296817e-10 
1586 8.99450622680166e-6 7.495563414518805e-10 
1587 8.640609142603553e-6 7.200643607924433e-10 
1588 8.618198881672264e-6 7.181968037780756e-10 
1589 8.454564790878143e-6 7.04560372011875e-10 
1590 8.120989884920693e-6 6.767619381896184e-10 
1591 7.869216084587208e-6 6.557803919109508e-10 
1592 7.769100987819754e-6 6.47437309615504e-10 
1593 7.687831757221491e-6 6.406647458278081e-10 
1594 7.318223485359045e-6 6.098634748028304e-10 
1595 7.157011888579704e-6 5.964289213504718e-10 
1596 7.028188031167965e-6 5.856933971517635e-10 
1597 6.979606830750392e-6 5.816448873247505e-10 
1598 6.631221450489156e-6 5.52612224001242e-10 
1599 6.511214561876418e-6 5.426114610789205e-10 
1600 6.42040964429191e-6 5.350442417014221e-10 
1601 6.34578476034944e-6 5.288253839254929e-10 
1602 6.073740515208236e-6 5.061546020104763e-10 
1603 5.955918748966043e-6 4.963359360580597e-10 
1604 5.939442845162456e-6 4.949629181440434e-10 
1605 5.81019116435604e-6 4.841917413224544e-10 
1606 5.629799630874042e-6 4.691588296254506e-10 
1607 5.510273494708816e-6 4.5919813016371437e-10 
1608 5.55121367926244e-6 4.626098766430196e-10 
1609 5.376147771023916e-6 4.480207754313036e-10 
1610 5.257383156162441e-6 4.381235372767236e-10 
1611 5.156464580209152e-6 4.2971349711791227e-10 
1612 5.193771372511236e-6 4.328224551912226e-10 
1613 4.9984376757750485e-6 4.165443397065096e-10 
1614 4.8885894282709085e-6 4.073901461979481e-10 
1615 4.82139612075851e-6 4.017905981539468e-10 
1616 4.787355667320696e-6 3.9895384012667666e-10 
1617 4.597737740278662e-6 3.8315204777883187e-10 
1618 4.468533915149666e-6 3.7238485900567824e-10 
1619 4.441250375723495e-6 3.7011118778032514e-10 
1620 4.328104206881432e-6 3.606821623032133e-10 
1621 4.185134399060278e-6 3.4876778664030286e-10 
1622 4.072212432629281e-6 3.393574450503045e-10 
1623 4.0912026441658835e-6 3.409399925658489e-10 
1624 3.9494167913736096e-6 3.2912428168536373e-10 
1625 3.863366577691912e-6 3.219532951162276e-10 
1626 3.7912359952215068e-6 3.159422997219273e-10 
1627 3.796510410829467e-6 3.163818426569935e-10 
1628 3.6382795594110567e-6 3.03195689342586e-10 
1629 3.5647281365332377e-6 2.9706628834483026e-10 
1630 3.5254937348248986e-6 2.937966931205893e-10 
1631 3.4756422741866997e-6 2.8964232627600846e-10 
1632 3.3512247887909915e-6 2.7927400668021327e-10 
1633 3.296299390397259e-6 2.746968037037879e-10 
1634 3.292643567808967e-6 2.74392146067762e-10 
1635 3.1871189818849217e-6 2.655982644956129e-10 
1636 3.1084103880608866e-6 2.5903909113579363e-10 
1637 3.0602107651212573e-6 2.5502238003248325e-10 
1638 3.053266847586791e-6 2.5444370930935127e-10 
1639 2.923969621827997e-6 2.4366873700338383e-10 
1640 2.893927022368386e-6 2.4116513976626706e-10 
1641 2.855089891033916e-6 2.3792865103175397e-10 
1642 2.8146431916152095e-6 2.34558029090357e-10 
1643 2.702453645640215e-6 2.2520872369106916e-10 
1644 2.696230904175792e-6 2.2469015210878763e-10 
1645 2.6609902592620673e-6 2.2175337623628605e-10 
1646 2.5842906801934145e-6 2.1536162393461005e-10 
1647 2.523891107463294e-6 2.1032823114802855e-10 
1648 2.5108336579995783e-6 2.0924008980909083e-10 
1649 2.4679979030332084e-6 2.0567037614540497e-10 
1650 2.3780084664953656e-6 1.9817111480522947e-10 
1651 2.371890215381829e-6 1.9766125091663922e-10 
1652 2.331355186828399e-6 1.942832680749996e-10 
1653 2.2796637719429657e-6 1.8997556881402816e-10 
1654 2.2083420685977154e-6 1.8403198128653452e-10 
1655 2.224019061754228e-6 1.8533842205593962e-10 
1656 2.155923080431543e-6 1.7966364977375318e-10 
1657 2.106817581019952e-6 1.7557144753874424e-10 
1658 2.0714035564588246e-6 1.7262022308942117e-10 
1659 2.0650351449570974e-6 1.720895121081034e-10 
1660 1.9917709071298135e-6 1.6598404364987467e-10 
1661 1.9572804469255384e-6 1.6310978435049555e-10 
1662 1.946923321567115e-6 1.622466742702017e-10 
1663 1.897526077782003e-6 1.5813015954490796e-10 
1664 1.849286834185345e-6 1.5411014665782207e-10 
1665 1.827367226563439e-6 1.5228347819144436e-10 
1666 1.8140141102511487e-6 1.511706974831274e-10 
1667 1.7402363486324486e-6 1.4502243456741132e-10 
1668 1.7288996945909931e-6 1.440776955552465e-10 
1669 1.702673638529462e-6 1.4189214960791957e-10 
1670 1.67036268260576e-6 1.3919951909543894e-10 
1671 1.6106919164715187e-6 1.3422686133887002e-10 
1672 1.6163335475580513e-6 1.3469700614175446e-10 
1673 1.5730809409618825e-6 1.310925541861956e-10 
1674 1.5327335464463869e-6 1.277302078096892e-10 
1675 1.5073547594671186e-6 1.256152689526808e-10 
1676 1.4947209849885005e-6 1.2456243452929651e-10 
1677 1.445777897314307e-6 1.2048376686134694e-10 
1678 1.41609793962827e-6 1.18010390342767e-10 
1679 1.4097484132521289e-6 1.1748125315163682e-10 
1680 1.3645893263498113e-6 1.1371792483674331e-10 
1681 1.3353974430588287e-6 1.1128522195256732e-10 
1682 1.3160090622879866e-6 1.0966949304084961e-10 
1683 1.3003653754315918e-6 1.0836582784887301e-10 
1684 1.2456057221261122e-6 1.038024372239911e-10 
1685 1.2427978329735424e-6 1.0356844204211761e-10 
1686 1.2159105498811918e-6 1.0132779280155894e-10 
1687 1.1857566257479178e-6 9.881491833309673e-11 
