0.001953125 2.5000000000000004 2.5000000000000004 2.5000000000000004 2.5000000000000004 2.5000000000000004 2.5000000000000004 2.5000000000000004 2.5000000000000004 2.5000000000000004 2.5000000000000004 2.5000000000000004 2.5000000000000004 2.5000000000000004 2.5000000000000004 2.5000000000000004 2.5000000000000004 2.5000000000000004 2.5000000000000004 2.5000000000000004 2.5000000000000004 2.5000000000000004 
0.005859375 2.5000000000000004 2.5000000000000004 2.5000000000000004 2.5000000000000004 2.5000000000000004 2.5000000000000004 2.5000000000000004 2.5000000000000004 2.5000000000000004 2.5000000000000004 2.5000000000000004 2.5000000000000004 2.5000000000000004 2.5000000000000004 2.5000000000000004 2.5000000000000004 2.5000000000000004 2.5000000000000004 2.5000000000000004 2.5000000000000004 2.5000000000000004 
0.009765625 2.5000000000000004 2.5000000000000004 2.5000000000000004 2.5000000000000004 2.5000000000000004 2.5000000000000004 2.5000000000000004 2.5000000000000004 2.5000000000000004 2.5000000000000004 2.5000000000000004 2.5000000000000004 2.5000000000000004 2.5000000000000004 2.5000000000000004 2.5000000000000004 2.5000000000000004 2.5000000000000004 2.5000000000000004 2.5000000000000004 2.5000000000000004 
0.013671875 2.5000000000000004 2.5000000000000004 2.5000000000000004 2.5000000000000004 2.5000000000000004 2.5000000000000004 2.5000000000000004 2.5000000000000004 2.5000000000000004 2.5000000000000004 2.5000000000000004 2.5000000000000004 2.5000000000000004 2.5000000000000004 2.5000000000000004 2.5000000000000004 2.5000000000000004 2.5000000000000004 2.5000000000000004 2.5000000000000004 2.5000000000000004 
0.017578125 2.5000000000000004 2.5000000000000004 2.5000000000000004 2.5000000000000004 2.5000000000000004 2.5000000000000004 2.5000000000000004 2.5000000000000004 2.5000000000000004 2.5000000000000004 2.5000000000000004 2.5000000000000004 2.5000000000000004 2.5000000000000004 2.5000000000000004 2.5000000000000004 2.5000000000000004 2.5000000000000004 2.5000000000000004 2.5000000000000004 2.5000000000000004 
0.021484375 2.5000000000000004 2.5000000000000004 2.5000000000000004 2.5000000000000004 2.5000000000000004 2.5000000000000004 2.5000000000000004 2.5000000000000004 2.5000000000000004 2.5000000000000004 2.5000000000000004 2.5000000000000004 2.5000000000000004 2.5000000000000004 2.5000000000000004 2.5000000000000004 2.5000000000000004 2.5000000000000004 2.5000000000000004 2.5000000000000004 2.5000000000000004 
0.025390625 2.5000000000000004 2.5000000000000004 2.5000000000000004 2.5000000000000004 2.5000000000000004 2.5000000000000004 2.5000000000000004 2.5000000000000004 2.5000000000000004 2.5000000000000004 2.5000000000000004 2.5000000000000004 2.5000000000000004 2.5000000000000004 2.5000000000000004 2.5000000000000004 2.5000000000000004 2.5000000000000004 2.5000000000000004 2.5000000000000004 2.5000000000000004 
0.029296875 2.5000000000000004 2.5000000000000004 2.5000000000000004 2.5000000000000004 2.5000000000000004 2.5000000000000004 2.5000000000000004 2.5000000000000004 2.5000000000000004 2.5000000000000004 2.5000000000000004 2.5000000000000004 2.5000000000000004 2.5000000000000004 2.5000000000000004 2.5000000000000004 2.5000000000000004 2.5000000000000004 2.5000000000000004 2.5000000000000004 2.5000000000000004 
0.033203125 2.5000000000000004 2.5000000000000004 2.5000000000000004 2.5000000000000004 2.5000000000000004 2.5000000000000004 2.5000000000000004 2.5000000000000004 2.5000000000000004 2.5000000000000004 2.5000000000000004 2.5000000000000004 2.5000000000000004 2.5000000000000004 2.5000000000000004 2.5000000000000004 2.5000000000000004 2.5000000000000004 2.5000000000000004 2.5000000000000004 2.5000000000000004 
0.037109375 2.5000000000000004 2.5000000000000004 2.5000000000000004 2.5000000000000004 2.5000000000000004 2.5000000000000004 2.5000000000000004 2.5000000000000004 2.5000000000000004 2.5000000000000004 2.5000000000000004 2.5000000000000004 2.5000000000000004 2.5000000000000004 2.5000000000000004 2.5000000000000004 2.5000000000000004 2.5000000000000004 2.5000000000000004 2.5000000000000004 2.5000000000000004 
0.041015625 2.5000000000000004 2.5000000000000004 2.5000000000000004 2.5000000000000004 2.5000000000000004 2.5000000000000004 2.5000000000000004 2.5000000000000004 2.5000000000000004 2.5000000000000004 2.5000000000000004 2.5000000000000004 2.5000000000000004 2.5000000000000004 2.5000000000000004 2.5000000000000004 2.5000000000000004 2.5000000000000004 2.5000000000000004 2.5000000000000004 2.5000000000000004 
0.044921875 2.5000000000000004 2.5000000000000004 2.5000000000000004 2.5000000000000004 2.5000000000000004 2.5000000000000004 2.5000000000000004 2.5000000000000004 2.5000000000000004 2.5000000000000004 2.5000000000000004 2.5000000000000004 2.5000000000000004 2.5000000000000004 2.5000000000000004 2.5000000000000004 2.5000000000000004 2.5000000000000004 2.5000000000000004 2.5000000000000004 2.5000000000000004 
0.048828125 2.5000000000000004 2.5000000000000004 2.5000000000000004 2.5000000000000004 2.5000000000000004 2.5000000000000004 2.5000000000000004 2.5000000000000004 2.5000000000000004 2.5000000000000004 2.5000000000000004 2.5000000000000004 2.5000000000000004 2.5000000000000004 2.5000000000000004 2.5000000000000004 2.5000000000000004 2.5000000000000004 2.5000000000000004 2.5000000000000004 2.5000000000000004 
0.052734375 2.5000000000000004 2.5000000000000004 2.5000000000000004 2.5000000000000004 2.5000000000000004 2.5000000000000004 2.5000000000000004 2.5000000000000004 2.5000000000000004 2.5000000000000004 2.5000000000000004 2.5000000000000004 2.5000000000000004 2.5000000000000004 2.5000000000000004 2.5000000000000004 2.5000000000000004 2.5000000000000004 2.5000000000000004 2.5000000000000004 2.5000000000000004 
0.056640625 2.5000000000000004 2.5000000000000004 2.5000000000000004 2.5000000000000004 2.5000000000000004 2.5000000000000004 2.5000000000000004 2.5000000000000004 2.5000000000000004 2.5000000000000004 2.5000000000000004 2.5000000000000004 2.5000000000000004 2.5000000000000004 2.5000000000000004 2.5000000000000004 2.5000000000000004 2.5000000000000004 2.5000000000000004 2.5000000000000004 2.5000000000000004 
0.060546875 2.5000000000000004 2.5000000000000004 2.5000000000000004 2.5000000000000004 2.5000000000000004 2.5000000000000004 2.5000000000000004 2.5000000000000004 2.5000000000000004 2.5000000000000004 2.5000000000000004 2.5000000000000004 2.5000000000000004 2.5000000000000004 2.5000000000000004 2.5000000000000004 2.5000000000000004 2.5000000000000004 2.5000000000000004 2.5000000000000004 2.5000000000000004 
0.064453125 2.5000000000000004 2.5000000000000004 2.5000000000000004 2.5000000000000004 2.5000000000000004 2.5000000000000004 2.5000000000000004 2.5000000000000004 2.5000000000000004 2.5000000000000004 2.5000000000000004 2.5000000000000004 2.5000000000000004 2.5000000000000004 2.5000000000000004 2.5000000000000004 2.5000000000000004 2.5000000000000004 2.5000000000000004 2.5000000000000004 2.5000000000000004 
0.068359375 2.5000000000000004 2.5000000000000004 2.5000000000000004 2.5000000000000004 2.5000000000000004 2.5000000000000004 2.5000000000000004 2.5000000000000004 2.5000000000000004 2.5000000000000004 2.5000000000000004 2.5000000000000004 2.5000000000000004 2.5000000000000004 2.5000000000000004 2.5000000000000004 2.5000000000000004 2.5000000000000004 2.5000000000000004 2.5000000000000004 2.5000000000000004 
0.072265625 2.5000000000000004 2.5000000000000004 2.5000000000000004 2.5000000000000004 2.5000000000000004 2.5000000000000004 2.5000000000000004 2.5000000000000004 2.5000000000000004 2.5000000000000004 2.5000000000000004 2.5000000000000004 2.5000000000000004 2.5000000000000004 2.5000000000000004 2.5000000000000004 2.5000000000000004 2.5000000000000004 2.5000000000000004 2.5000000000000004 2.5000000000000004 
0.076171875 2.5000000000000004 2.5000000000000004 2.5000000000000004 2.5000000000000004 2.5000000000000004 2.5000000000000004 2.5000000000000004 2.5000000000000004 2.5000000000000004 2.5000000000000004 2.5000000000000004 2.5000000000000004 2.5000000000000004 2.5000000000000004 2.5000000000000004 2.5000000000000004 2.5000000000000004 2.5000000000000004 2.5000000000000004 2.5000000000000004 2.5000000000000004 
0.080078125 2.5000000000000004 2.5000000000000004 2.5000000000000004 2.5000000000000004 2.5000000000000004 2.5000000000000004 2.5000000000000004 2.5000000000000004 2.5000000000000004 2.5000000000000004 2.5000000000000004 2.5000000000000004 2.5000000000000004 2.5000000000000004 2.5000000000000004 2.5000000000000004 2.5000000000000004 2.5000000000000004 2.5000000000000004 2.5000000000000004 2.5000000000000004 
0.083984375 2.5000000000000004 2.5000000000000004 2.5000000000000004 2.5000000000000004 2.5000000000000004 2.5000000000000004 2.5000000000000004 2.5000000000000004 2.5000000000000004 2.5000000000000004 2.5000000000000004 2.5000000000000004 2.5000000000000004 2.5000000000000004 2.5000000000000004 2.5000000000000004 2.5000000000000004 2.5000000000000004 2.5000000000000004 2.5000000000000004 2.5000000000000004 
0.087890625 2.5000000000000004 2.5000000000000004 2.5000000000000004 2.5000000000000004 2.5000000000000004 2.5000000000000004 2.5000000000000004 2.5000000000000004 2.5000000000000004 2.5000000000000004 2.5000000000000004 2.5000000000000004 2.5000000000000004 2.5000000000000004 2.5000000000000004 2.5000000000000004 2.5000000000000004 2.5000000000000004 2.5000000000000004 2.5000000000000004 2.5000000000000004 
0.091796875 2.5000000000000004 2.5000000000000004 2.5000000000000004 2.5000000000000004 2.5000000000000004 2.5000000000000004 2.5000000000000004 2.5000000000000004 2.5000000000000004 2.5000000000000004 2.5000000000000004 2.5000000000000004 2.5000000000000004 2.5000000000000004 2.5000000000000004 2.5000000000000004 2.5000000000000004 2.5000000000000004 2.5000000000000004 2.5000000000000004 2.5000000000000004 
0.095703125 2.5000000000000004 2.5000000000000004 2.5000000000000004 2.5000000000000004 2.5000000000000004 2.5000000000000004 2.5000000000000004 2.5000000000000004 2.5000000000000004 2.5000000000000004 2.5000000000000004 2.5000000000000004 2.5000000000000004 2.5000000000000004 2.5000000000000004 2.5000000000000004 2.5000000000000004 2.5000000000000004 2.5000000000000004 2.5000000000000004 2.5000000000000093 
0.099609375 2.5000000000000004 2.5000000000000004 2.5000000000000004 2.5000000000000004 2.5000000000000004 2.5000000000000004 2.5000000000000004 2.5000000000000004 2.5000000000000004 2.5000000000000004 2.5000000000000004 2.5000000000000004 2.5000000000000004 2.5000000000000004 2.5000000000000004 2.5000000000000004 2.5000000000000004 2.5000000000000004 2.5000000000000004 2.5000000000000004 2.5000000000000684 
0.103515625 2.5000000000000004 2.5000000000000004 2.5000000000000004 2.5000000000000004 2.5000000000000004 2.5000000000000004 2.5000000000000004 2.5000000000000004 2.5000000000000004 2.5000000000000004 2.5000000000000004 2.5000000000000004 2.5000000000000004 2.5000000000000004 2.5000000000000004 2.5000000000000004 2.5000000000000004 2.5000000000000004 2.5000000000000004 2.5000000000000004 2.500000000000042 
0.107421875 2.5000000000000004 2.5000000000000004 2.5000000000000004 2.5000000000000004 2.5000000000000004 2.5000000000000004 2.5000000000000004 2.5000000000000004 2.5000000000000004 2.5000000000000004 2.5000000000000004 2.5000000000000004 2.5000000000000004 2.5000000000000004 2.5000000000000004 2.5000000000000004 2.5000000000000004 2.5000000000000004 2.5000000000000004 2.5000000000000013 2.499999999999657 
0.111328125 2.5000000000000004 2.5000000000000004 2.5000000000000004 2.5000000000000004 2.5000000000000004 2.5000000000000004 2.5000000000000004 2.5000000000000004 2.5000000000000004 2.5000000000000004 2.5000000000000004 2.5000000000000004 2.5000000000000004 2.5000000000000004 2.5000000000000004 2.5000000000000004 2.5000000000000004 2.5000000000000004 2.5000000000000004 2.50000000000004 2.4999999999991473 
0.115234375 2.5000000000000004 2.5000000000000004 2.5000000000000004 2.5000000000000004 2.5000000000000004 2.5000000000000004 2.5000000000000004 2.5000000000000004 2.5000000000000004 2.5000000000000004 2.5000000000000004 2.5000000000000004 2.5000000000000004 2.5000000000000004 2.5000000000000004 2.5000000000000004 2.5000000000000004 2.5000000000000004 2.5000000000000004 2.5000000000000657 2.499999999999929 
0.119140625 2.5000000000000004 2.5000000000000004 2.5000000000000004 2.5000000000000004 2.5000000000000004 2.5000000000000004 2.5000000000000004 2.5000000000000004 2.5000000000000004 2.5000000000000004 2.5000000000000004 2.5000000000000004 2.5000000000000004 2.5000000000000004 2.5000000000000004 2.5000000000000004 2.5000000000000004 2.5000000000000004 2.5000000000000004 2.499999999999833 2.500000000002967 
0.123046875 2.5000000000000004 2.5000000000000004 2.5000000000000004 2.5000000000000004 2.5000000000000004 2.5000000000000004 2.5000000000000004 2.5000000000000004 2.5000000000000004 2.5000000000000004 2.5000000000000004 2.5000000000000004 2.5000000000000004 2.5000000000000004 2.5000000000000004 2.5000000000000004 2.5000000000000004 2.5000000000000004 2.500000000000017 2.4999999999993157 2.500000000004035 
0.126953125 2.5000000000000004 2.5000000000000004 2.5000000000000004 2.5000000000000004 2.5000000000000004 2.5000000000000004 2.5000000000000004 2.5000000000000004 2.5000000000000004 2.5000000000000004 2.5000000000000004 2.5000000000000004 2.5000000000000004 2.5000000000000004 2.5000000000000004 2.5000000000000004 2.5000000000000004 2.5000000000000004 2.500000000000059 2.4999999999994946 2.499999999993678 
0.130859375 2.5000000000000004 2.5000000000000004 2.5000000000000004 2.5000000000000004 2.5000000000000004 2.5000000000000004 2.5000000000000004 2.5000000000000004 2.5000000000000004 2.5000000000000004 2.5000000000000004 2.5000000000000004 2.5000000000000004 2.5000000000000004 2.5000000000000004 2.5000000000000004 2.5000000000000004 2.5000000000000004 2.4999999999999503 2.5000000000017737 2.4999999999750395 
0.134765625 2.5000000000000004 2.5000000000000004 2.5000000000000004 2.5000000000000004 2.5000000000000004 2.5000000000000004 2.5000000000000004 2.5000000000000004 2.5000000000000004 2.5000000000000004 2.5000000000000004 2.5000000000000004 2.5000000000000004 2.5000000000000004 2.5000000000000004 2.5000000000000004 2.5000000000000004 2.5000000000000013 2.499999999999525 2.5000000000041163 2.499999999988244 
0.138671875 2.5000000000000004 2.5000000000000004 2.5000000000000004 2.5000000000000004 2.5000000000000004 2.5000000000000004 2.5000000000000004 2.5000000000000004 2.5000000000000004 2.5000000000000004 2.5000000000000004 2.5000000000000004 2.5000000000000004 2.5000000000000004 2.5000000000000004 2.5000000000000004 2.5000000000000004 2.500000000000034 2.4999999999993263 2.4999999999982445 2.5000000000776255 
0.142578125 2.5000000000000004 2.5000000000000004 2.5000000000000004 2.5000000000000004 2.5000000000000004 2.5000000000000004 2.5000000000000004 2.5000000000000004 2.5000000000000004 2.5000000000000004 2.5000000000000004 2.5000000000000004 2.5000000000000004 2.5000000000000004 2.5000000000000004 2.5000000000000004 2.5000000000000004 2.5000000000000067 2.5000000000007625 2.4999999999809384 2.500000000157535 
0.146484375 2.5000000000000004 2.5000000000000004 2.5000000000000004 2.5000000000000004 2.5000000000000004 2.5000000000000004 2.5000000000000004 2.5000000000000004 2.5000000000000004 2.5000000000000004 2.5000000000000004 2.5000000000000004 2.5000000000000004 2.5000000000000004 2.5000000000000004 2.5000000000000004 2.5000000000000004 2.49999999999972 2.5000000000034692 2.4999999999797606 2.499999999943822 
0.150390625 2.5000000000000004 2.5000000000000004 2.5000000000000004 2.5000000000000004 2.5000000000000004 2.5000000000000004 2.5000000000000004 2.5000000000000004 2.5000000000000004 2.5000000000000004 2.5000000000000004 2.5000000000000004 2.5000000000000004 2.5000000000000004 2.5000000000000004 2.5000000000000004 2.500000000000009 2.499999999999358 2.5000000000012466 2.5000000000448623 2.49999999933565 
0.154296875 2.5000000000000004 2.5000000000000004 2.5000000000000004 2.5000000000000004 2.5000000000000004 2.5000000000000004 2.5000000000000004 2.5000000000000004 2.5000000000000004 2.5000000000000004 2.5000000000000004 2.5000000000000004 2.5000000000000004 2.5000000000000004 2.5000000000000004 2.5000000000000004 2.500000000000021 2.5000000000000426 2.499999999987357 2.5000000001419402 2.4999999991984176 
0.158203125 2.5000000000000004 2.5000000000000004 2.5000000000000004 2.5000000000000004 2.5000000000000004 2.5000000000000004 2.5000000000000004 2.5000000000000004 2.5000000000000004 2.5000000000000004 2.5000000000000004 2.5000000000000004 2.5000000000000004 2.5000000000000004 2.5000000000000004 2.5000000000000004 2.4999999999998685 2.5000000000024545 2.499999999977254 2.5000000000360525 2.5000000011617636 
0.162109375 2.5000000000000004 2.5000000000000004 2.5000000000000004 2.5000000000000004 2.5000000000000004 2.5000000000000004 2.5000000000000004 2.5000000000000004 2.5000000000000004 2.5000000000000004 2.5000000000000004 2.5000000000000004 2.5000000000000004 2.5000000000000004 2.5000000000000004 2.5000000000000013 2.499999999999503 2.5000000000027573 2.5000000000180393 2.499999999520116 2.50000000464844 
0.166015625 2.5000000000000004 2.5000000000000004 2.5000000000000004 2.5000000000000004 2.5000000000000004 2.5000000000000004 2.5000000000000004 2.5000000000000004 2.5000000000000004 2.5000000000000004 2.5000000000000004 2.5000000000000004 2.5000000000000004 2.5000000000000004 2.5000000000000004 2.5000000000000067 2.4999999999996407 2.4999999999932205 2.5000000001143468 2.499999999150669 2.5000000032081537 
0.169921875 2.5000000000000004 2.5000000000000004 2.5000000000000004 2.5000000000000004 2.5000000000000004 2.5000000000000004 2.5000000000000004 2.5000000000000004 2.5000000000000004 2.5000000000000004 2.5000000000000004 2.5000000000000004 2.5000000000000004 2.5000000000000004 2.5000000000000004 2.4999999999999574 2.500000000001391 2.4999999999792464 2.500000000093277 2.500000000477465 2.4999999889706186 
0.173828125 2.5000000000000004 2.5000000000000004 2.5000000000000004 2.5000000000000004 2.5000000000000004 2.5000000000000004 2.5000000000000004 2.5000000000000004 2.5000000000000004 2.5000000000000004 2.5000000000000004 2.5000000000000004 2.5000000000000004 2.5000000000000004 2.5000000000000004 2.499999999999684 2.5000000000030473 2.49999999999882 2.4999999996966427 2.5000000038040975 2.4999999712923007 
0.177734375 2.5000000000000004 2.5000000000000004 2.5000000000000004 2.5000000000000004 2.5000000000000004 2.5000000000000004 2.5000000000000004 2.5000000000000004 2.5000000000000004 2.5000000000000004 2.5000000000000004 2.5000000000000004 2.5000000000000004 2.5000000000000004 2.5000000000000013 2.49999999999951 2.499999999997779 2.500000000081271 2.4999999992020507 2.5000000041717203 2.4999999905534804 
0.181640625 2.5000000000000004 2.5000000000000004 2.5000000000000004 2.5000000000000004 2.5000000000000004 2.5000000000000004 2.5000000000000004 2.5000000000000004 2.5000000000000004 2.5000000000000004 2.5000000000000004 2.5000000000000004 2.5000000000000004 2.5000000000000004 2.499999999999994 2.5000000000005103 2.499999999983988 2.5000000001182747 2.499999999950443 2.499999993094261 2.500000080122885 
0.185546875 2.5000000000000004 2.5000000000000004 2.5000000000000004 2.5000000000000004 2.5000000000000004 2.5000000000000004 2.5000000000000004 2.5000000000000004 2.5000000000000004 2.5000000000000004 2.5000000000000004 2.5000000000000004 2.5000000000000004 2.5000000000000004 2.499999999999839 2.50000000000252 2.4999999999875637 2.4999999998492717 2.500000002872947 2.4999999745062005 2.50000016476252 
0.189453125 2.5000000000000004 2.5000000000000004 2.5000000000000004 2.5000000000000004 2.5000000000000004 2.5000000000000004 2.5000000000000004 2.5000000000000004 2.5000000000000004 2.5000000000000004 2.5000000000000004 2.5000000000000004 2.5000000000000004 2.5000000000000013 2.4999999999995652 2.5000000000006883 2.500000000048657 2.499999999325281 2.5000000045520063 2.499999982800564 2.5000000186690308 
0.193359375 2.5000000000000004 2.5000000000000004 2.5000000000000004 2.5000000000000004 2.5000000000000004 2.5000000000000004 2.5000000000000004 2.5000000000000004 2.5000000000000004 2.5000000000000004 2.5000000000000004 2.5000000000000004 2.5000000000000004 2.5000000000000013 2.499999999999942 2.4999999999897273 2.5000000001168803 2.4999999995930375 2.499999996670463 2.5000000584950266 2.499999504231194 
0.197265625 2.5000000000000004 2.5000000000000004 2.5000000000000004 2.5000000000000004 2.5000000000000004 2.5000000000000004 2.5000000000000004 2.5000000000000004 2.5000000000000004 2.5000000000000004 2.5000000000000004 2.5000000000000004 2.5000000000000004 2.4999999999999427 2.5000000000016267 2.499999999983423 2.4999999999668514 2.5000000019457675 2.499999978617882 2.500000153990696 2.499999075120635 
0.201171875 2.5000000000000004 2.5000000000000004 2.5000000000000004 2.5000000000000004 2.5000000000000004 2.5000000000000004 2.5000000000000004 2.5000000000000004 2.5000000000000004 2.5000000000000004 2.5000000000000004 2.5000000000000004 2.5000000000000004 2.4999999999997113 2.500000000002004 2.5000000000211915 2.499999999489888 2.500000004425989 2.4999999778086552 2.500000064369525 2.4999998965118597 
0.205078125 2.5000000000000004 2.5000000000000004 2.5000000000000004 2.5000000000000004 2.5000000000000004 2.5000000000000004 2.5000000000000004 2.5000000000000004 2.5000000000000004 2.5000000000000004 2.5000000000000004 2.5000000000000004 2.5000000000000013 2.4999999999996887 2.4999999999949982 2.5000000000971205 2.499999999401477 2.4999999995528146 2.5000000382939414 2.4999996076621085 2.500002619360968 
0.208984375 2.5000000000000004 2.5000000000000004 2.5000000000000004 2.5000000000000004 2.5000000000000004 2.5000000000000004 2.5000000000000004 2.5000000000000004 2.5000000000000004 2.5000000000000004 2.5000000000000004 2.5000000000000004 2.499999999999991 2.500000000000747 2.4999999999846154 2.50000000004409 2.500000001104397 2.499999983250064 2.5000001379475325 2.49999911543934 2.500005025727387 
0.212890625 2.5000000000000004 2.5000000000000004 2.5000000000000004 2.5000000000000004 2.5000000000000004 2.5000000000000004 2.5000000000000004 2.5000000000000004 2.5000000000000004 2.5000000000000004 2.5000000000000004 2.5000000000000004 2.499999999999853 2.5000000000020908 2.5000000000017497 2.4999999996654507 2.5000000039017265 2.4999999754845437 2.500000098973102 2.4999996836458918 2.5000013833753862 
0.216796875 2.5000000000000004 2.5000000000000004 2.5000000000000004 2.5000000000000004 2.5000000000000004 2.5000000000000004 2.5000000000000004 2.5000000000000004 2.5000000000000004 2.5000000000000004 2.5000000000000004 2.500000000000001 2.4999999999996727 2.499999999998846 2.500000000067973 2.499999999356218 2.5000000016495596 2.500000020326525 2.499999708481747 2.5000021661318317 2.4999874578386714 
0.220703125 2.5000000000000004 2.5000000000000004 2.5000000000000004 2.5000000000000004 2.5000000000000004 2.5000000000000004 2.5000000000000004 2.5000000000000004 2.5000000000000004 2.5000000000000004 2.5000000000000004 2.500000000000001 2.500000000000118 2.4999999999888516 2.500000000081901 2.500000000414286 2.4999999880087653 2.500000117837527 2.49999917877826 2.500004825993115 2.499970521726903 
0.224609375 2.5000000000000004 2.5000000000000004 2.5000000000000004 2.5000000000000004 2.5000000000000004 2.5000000000000004 2.5000000000000004 2.5000000000000004 2.5000000000000004 2.5000000000000004 2.5000000000000004 2.499999999999952 2.5000000000014873 2.499999999991127 2.4999999998251 2.5000000031108596 2.49999997559114 2.50000012209311 2.499999509528571 2.50000219693173 2.4999738946017382 
0.228515625 2.5000000000000004 2.5000000000000004 2.5000000000000004 2.5000000000000004 2.5000000000000004 2.5000000000000004 2.5000000000000004 2.5000000000000004 2.5000000000000004 2.5000000000000004 2.5000000000000004 2.499999999999777 2.500000000000928 2.500000000037909 2.499999999424125 2.500000002934177 2.500000005288418 2.4999998035505446 2.500001715970246 2.499989377088135 2.500020180832851 
0.232421875 2.5000000000000004 2.5000000000000004 2.5000000000000004 2.5000000000000004 2.5000000000000004 2.5000000000000004 2.5000000000000004 2.5000000000000004 2.5000000000000004 2.5000000000000004 2.5000000000000013 2.499999999999814 2.4999999999938756 2.5000000000868914 2.499999999917583 2.4999999925093666 2.5000000950644274 2.499999262189998 2.5000045459194324 2.4999720681640674 2.5000891887570664 
0.236328125 2.5000000000000004 2.5000000000000004 2.5000000000000004 2.5000000000000004 2.5000000000000004 2.5000000000000004 2.5000000000000004 2.5000000000000004 2.5000000000000004 2.5000000000000004 2.4999999999999956 2.5000000000007105 2.49999999998817 2.4999999999489972 2.5000000021973117 2.499999977746758 2.5000001337792344 2.4999993771246682 2.5000028882565504 2.4999726364715227 2.500072100548318 
0.240234375 2.5000000000000004 2.5000000000000004 2.5000000000000004 2.5000000000000004 2.5000000000000004 2.5000000000000004 2.5000000000000004 2.5000000000000004 2.5000000000000004 2.5000000000000004 2.499999999999897 2.500000000001486 2.500000000013482 2.4999999995628084 2.500000003451984 2.4999999937080077 2.4999998897595708 2.5000012782457772 2.499991279147427 2.5000154967497683 2.499739422925393 
0.244140625 2.5000000000000004 2.5000000000000004 2.5000000000000004 2.5000000000000004 2.5000000000000004 2.5000000000000004 2.5000000000000004 2.5000000000000004 2.5000000000000004 2.5000000000000004 2.499999999999776 2.4999999999979754 2.500000000069805 2.499999999627998 2.499999996408178 2.5000000711858967 2.4999993618998486 2.500004190858311 2.499973812802431 2.5000853240583814 2.498678182269547 
0.248046875 2.5000000000000004 2.5000000000000004 2.5000000000000004 2.5000000000000004 2.5000000000000004 2.5000000000000004 2.5000000000000004 2.5000000000000004 2.5000000000000004 2.500000000000001 2.500000000000132 2.499999999990324 2.5000000000269713 2.5000000013022947 2.4999999814368126 2.5000001345921934 2.499999288540609 2.500003446541693 2.4999716655736366 2.5000785532220506 2.4961559557728186 
0.251953125 2.5000000000000004 2.5000000000000004 2.5000000000000004 2.5000000000000004 2.5000000000000004 2.5000000000000004 2.5000000000000004 2.5000000000000004 2.5000000000000004 2.499999999999975 2.500000000001113 2.49999999999822 2.499999999726921 2.500000003320166 2.4999999858875968 2.4999999641779795 2.500000863021385 2.4999931426111703 2.500010832645323 2.4997690937913797 2.490816792859967 
0.255859375 2.5000000000000004 2.5000000000000004 2.5000000000000004 2.5000000000000004 2.5000000000000004 2.5000000000000004 2.5000000000000004 2.5000000000000004 2.5000000000000004 2.4999999999998574 2.500000000000309 2.5000000000430993 2.499999999528928 2.499999999437729 2.5000000478415116 2.4999994732807407 2.5000037683040826 2.499975749876741 2.500080958714408 2.4987447252645927 2.4802267263477042 
0.259765625 2.5000000000000004 2.5000000000000004 2.5000000000000004 2.5000000000000004 2.5000000000000004 2.5000000000000004 2.5000000000000004 2.5000000000000004 2.500000000000001 2.4999999999998757 2.499999999994541 2.500000000059703 2.5000000005466796 2.4999999860420927 2.500000125666962 2.4999992447380137 2.5000038617432985 2.4999710093520067 2.500084163624109 2.4962698470496525 2.4619844975571397 
0.263671875 2.5000000000000004 2.5000000000000004 2.5000000000000004 2.5000000000000004 2.5000000000000004 2.5000000000000004 2.5000000000000004 2.5000000000000004 2.500000000000001 2.5000000000004787 2.4999999999922693 2.4999999998758486 2.5000000027184863 2.4999999818475094 2.50000002424422 2.500000480887609 2.499994943298593 2.5000062257162035 2.4997981937587226 2.4909788125893453 2.4360525111406375 
0.267578125 2.5000000000000004 2.5000000000000004 2.5000000000000004 2.5000000000000004 2.5000000000000004 2.5000000000000004 2.5000000000000004 2.5000000000000004 2.499999999999951 2.5000000000009734 2.5000000000179075 2.4999999995763185 2.500000001442027 2.5000000266484266 2.4999995908757717 2.5000032882623793 2.4999778701024455 2.500076091961349 2.4988118720493295 2.48035881711687 2.4041838698764613 
0.271484375 2.5000000000000004 2.5000000000000004 2.5000000000000004 2.5000000000000004 2.5000000000000004 2.5000000000000004 2.5000000000000004 2.5000000000000004 2.4999999999998646 2.4999999999982694 2.5000000000575553 2.5000000000130336 2.4999999908877486 2.5000001087502444 2.499999245195808 2.5000041251034477 2.4999706964215993 2.500088880500337 2.496386067439535 2.4617173617248 2.3684743378774757 
0.275390625 2.5000000000000004 2.5000000000000004 2.5000000000000004 2.5000000000000004 2.5000000000000004 2.5000000000000004 2.5000000000000004 2.500000000000001 2.5000000000000417 2.4999999999929763 2.4999999999814064 2.5000000018683024 2.4999999812829334 2.500000068004779 2.5000001426843657 2.499996654004067 2.50000171886016 2.4998266657592274 2.4911437720821388 2.4348332448402035 2.330632221770086 
0.279296875 2.5000000000000004 2.5000000000000004 2.5000000000000004 2.5000000000000004 2.5000000000000004 2.5000000000000004 2.5000000000000004 2.4999999999999964 2.500000000000664 2.500000000001361 2.4999999997074642 2.500000002405481 2.5000000090612864 2.499999708496768 2.500002763647821 2.4999801597240654 2.5000707254283223 2.4988796841206264 2.4804963081464786 2.4015421134179062 2.2917995067738404 
0.283203125 2.5000000000000004 2.5000000000000004 2.5000000000000004 2.5000000000000004 2.5000000000000004 2.5000000000000004 2.5000000000000004 2.49999999999994 2.5000000000002385 2.5000000000368856 2.4999999997311377 2.499999995315123 2.500000086191165 2.499999287526311 2.5000042298747562 2.4999707563849554 2.500092647375612 2.4965050265844 2.4614361304231505 2.3641141137104444 2.252655026763267 
0.287109375 2.5000000000000004 2.5000000000000004 2.5000000000000004 2.5000000000000004 2.5000000000000004 2.5000000000000004 2.5000000000000004 2.4999999999999076 2.4999999999964007 2.5000000000333884 2.5000000009990107 2.4999999835480415 2.5000000943981435 2.4999998590617913 2.4999982442974202 2.4999973619279343 2.4998544457201084 2.491312336093155 2.4335166721972206 2.3244132335793743 2.213585814515207 
0.291015625 2.5000000000000004 2.5000000000000004 2.5000000000000004 2.5000000000000004 2.5000000000000004 2.5000000000000004 2.5000000000000004 2.5000000000001865 2.4999999999950635 2.4999999998556026 2.5000000024662086 2.499999996197925 2.49999981943801 2.5000022106818522 2.499982599259311 2.5000648639160916 2.4989482283140165 2.480639626849016 2.398658713794621 2.2836841911303947 2.1748176663887846 
0.294921875 2.5000000000000004 2.5000000000000004 2.5000000000000004 2.5000000000000004 2.5000000000000004 2.5000000000000004 2.4999999999999916 2.5000000000005875 2.5000000000142237 2.4999999996724247 2.4999999987744728 2.500000060855946 2.4999993670653535 2.50000417232117 2.499971219438569 2.500095401114993 2.496627187643686 2.4611397194334312 2.359330610281301 2.242661851071093 2.136488840915638 
0.298828125 2.5000000000000004 2.5000000000000004 2.5000000000000004 2.5000000000000004 2.5000000000000004 2.5000000000000004 2.499999999999944 2.4999999999992704 2.5000000000403237 2.500000000304423 2.4999999876871932 2.5000001035688815 2.4999996398158104 2.499999680448514 2.4999932133589158 2.4998814609772726 2.4914853698999258 2.4320896166362704 2.3175747686392043 2.201760734867794 2.0986870356249554 
0.302734375 2.5000000000000004 2.5000000000000004 2.5000000000000004 2.5000000000000004 2.5000000000000004 2.5000000000000004 2.4999999999999605 2.499999999995826 2.4999999999678364 2.500000001901852 2.499999988643266 2.4999999168566402 2.5000016492313315 2.4999851618418427 2.5000585166223166 2.4990175799884335 2.4807892991285736 2.3954966820768337 2.274753204669175 2.161219816657337 2.061468550541141 
0.306640625 2.5000000000000004 2.5000000000000004 2.5000000000000004 2.5000000000000004 2.5000000000000004 2.5000000000000004 2.500000000000247 2.5000000000002935 2.4999999997590856 2.5000000009279835 2.50000003592978 2.499999476484175 2.5000039530876914 2.4999721156150803 2.500097070027785 2.496753080023661 2.4608269521569994 2.3540561247310716 2.231663998837687 2.1211837437908967 2.0248693015472283 
0.310546875 2.5000000000000004 2.5000000000000004 2.5000000000000004 2.5000000000000004 2.5000000000000004 2.4999999999999942 2.5000000000003246 2.50000000002362 2.499999999897596 2.4999999925360306 2.500000097173092 2.499999492918608 2.5000009256089086 2.4999893423073183 2.4999076277796277 2.4916639911500145 2.430536269115861 2.3100163193157877 2.1887520846723785 2.081743169912491 1.9889116464952343 
0.314453125 2.5000000000000004 2.5000000000000004 2.5000000000000004 2.5000000000000004 2.5000000000000004 2.499999999999961 2.4999999999985945 2.500000000020521 2.500000001076713 2.4999999862629436 2.499999994380384 2.500001102974431 2.4999878110456084 2.5000516990808626 2.4990878272568144 2.4809459983890263 2.3920107813336142 2.2648740948544193 2.146270640074069 2.042955459137321 1.9536087548205234 
0.318359375 2.5000000000000004 2.5000000000000004 2.5000000000000004 2.5000000000000004 2.5000000000000004 2.5000000000000018 2.4999999999967906 2.499999999890994 2.5000000017388984 2.5000000145667975 2.499999605518923 2.5000035790481125 2.4999734734058023 2.5000975714149516 2.4968833174795515 2.4604965597532957 2.348207348596867 2.2194992249139345 2.104370963587104 2.0048565068619624 1.9189674537150645 
0.322265625 2.5000000000000004 2.5000000000000004 2.5000000000000004 2.5000000000000004 2.5000000000000004 2.5000000000002114 2.5000000000058087 2.499999999780335 2.499999996911242 2.500000078595994 2.4999994231562956 2.5000019404820946 2.499985831377936 2.499932847387951 2.4918496367255356 2.4288374684341067 2.3016140455541327 2.1743703830853747 2.0631466027835232 1.9674680256648092 1.8849901127756385 
0.326171875 2.5000000000000004 2.5000000000000004 2.5000000000000004 2.5000000000000004 2.4999999999999987 2.500000000000071 2.500000000023818 2.5000000003467693 2.4999999880880894 2.500000046999997 2.500000599188257 2.4999904980635 2.500044436245637 2.499159076414403 2.4811106229767277 2.3881450342528256 2.253883779884084 2.129756041001861 2.0226557758569763 1.9308021801012425 1.8516759098346889 
0.330078125 2.5000000000000004 2.5000000000000004 2.5000000000000004 2.5000000000000004 2.4999999999999836 2.499999999998526 2.499999999986075 2.500000001504711 2.4999999993636495 2.4999997409944124 2.500003065737872 2.499975317338157 2.5000968084654493 2.4970186240472585 2.4601471884191524 2.341680530250857 2.205968092077723 2.085814366983824 1.9829340838309177 1.8948645830530013 1.8190216883279815 
0.333984375 2.5000000000000004 2.5000000000000004 2.5000000000000004 2.5000000000000004 2.500000000000008 2.4999999999984563 2.499999999849717 2.499999999886169 2.5000000529399293 2.499999430306205 2.5000026848800876 2.499982780078386 2.499956999991653 2.4920441511343205 2.426969724155079 2.2922135251516647 2.1583831906457105 2.04264166449656 1.9440022972312996 1.8596562610164256 1.787022538947387 
0.337890625 2.5000000000000004 2.5000000000000004 2.5000000000000004 2.5000000000000004 2.500000000000129 2.5000000000084865 2.499999999940297 2.499999992371327 2.5000000722634277 2.5000001678001866 2.499993158139989 2.5000367674207835 2.4992314586275683 2.481284419336898 2.383829252800096 2.2415790971826923 2.1114139811489 2.000296713240414 1.905871272354861 1.8251749572785845 1.7556721928677947 
0.341796875 2.5000000000000004 2.5000000000000004 2.5000000000000004 2.5000000000000004 2.499999999999968 2.5000000000158193 2.500000000779738 2.499999991686696 2.4999998674423325 2.5000024404217664 2.4999776637968893 2.5000946664507513 2.497159871549717 2.459777419832924 2.334344701063076 2.190822617312615 2.0652256480621958 1.958814465853169 1.8685450992224366 1.7914159994725165 1.7249632866925886 
0.345703125 2.5000000000000004 2.5000000000000004 2.5000000000000004 2.4999999999999987 2.4999999999989293 2.4999999999577533 2.500000001095092 2.5000000265615925 2.4999995068815237 2.500003120839961 2.4999803090150627 2.499979935201932 2.492249907134505 2.424903865173266 2.281619605224164 2.1405021598971268 2.0199170092866727 1.91821437702046 1.8320231399848355 1.7583728755128891 1.694887542571692 
0.349609375 2.5000000000000004 2.5000000000000004 2.5000000000000004 2.5000000000000036 2.499999999999599 2.499999999868476 2.4999999969400633 2.500000071662695 2.499999839108489 2.4999957062868052 2.500028754203233 2.4993051377067035 2.4814691796179336 2.3789741048835866 2.2277036064017497 2.0909202292202056 1.975547007042755 1.8785056127482667 1.7963013570166126 1.72603761416878 1.6654358962048894 
0.353515625 2.5000000000000004 2.5000000000000004 2.5000000000000004 2.500000000000054 2.500000000007415 2.5000000001506244 2.499999991013475 2.4999999687757297 2.500001745643844 2.499980513896409 2.5000910083140155 2.497308134481666 2.4593858158325173 2.326031989881868 2.1737504732966024 2.042249060547878 1.9321494897992608 1.839690343230807 1.7613731770669991 1.6944010380948575 1.6365985979992612 
0.357421875 2.5000000000000004 2.5000000000000004 2.5000000000000004 2.4999999999999907 2.500000000006739 2.500000000913915 2.500000005881359 2.4999996357438583 2.5000032184140264 2.4999785646008457 2.5000014570864386 2.492469976819157 2.4226031306368347 2.2695818996039567 2.120365087542821 1.9945896060247563 1.8897421217690316 1.8017658374888204 1.7272300502897013 1.663452939616375 1.608365306463088 
0.361328125 2.5000000000000004 2.5000000000000004 2.5000000000000004 2.499999999999476 2.499999999951843 2.499999999925589 2.500000051804404 2.4999996392544923 2.499998032705382 2.5000204934086563 2.4993803182033707 2.4816675626450673 2.3734639341498385 2.2119287860150054 2.067868698178999 1.9480004351837172 1.8483318854293669 1.7647257956613616 1.693861813254109 1.633182217262851 1.580725187780843 
0.365234375 2.5000000000000004 2.5000000000000004 2.5000000000000004 2.499999999999818 2.4999999999235323 2.499999994688542 2.50000003160464 2.5000010425528574 2.499983841412555 2.5000856701623473 2.497464771355541 2.458971008473727 2.316523442012632 2.1543525663064815 2.016440460946667 1.9025137049375118 1.807918498004648 1.7285611913554808 1.6612569345529078 1.6035770020120135 1.5536670292330412 
0.369140625 2.5000000000000004 2.5000000000000004 2.500000000000002 2.5000000000041753 2.500000000272548 2.4999999952982233 2.499999788538183 2.5000029658876377 2.4999777233254155 2.5000213003189597 2.4927083851842076 2.4200204071751923 2.2557735740027054 2.09751055659224 1.9661828994604675 1.8581446741127527 1.7684965304406 1.6932608046199473 1.6294027022508588 1.5746247930671264 1.5271793697467249 
0.373046875 2.5000000000000004 2.5000000000000004 2.5000000000000058 2.500000000002635 2.5000000006933836 2.5000000243757303 2.4999995822425154 2.4999999993935105 2.500012138360852 2.499457251656317 2.481883623995329 2.367146024251758 2.1938266209452766 2.0417438106295562 1.917153500987906 1.8148974760486751 1.7300567143859438 1.6588115718839627 1.5982853972001374 1.546312614543534 1.5012506436548325 
0.376953125 2.5000000000000004 2.5000000000000004 2.499999999999888 2.4999999999671956 2.499999998762865 2.5000000505596196 2.5000004119448547 2.499987572523164 2.500078458265568 2.4976315467775176 2.4585318774127938 2.305527685049125 2.132110494827856 1.9872380397086093 1.8693819651674728 1.7727686120744863 1.6925867439400364 1.6251988488130384 1.5678904812353773 1.5186271963255586 1.475869331902435 
0.380859375 2.5000000000000004 2.5000000000000004 2.4999999999997917 2.4999999999661484 2.499999994671992 2.499999927252597 2.50000238686902 2.4999779927548076 2.5000390915184756 2.492970504093251 2.417094118448844 2.239759471724816 2.0713413278583257 1.9340965435306694 1.822880313252309 1.7317490448682418 1.6560717886498777 1.5924066504857748 1.5382028187404864 1.4915551710411326 1.4510241096518475 
0.384765625 2.5000000000000004 2.5000000000000004 2.5000000000010356 2.5000000002371117 2.5000000031480316 2.499999657639786 2.500001442062586 2.500003934359791 2.4995362353454844 2.4821237105439824 2.3598140368573386 2.172828581153305 2.0118808545183113 1.8823747855529978 1.777648866594015 1.6918254444621192 1.6204948650878912 1.5604179214792628 1.5092069283821095 1.4650832812728545 1.426703981370391 
0.388671875 2.5000000000000004 2.5000000000000004 2.5000000000019287 2.500000000368253 2.5000000345496383 2.4999999479611317 2.4999915524364 2.5000691520630807 2.497810816557948 2.4580679024566976 2.2926478148790985 2.1063381034358355 1.953920662877233 1.8320989775618297 1.7336797269714923 1.652980958131226 1.585837182217788 1.529214848756352 1.4808872629186236 1.4391985697926906 1.4028983985419587 
0.392578125 2.5000000000000004 2.5000000000000004 2.499999999989465 2.499999998457652 2.5000000133377784 2.500001566449526 2.4999796015455074 2.5000542853032672 2.4932636941992428 2.4137419090387566 2.2209467166680295 2.0410701853826927 1.8975637330736486 1.7832766808259073 1.6909587916100601 1.6151957447984922 1.5520785320693526 1.498779228089366 1.4532284848426242 1.4138885627625037 1.3795973529048684 
0.396484375 2.5000000000000004 2.4999999999999853 2.4999999999809526 2.499999996474364 2.4999998160717216 2.500002187851962 2.49999627806284 2.499617589086007 2.482398012420655 2.3511815108081318 2.148162359993629 1.9774077927808316 1.8428622456026833 1.7359028725674404 1.649466919030371 1.5784474972586227 1.5191977426153416 1.4690928555563452 1.4262157291826318 1.3891414010340355 1.3567914628353326 
0.400390625 2.5000000000000004 2.4999999999999742 2.50000000009864 2.500000008480565 2.49999973373924 2.4999954932022668 2.5000575254928092 2.498005810108241 2.4575798894370613 2.2773280701950678 2.0761072175095125 1.915547342224066 1.7898373829452143 1.689963273585835 1.6091807659153274 1.542711984547407 1.4871732335530565 1.440137905453992 1.399834830704091 1.3649459789445695 1.3344720333860942 
0.404296875 2.5000000000000004 2.500000000000205 2.500000000186912 2.5000000295269253 2.500000683287929 2.4999827581356397 2.500066056406468 2.493598399819662 2.40985054691902 2.1985053755508828 2.0056375654422256 1.8555899743987987 1.7384902911593259 1.6454362613815414 1.5700735140848368 1.507963801596778 1.4559835299362096 1.4118973014089449 1.3740724872564085 1.3412920222631888 1.3126311139274174 
0.408203125 2.5000000000000004 2.5000000000001465 2.4999999991437427 2.499999965654883 2.500002113358931 2.4999898151650055 2.499701572028839 2.4827233527492654 2.3408376131909114 2.118750751179823 1.937157671363841 1.7975827873226073 1.6888078033287768 1.6022941333408403 1.5321157651337536 1.474177088622439 1.4256078821649714 1.3843549515364044 1.3489164642794509 1.3181701839399305 1.291261480352424 
0.412109375 2.5000000000000004 2.499999999996787 2.4999999981688634 2.499999782789198 2.499998904371165 2.5000434207629874 2.4982210600230537 2.4570715400222154 2.2587640782047025 2.0401299764253946 1.8708672768054697 1.7415393008250104 1.6407658986403315 1.560504178282373 1.4952766534953357 1.4413264261856922 1.396026602033031 1.3574960818655315 1.3243555938770966 1.2955720633142644 1.2703564425806804 
0.416015625 2.5000000000000004 2.500000000000337 2.500000006712804 2.500000019589948 2.499987525631141 2.5000731157634304 2.4939900989399377 2.405258987806972 2.1712355072739333 1.9635821249005492 1.8068636300842802 1.6874505044936605 1.5943311579132389 1.5200303115967266 1.459524890438035 1.4093875522325603 1.3672216099536671 1.3313072553715217 1.3003800748014416 1.2734899905668307 1.249909452875599 
0.419921875 2.5000000000000004 2.5000000000440648 2.500000017280307 2.500001290567321 2.4999855866674245 2.4997881347622344 2.483128438309554 2.328169302200791 2.083043207135361 1.889533135949927 1.7451852856485595 1.6352900743795058 1.5494634574164086 1.4808342993818144 1.4248303878628643 1.3783378773145398 1.339176543283822 1.3057767364396597 1.276980908927536 1.2519166455631403 1.2299129769101678 
0.423828125 2.5000000000000004 2.4999999999673124 2.499999953281793 2.500001056474703 2.500026972259241 2.4984630394387195 2.4565529360367 2.2357439110672406 1.9965644298118816 1.8181829228021114 1.6858334340681478 1.5850176491679846 1.506117118165533 1.4428784776363814 1.391164456107202 1.3481574118446076 1.3118770831918234 1.2808941310342643 1.2541500115498885 1.2308436231942357 1.2103576649390535 
0.427734375 2.5000000000000004 2.499999999445029 2.499999842452665 2.499993486410602 2.500073405299494 2.4944629247838987 2.3997290635989708 2.137331529375413 1.9128308543995098 1.7496226087073041 1.6287801164480065 1.536582903164506 1.4642450156744706 1.4061263127847643 1.358502220410514 1.3188280514058037 1.2853111314787191 1.2566499157016986 1.2318778039394926 1.210260259218816 1.191230012645109 
0.431640625 2.5000000000000004 2.5000000006672556 2.500000249158755 2.4999851613592496 2.4998762009113564 2.4836643136274126 2.312213354696883 2.038722455014472 1.8322889723741023 1.6838731607853437 1.573977916302662 1.4899263929852244 1.4238006347082686 1.3705454768006529 1.3268206528644464 1.2903358986436826 1.259467290781598 1.2330340832613622 1.2101523037416095 1.1901509889158077 1.1725136248019372 
0.435546875 2.5000000000000004 2.500000006389268 2.5000012403644716 2.500009269779074 2.498741019495065 2.4560495425045428 2.206349847700338 1.942676767798185 1.755138661079288 1.6209131577044118 1.5213582378616222 1.4449915030061262 1.3847403305521226 1.3361075555419581 1.2961027366031352 1.2626667151937847 1.2343351223434096 1.2100315887383455 1.1889551766535624 1.1704955543526865 1.1541874064715623 
0.439453125 2.5000000000000004 2.4999999899425798 2.4999989897759107 2.5000636812279518 2.495056667952601 2.392887393754571 2.093937536297244 1.8503445952560245 1.6814474465559168 1.5606797566528143 1.4708497234104423 1.4017153671873128 1.3470294381216454 1.302788654355211 1.2663321677961157 1.235809929154356 1.2098963463914052 1.1876231054710882 1.1682615335681046 1.1512701263337308 1.1362338659096185 
0.443359375 2.5000000000000004 2.4999999295524424 2.4999902191129184 2.499961533936415 2.4844268879376386 2.2913629121142676 1.982154961479004 1.7621743350198968 1.6112159657616958 1.5030854090437769 1.422371398606956 1.3600575275047917 1.3106326970657751 1.270573769306643 1.2374949171081684 1.209743831658827 1.186128857810626 1.165774076528966 1.1480435966298705 1.1324515798947452 1.1186377360621982 
0.447265625 2.5000000000000004 2.500000109839925 2.4999942775319415 2.4990677363039997 2.4556261657525527 2.1673266366421253 1.8742356247261298 1.6783778497997506 1.5443432784096995 1.448035618169257 1.3758574189443067 1.3199640980085336 1.2755375147839776 1.2394386007380407 1.2095718016742298 1.1844408795228014 1.1629896744776127 1.1444570337365219 1.128272776873691 1.114029378273397 1.1013978940484321 
0.451171875 2.5000000000000004 2.500000678736657 2.50003970521071 2.49584064370999 2.3841034021873306 2.036274387700972 1.7714691516717163 1.5989448512318045 1.480754101319115 1.3954161006412003 1.3312561751556178 1.2814241157972628 1.241708642329669 1.2093754297445765 1.182517262766307 1.1598513973171531 1.1404423950161364 1.1236294755640484 1.108942018315464 1.095996117357507 1.0845211751323303 
0.455078125 2.5000000000000004 2.4999987899887643 2.500030309014709 2.485610851246766 2.2627038861155464 1.9072399395075195 1.6743557168156566 1.5238169296062143 1.4202431119556784 1.345186350908102 1.2885069206880586 1.2443964194497596 1.2091432770434174 1.1803069482950843 1.1562889563754446 1.1359193049965597 1.1184466806747968 1.1033007227943847 1.090045739524404 1.0783812015877492 1.0680196900059185 
0.458984375 2.5000000000000004 2.4999925352095502 2.499456370513331 2.45545658246347 2.1126626452471826 1.7843737078129365 1.5829204351465693 1.4528020182972794 1.3627870568479346 1.2972114971317374 1.2476422455402505 1.2088630357427317 1.1777515011335211 1.1522059905969861 1.1307825174236918 1.1126210705008426 1.0969991288136294 1.0834554589615142 1.0716224782057722 1.0611700698563327 1.05191452555237 
0.462890625 2.5000000000000004 2.500004006778805 2.496938475153635 2.372256671102866 1.955507156570371 1.6687131801277841 1.497256487406879 1.3856710863042392 1.308186439045606 1.2516043110848207 1.2085040041023611 1.1747630275505112 1.147461528081817 1.1249064681230243 1.106027763469235 1.0899238284785144 1.0761381293626722 1.064158140372734 1.0536653802869567 1.0444362037352901 1.0361874339091173 
0.466796875 2.5000000000000004 2.500043629097308 2.487660325229186 2.220040949928365 1.8032002563773997 1.5613547780420567 1.416710289293054 1.3225030878641912 1.2565159811067608 1.2080957284380431 1.171240133050751 1.141891288577244 1.1181479473276328 1.0984862211210613 1.0819287731582967 1.0679576698014714 1.0558513366162248 1.0453999494126816 1.0362230985794514 1.0280758567765205 1.0208830582276516 
0.470703125 2.5000000000000004 2.4998819358792903 2.456118310983968 2.03021935445234 1.6607510703611488 1.4611778215938132 1.341752821538899 1.262733056171504 1.2076853502334397 1.1669115065124873 1.1352320362853263 1.1102750362895055 1.0897496309634291 1.0728765357356433 1.0587514032119307 1.0465892954509384 1.0363004600220733 1.027191927546918 1.0192581816020478 1.0122444573642955 1.0059137686176938 
0.474609375 2.5000000000000004 2.498524571565728 2.354819673441698 1.8328427178205622 1.5301616802606568 1.3687617665499368 1.2711004517675224 1.2073461168680053 1.1614901666374722 1.1274136567344872 1.101037636753359 1.0795655082202045 1.0625939923362673 1.048264169882178 1.0362595095668161 1.0261834782016046 1.017170872298619 1.0096031722190457 1.0027632471101806 0.9967518879115295 0.9914482868553794 
0.478515625 2.5000000000000004 2.4917766276386186 2.1484949485907685 1.6486420287323453 1.410309335651889 1.283842818754889 1.2068925365563494 1.1544386802579114 1.118025260835809 1.089635333348829 1.0676149889060524 1.0508109774500405 1.0362232370205915 1.0247513623246756 1.0148099032997546 1.00617194295745 0.9991379478850227 0.9924597925286984 0.9869685931324123 0.9819089121132478 0.9774284917318857 
0.482421875 2.5000000000000004 2.460178961549784 1.888521877693436 1.4813831186201982 1.3036785888415792 1.2054124471451009 1.1461574019473189 1.1067009356328241 1.0756161900122874 1.0541077251160353 1.036986549973558 1.0225613427460676 1.0119744433869189 1.001997547926889 0.9941386933727409 0.9874324311871 0.9811670062729156 0.9764739447161811 0.9716347457567825 0.9678707371692975 0.9643470618575158 
0.486328125 2.5000000000000004 2.325423531911387 1.6270940195354564 1.3341717185940958 1.2013440203047039 1.1359721808732743 1.09043653443629 1.0581211251798577 1.0381874856710844 1.020014585698375 1.006987537903286 0.9972230921778369 0.9874173401210442 0.9812136181508818 0.9747357069407848 0.9695998615266574 0.9656118789443091 0.9613138785233744 0.9587122156738104 0.9555014949984046 0.9532307238114757 
0.490234375 2.5000000000000004 1.999212343222025 1.3869266700197953 1.2029266907982414 1.125013688621188 1.0675410657363495 1.0378423509164767 1.0176242750759366 0.999736080077684 0.9901712634486732 0.9801053655282287 0.9723631784216679 0.9676695081944217 0.9613829823726628 0.958290694691843 0.9547898198551514 0.9514997936913232 0.9501605112222501 0.9470254430775155 0.9468498013782329 0.9451200961476449 
0.494140625 2.5000000000000004 1.5685935102812334 1.217859935978217 1.091150617024676 1.0343379630069398 1.012694733153687 0.9903247033615061 0.9773258657694606 0.9711695183436213 0.9607026108198976 0.9577355351224903 0.9538339959770987 0.9491076025870849 0.949180682950211 0.9456348871177812 0.9458286596092224 0.9445121475545731 0.9432608278633197 0.9433774425231654 0.9421177128248829 0.9423224063347165 
0.498046875 2.5000000000000004 1.211118625804142 1.0330981736007616 0.9906467611928198 0.9761018123777082 0.959140501921925 0.9585655386395315 0.9536703061267754 0.9468051611976548 0.948425966847866 0.9445370051334137 0.9441275145916384 0.9430697840669328 0.9419518324602735 0.9426630636372083 0.9408623600947145 0.9412000608216706 0.940975635821619 0.9414265049631507 0.9409080486402022 0.9411370173393051 
0.501953125 0.25000000000000006 0.9186897861649249 0.9492043661737549 0.9490614431892389 0.9452238632596711 0.9460255566816105 0.9396823930193433 0.9411695632223537 0.9407104168789009 0.940969422877266 0.9405898619062765 0.9401922915792619 0.94099735136468 0.9407302706154441 0.9413342626437469 0.9405784947947434 0.94141998244748 0.9409518063462997 0.9412567112805352 0.9407377380560445 0.9409474836562665 
0.505859375 0.25000000000000006 0.9481861617464717 0.9363231481202978 0.9404866273978696 0.9391429170121964 0.9408278097960064 0.9397359209212812 0.9410317246663963 0.9412145914440881 0.9407166193404002 0.9408876151888519 0.9409036101860875 0.9422030578810108 0.9408955478659685 0.9414290165968159 0.9407396754894247 0.941313003704554 0.9409026792576 0.9406303998828626 0.940522272562022 0.940332677952501 
0.509765625 0.25000000000000006 0.9604961724660525 0.9444422453888581 0.9470107447122822 0.9405026266332613 0.9443115955888893 0.941634887388072 0.9413250061159251 0.9424850848185524 0.9406096567637597 0.9416403131686005 0.9409209536868646 0.9415935775054781 0.9403435527602667 0.9403031106073306 0.9404705008880174 0.9399532753931588 0.940089056168647 0.9394576125572307 0.9398546950578663 0.939388259672347 
0.513671875 0.25000000000000006 0.8543633646891906 0.9211289134318035 0.9421365604134343 0.9378586272769338 0.9409415677810952 0.9409084768699622 0.9391619777938222 0.9411451035264231 0.9388854605196467 0.9406050342842225 0.9395956511771215 0.9394179626377898 0.9394000030240334 0.939087213905264 0.940091819242537 0.9389555669341229 0.9395250743848812 0.9390907188062751 0.9396292791304425 0.9392289885445256 
0.517578125 0.25000000000000006 0.4838758942262439 0.8884709634999429 0.9384276223654955 0.9402178040746565 0.9386426509616077 0.9420450752111009 0.9386194929313701 0.940500188577717 0.9396025691177468 0.9398969232369477 0.9397099797687472 0.9387992543888751 0.9397772328940482 0.9391297334800001 0.9399732526720714 0.9390500895158274 0.9394537753462945 0.9394560342084842 0.9396190151270775 0.939456534027677 
0.521484375 0.25000000000000006 0.276675553411278 0.8811857106528006 0.9302318396362824 0.9410912138889462 0.9375341836660502 0.9411593738448465 0.9382889058886236 0.9387621453551971 0.9398855231377834 0.9386934049614138 0.939412609904136 0.9387788677195014 0.9397889341734522 0.9392658151753248 0.9395378065970592 0.9393771459696738 0.9395216159354642 0.9397924492469032 0.9396296181447182 0.9396454551496467 
0.525390625 0.25000000000000006 0.25275009365153545 0.8885889385938458 0.9137189792242913 0.9412362595940541 0.9374860665362053 0.9400385724380538 0.9394736188585425 0.938176315360355 0.940645921605336 0.9389048142002624 0.9396610034024856 0.9396378992425793 0.9401406844443985 0.9397953006703298 0.9396300098865754 0.9400120450344062 0.9399790298624913 0.9400848479804795 0.9399248842425371 0.9399641047827529 
0.529296875 0.25000000000000006 0.250250117526129 0.8704718655663518 0.8841479328013638 0.9379252995790642 0.9383328672577251 0.9393806390986201 0.9408636421021322 0.938723767482771 0.9405786150072901 0.9395483328117851 0.939866403115625 0.9401705311662919 0.9401337664006562 0.9399295330236502 0.9398536407772128 0.9402962834138674 0.9402004508309296 0.9400978036817695 0.9401551349586312 0.9402927798951877 
0.533203125 0.25000000000000006 0.24996155832537834 0.7289146765384078 0.8575816912522144 0.9228246951028896 0.9390000766195526 0.9393139842731297 0.941030223358838 0.9395744919293999 0.9400180066937479 0.9401324443911302 0.9403173740033385 0.9403140198615255 0.9401601658164601 0.9401019868043052 0.940296624279523 0.9406470460003631 0.9403982675396935 0.9404605407216984 0.9405368097483968 0.9408997664711937 
0.537109375 0.25000000000000006 0.24999515367933708 0.3807675908704162 0.8628326673582762 0.8990785534180051 0.9377797261045431 0.9392963941631248 0.9409682766003342 0.9399495934201567 0.9398298996374969 0.9404800884255896 0.9407885417533334 0.940282329752106 0.9403887490682324 0.9406442137142216 0.9406959671968957 0.9410777541877707 0.9405913463421666 0.9410638035720078 0.940877985383311 0.9413426143512044 
0.541015625 0.25000000000000006 0.25000614717388164 0.26231380608279314 0.8703322406634216 0.8819687483021103 0.9304737462778958 0.9390784807597653 0.9411721242456984 0.9401911386868188 0.9403788036442995 0.9407976720244831 0.9411132873619007 0.9405920385815355 0.9407315691001761 0.9414303791806425 0.9409018316288339 0.9413731565235972 0.9407884943328421 0.9414278222262762 0.9410507395137767 0.9412659181864069 
0.544921875 0.25000000000000006 0.25000071043347516 0.25112381516139115 0.8677228439235575 0.8679376523154834 0.9128291738290497 0.9380161724006996 0.94159506632918 0.9407431643557153 0.9409118863818128 0.9412316338985101 0.9408678310268199 0.9412119392031655 0.9408567910393032 0.9417533058108628 0.9407690139421612 0.9411890070581781 0.9409490311050169 0.9412264922337961 0.9410602785857815 0.9408547033032589 
0.548828125 0.25000000000000006 0.24999948540891245 0.2500366029213892 0.8223618773700356 0.8585738514996525 0.8839958662077794 0.9327197773959177 0.9411139408140684 0.9411957227560119 0.9405634606818994 0.9414686104863865 0.9402671758030754 0.9415733550488408 0.940738688455919 0.9413682424704531 0.9407153061852619 0.9408471654686968 0.9412342428090754 0.9408515045897573 0.9411258539254654 0.9406759241347673 
0.552734375 0.25000000000000006 0.24999997302547686 0.24997467881284938 0.5749764424529299 0.8610711460551844 0.8731474629557483 0.9177372039029474 0.9397121822142559 0.9416788094241922 0.9400852746357982 0.9415712867674045 0.9401867003297626 0.9416231191114321 0.9409270056572983 0.9408431109711023 0.9410552316156703 0.940738194509422 0.9415356725274737 0.940696263689929 0.941224363420815 0.9408805849172737 
0.556640625 0.25000000000000006 0.25000004753954463 0.25000630177137667 0.30336180327588785 0.8647774796694047 0.8748116792769304 0.8973069687924986 0.9356626760018137 0.9418157972749136 0.9399000816650309 0.9411856528572498 0.9407105999268754 0.941109661955829 0.9411982969738423 0.9404836741978433 0.9414223848318559 0.9408160379702741 0.9415020710952542 0.9407925880836235 0.9412393028480306 0.9411976393392124 
0.560546875 0.25000000000000006 0.25000000030144837 0.25000372576249524 0.25490611699351967 0.8648042176014696 0.8720417041011027 0.8787999748031007 0.9242680298550608 0.9412712471354603 0.9402845353666011 0.9406745775552049 0.941493170449441 0.9405631187830328 0.9413787355688134 0.9406634026653161 0.9415981105572157 0.9410432891971121 0.9412897930907457 0.941104113022609 0.9412719464882672 0.9413964761551367 
0.564453125 0.25000000000000006 0.24999999630921682 0.24999925329430137 0.250460481433275 0.8483870307880182 0.8671479473989085 0.8677032403903241 0.902929584764863 0.9387239328582165 0.9407725848410518 0.9402808190262342 0.9419123738692825 0.940343748588281 0.9413397717481634 0.9411483859506437 0.9414812419596068 0.9411745075951142 0.9410950394001355 0.9413516524611109 0.9412622141806495 0.9413140973485956 
0.568359375 0.25000000000000006 0.2500000001919243 0.2499996810670407 0.24997242813569806 0.7346079267863229 0.8653894732291645 0.8686289692657739 0.8809763443395789 0.9308817714431191 0.941029182019854 0.9401916676271938 0.9417991022852258 0.9406560718689055 0.9412328671103333 0.94147021828423 0.9412305341781811 0.9411092315852222 0.9410420699017574 0.9414046506433558 0.9411323901485836 0.9410992335253895 
0.572265625 0.25000000000000006 0.2500000002623591 0.25000011132952693 0.2499901504543743 0.41068187815971285 0.8648209611795269 0.8717015214804215 0.875155326166659 0.9134051285953988 0.9398368987974494 0.9400739941986018 0.9412333261078831 0.9409322642522151 0.9410778232434359 0.9412275366051721 0.9409839654343095 0.9409490889918458 0.9410062841858952 0.9413148514727862 0.9409006470510364 0.9410287624320143 
0.576171875 0.25000000000000006 0.24999999997095837 0.2500000309719824 0.2500072362742553 0.26667800901233873 0.8634016945877433 0.8746582127087865 0.8726112470337204 0.8912723357096959 0.9350623975689417 0.9397796888056895 0.9407018902463633 0.941096821527901 0.9409680219871854 0.940796300446262 0.9409095268544604 0.9410692139530856 0.940953249647694 0.9412944647800587 0.9407633031174089 0.941192413385003 
0.580078125 0.25000000000000006 0.24999999998378036 0.24999998690880695 0.2500012453193569 0.25165441349507284 0.8556754724737845 0.875096458762201 0.8696075610015926 0.8722889049931166 0.9211147265364471 0.9388281016011295 0.9402608594725632 0.9411669237056092 0.9408410374821576 0.9406598565439727 0.9408938116392491 0.9413988981748331 0.9408158740045345 0.9412992821595575 0.9408304169081708 0.9413463948687808 
0.583984375 0.25000000000000006 0.25000000000299594 0.2499999973477237 0.2499992615265654 0.2501043902489834 0.8098325473490386 0.8720065617650543 0.8683114390933451 0.8678240679379333 0.8993567933405647 0.9358730010432391 0.9399349086252753 0.9412942707284722 0.9406464865507885 0.940970879815693 0.9408493586714644 0.9416594980337979 0.940763044978401 0.9412370171270178 0.9411518204666675 0.9413094086060138 
0.587890625 0.25000000000000006 0.2500000000008546 0.25000000146101664 0.24999996177815936 0.24996641161939043 0.5764886652063693 0.8688125409081687 0.8697506722727187 0.8700731700789227 0.8826093791355658 0.9266921187569201 0.9390749140732209 0.9412149040870434 0.9404796944045234 0.9413885171124319 0.9408236897669434 0.9415375095395073 0.9409682309827003 0.9411019821000874 0.941556823219622 0.9411277336777162 
0.591796875 0.25000000000000006 0.2499999999997518 0.25000000021322666 0.2500000894898692 0.25000319074589883 0.3066153615725651 0.8657284929341129 0.8727287979093143 0.8723802116982754 0.8748718543246956 0.9090144370022936 0.9368009820036037 0.9410280119189891 0.9406549985935094 0.9415880002679504 0.940951668814527 0.9411454681039928 0.9414020196108585 0.9409887388478041 0.9417671560155461 0.9409765699221695 
0.595703125 0.25000000000000006 0.24999999999996425 0.24999999984893945 0.24999999696501757 0.25000527056152966 0.2553625537810427 0.8598973842865864 0.8754493159778175 0.873574950990735 0.8694671810631128 0.887139984617252 0.9301647357670064 0.9402039714909357 0.9409243161940443 0.941249080911562 0.9411106123108417 0.9407105251793818 0.941699273482172 0.9409571849376156 0.941604037090498 0.9409942794911655 
0.599609375 0.25000000000000006 0.2500000000000169 0.24999999998516392 0.24999999040389295 0.2499996430298058 0.25051983307500586 0.8384151871244093 0.8752137292416851 0.8728348492527431 0.8672163440586644 0.873345836909947 0.9142417459122594 0.9382352167615389 0.9411258205498638 0.9407621458791806 0.9412874262848338 0.9406580772770423 0.9417312639572385 0.9410916858198138 0.9413128437956039 0.9412227794303654 
0.603515625 0.25000000000000006 0.2500000000000004 0.2500000000147502 0.25000000118779336 0.24999952735832934 0.24997531694171535 0.721957087279751 0.8733254530218485 0.871088582419669 0.8680494172205452 0.8730625979618442 0.894691082909611 0.9332815190039159 0.9409087091306347 0.9404005452252243 0.9413639143149518 0.9409199646593308 0.941461714510449 0.9412596779193327 0.9411453500114394 0.9414750072229522 
0.607421875 0.25000000000000006 0.2499999999999987 0.25000000000080125 0.25000000100712777 0.2500000868054119 0.24998757767444524 0.40455698002571694 0.8709341211217824 0.8704696323578934 0.8706011667598258 0.8740128061308471 0.8811245666119187 0.9211013435107737 0.9397821365118323 0.940374318847877 0.9414109472222827 0.9412595190642336 0.9411917405909425 0.9413764635761978 0.9412470995328889 0.9416497556039043 
0.611328125 0.25000000000000006 0.25 0.2499999999986403 0.24999999979481 0.25000004668401604 0.2500077555987731 0.2661844752167268 0.8667455049148919 0.8716873188431096 0.8734665231519495 0.8736653603405339 0.8722642662869157 0.9017793445625999 0.9364405246290965 0.9404120234589058 0.9413464106598505 0.9413787144399283 0.941052881745506 0.941417754702395 0.9414131725473458 0.9416773827442045 
0.615234375 0.25000000000000006 0.25 0.24999999999998263 0.24999999989965138 0.2499999875582545 0.25000175725940527 0.25162850133611475 0.8548657574563443 0.8734773835098321 0.8746269817719382 0.8719303643358697 0.8696709705064511 0.880706484996224 0.9270504698325311 0.9398748298874818 0.9410326816696624 0.9412467341252205 0.9410428225634008 0.941416478628242 0.9413600681460763 0.9415988495256181 
0.619140625 0.25000000000000006 0.25 0.25000000000011646 0.2500000000287837 0.24999999612535337 0.2499991688789177 0.2501021398697338 0.8016250995936002 0.8746145012432686 0.8735196631178187 0.8700433256410376 0.8706061420251228 0.8740794042067226 0.9093885598507209 0.9377522179849763 0.9404552122063989 0.9410899249234433 0.9410264933535627 0.9414240103739991 0.9410711862695862 0.9414692842228426 
0.623046875 0.25000000000000006 0.25 0.2499999999999951 0.25000000000955236 0.2500000016769979 0.24999989693196048 0.24996630608107576 0.5570626777164733 0.8745791942222803 0.8717256940564628 0.869240325081213 0.8726370903445861 0.8740237923654917 0.8908757945195971 0.931558868795453 0.9395381307254549 0.9410118066974176 0.9409532282358688 0.9413818374055738 0.9407931386074139 0.9413146706732637 
0.626953125 0.25000000000000006 0.25 0.24999999999998937 0.24999999999641115 0.2500000002727992 0.2500001060908484 0.25000339827547874 0.3003534170991654 0.8727770061242175 0.8704346242073362 0.8702168937641385 0.8746942392811554 0.8729651436081884 0.8764351502110466 0.9172298695308022 0.9377733069823486 0.9408954869028268 0.9408846224430846 0.9412459925514253 0.9408194495145472 0.941139839609394 
0.630859375 0.25000000000000006 0.25 0.24999999999999997 0.24999999999913702 0.2499999997933147 0.2500000051067104 0.2500053891192287 0.25484388806721253 0.8665776706156596 0.8708110927080837 0.8720679390051139 0.8754597612853836 0.8713831794275572 0.8687746705569445 0.8969185803031041 0.9334953337721607 0.9404446186286725 0.9408324814152507 0.9410170104210205 0.9411502514416713 0.9409749504282531 
0.634765625 0.25000000000000006 0.25 0.2500000000000004 0.2500000000004107 0.24999999998896805 0.24999998816195815 0.24999960830516116 0.250473640119463 0.8409465054107604 0.8724810020769738 0.8734609250043645 0.8739184333133835 0.8708491122721721 0.8693557525189876 0.8798817276026331 0.9224899622796936 0.9391113698712592 0.9408020102243525 0.940818505967453 0.941490837332491 0.9408303268401428 
0.638671875 0.25000000000000006 0.25 0.25 0.25000000000007055 0.25000000002415473 0.2500000003087158 0.24999950156256634 0.24997137327892607 0.7056106105546811 0.8742139641682974 0.8734797538296787 0.871387806284538 0.8714820359282711 0.8713288777570988 0.8758516648646413 0.9053286259158952 0.9356365329931204 0.940458337115651 0.9406404420693092 0.94151427754215 0.9407380040400246 
0.642578125 0.25000000000000006 0.25 0.25 0.2499999999999532 0.24999999999911288 0.2500000012765802 0.25000009497628206 0.24998895636405333 0.38591044535055596 0.8748565855436616 0.8724512445105318 0.8692982820696017 0.8727260340929753 0.8732755917621973 0.8728038585615626 0.8873214209157805 0.9271004471356048 0.9395911581444282 0.9405462618019761 0.9412527314608446 0.9407863850441273 
0.646484375 0.25000000000000006 0.25 0.25 0.24999999999999276 0.249999999997309 0.24999999987762322 0.25000005174664514 0.2500078530828597 0.2639628988118201 0.8728340169166268 0.8712772284697411 0.8691434772845423 0.8741325907401816 0.8741995044758786 0.8697947871994965 0.8735305393778398 0.9106696125483424 0.9372884246559319 0.9402767070242916 0.9408397496900167 0.9408805250215052 
0.650390625 0.25000000000000006 0.25 0.25 0.25000000000000383 0.25000000000031175 0.24999999987178056 0.24999998606524684 0.25000158298549985 0.25140505753737874 0.8611869725314284 0.8709839003438726 0.8707062307933722 0.8748896548979238 0.8733388677144426 0.8686764936632099 0.8708891708047861 0.8914545053819124 0.931274828049494 0.9396882231976746 0.9405265277197155 0.9410759156187862 
0.654296875 0.25000000000000006 0.25 0.25 0.2500000000000005 0.25000000000028344 0.2500000000227147 0.24999999530017344 0.24999916092634375 0.2500744356775913 0.8008150150422013 0.8720433885518156 0.872599076400446 0.8741654878105097 0.8720175671734637 0.869589591448683 0.872262100799259 0.879794367067905 0.9180090873804441 0.9381522820151666 0.9403587690914011 0.9412673357258555 
0.658203125 0.25000000000000006 0.25 0.25 0.24999999999999983 0.24999999999994219 0.2500000000119371 0.25000000192015603 0.2499999141977833 0.24996849285643366 0.5358522393878944 0.8733196827917931 0.8737394953529837 0.8722509938641033 0.8711805004191902 0.8714283864715097 0.8733969509734654 0.874862556133614 0.9002297138117007 0.9340114298173067 0.9398614752051154 0.9411942935439476 
0.662109375 0.25000000000000006 0.25 0.25 0.25 0.24999999999996925 0.2499999999966075 0.25000000039412096 0.25000010670565653 0.2500045372340311 0.2924773663424773 0.8733617487794489 0.8732417415065786 0.8702494517696406 0.8714811842756746 0.8732907734045867 0.873385824365719 0.8708517626266931 0.8811910195058611 0.9236453883417908 0.9386392092524697 0.9408633246483095 
0.666015625 0.25000000000000006 0.25 0.25 0.25 0.25000000000000705 0.24999999999900271 0.2499999997585241 0.2500000030546013 0.2500049838704062 0.25410332720567674 0.8690863550971365 0.8719475919956171 0.8693861833496715 0.8728081453782875 0.8740211067988787 0.8720720455373494 0.8696128758214462 0.8716416615443261 0.9061799132631341 0.9356185892871556 0.9402095970694365 
0.669921875 0.25000000000000006 0.25 0.25 0.25 0.2500000000000022 0.2500000000004502 0.2499999999728737 0.24999998800342735 0.24999947463942057 0.2503947487209603 0.8437155442737724 0.8712123526792841 0.8702404610632454 0.8741684638443623 0.8733783136496711 0.8704291238936964 0.8705015017652752 0.872158487764785 0.8889434988537179 0.9278017233102576 0.939091016674543 
0.673828125 0.25000000000000006 0.25 0.25 0.25 0.24999999999999867 0.25000000000006556 0.2500000000286346 0.25000000057600125 0.24999954425829804 0.24996619127125005 0.697296458770674 0.871633630565281 0.8719303193054063 0.8746857127362366 0.8722252555359566 0.8697000076230648 0.8722174451746658 0.8733331826894816 0.8790884172545822 0.9135208068601827 0.9368553752518168 
0.677734375 0.25000000000000006 0.25 0.25 0.25 0.24999999999999958 0.24999999999994194 0.2500000000010532 0.25000000131575056 0.250000105201756 0.24999184084617773 0.3749746809891195 0.871939297778335 0.8732933443239475 0.8736708432648004 0.8712730688063816 0.8703768187043185 0.8738156621768649 0.8731819690825272 0.8719145931690474 0.8953056801817943 0.9314342306534843 
0.681640625 0.25000000000000006 0.25 0.25 0.25 0.25 0.2499999999999964 0.2499999999967892 0.24999999984044777 0.25000004655761476 0.2500077822098148 0.2625580735349232 0.8704978160333857 0.873090757130547 0.8717323738017951 0.8712855570661425 0.8718534703173534 0.8742237706341657 0.8721008842659845 0.8688381793223052 0.8776220685505451 0.9189101238873502 
0.685546875 0.25000000000000006 0.25 0.25 0.25 0.25 0.2500000000000058 0.25000000000010014 0.24999999986369034 0.2499999852704525 0.2500011688404411 0.25124436309032466 0.8601865228557775 0.8720992589961917 0.870060159149416 0.8723855530915512 0.8731786223912278 0.8729674537283151 0.8711143266833736 0.8694657270598332 0.8740072707878849 0.9014854915355984 
0.689453125 0.25000000000000006 0.25 0.25 0.25 0.25 0.2499999999999992 0.25000000000033706 0.25000000002791734 0.2499999958900898 0.24999917967002272 0.25005427267230323 0.7992200026971449 0.8716017328447971 0.8698051145820679 0.8738060511043221 0.8736258431023529 0.871113161037474 0.8709586508159549 0.8712479114653263 0.8742327178127228 0.886423723857721 
0.693359375 0.25000000000000006 0.25 0.25 0.25 0.25 0.24999999999999903 0.24999999999996278 0.25000000001336997 0.2500000019731869 0.24999995545730447 0.2499710091485887 0.5286755007982195 0.8715214360317177 0.8709768994318781 0.8747540452750463 0.8730954336360685 0.8697201112462987 0.87175526321447 0.8732277021266689 0.8735164643403113 0.8760868138012422 
0.697265625 0.25000000000000006 0.25 0.25 0.25 0.25 0.25 0.24999999999996447 0.24999999999590217 0.25000000032507924 0.2500001016799125 0.25000536928211964 0.28996454751989825 0.8707100050313602 0.872269661784789 0.8743928302449008 0.8722138873477118 0.8697971007370344 0.8729114574850138 0.8741140631154566 0.871573703006611 0.8699452772437917 
0.701171875 0.25000000000000006 0.25 0.25 0.25 0.25 0.25 0.25000000000000505 0.2499999999987774 0.2499999997549824 0.24999999874739687 0.25000447776513807 0.2538393085745505 0.8661919880245842 0.8726555525242796 0.8726582403344783 0.8716719983533451 0.8711450886102315 0.8736634630393465 0.8732505517454613 0.8700392782323957 0.8700182544050324 
0.705078125 0.25000000000000006 0.25 0.25 0.25 0.25 0.25 0.2500000000000022 0.2500000000005409 0.249999999981195 0.24999998876766977 0.24999937100775624 0.25036326523479185 0.8406854882852102 0.872422137362801 0.8706666569768795 0.8719779201845089 0.8727828354372162 0.8733682075178155 0.8718459933211691 0.8699908413196515 0.8716266761311671 
0.708984375 0.25000000000000006 0.25 0.25 0.25 0.25 0.25 0.2499999999999987 0.25000000000009726 0.25000000002897643 0.2500000009874999 0.24999960543075558 0.24996487196913517 0.6921242097298573 0.872182085827316 0.8697391053187664 0.8729899288351606 0.8738434211168983 0.8721472295313185 0.8708098454569625 0.8710833021387636 0.8733872964020263 
0.712890625 0.25000000000000006 0.25 0.25 0.25 0.25 0.25 0.24999999999999953 0.2499999999999305 0.2500000000000133 0.2500000012090603 0.25000011215421186 0.24999312391987868 0.3714201884014978 0.8715807520119274 0.8703640335010256 0.8740529056476365 0.8736842681061958 0.8707947449520728 0.8709717223990643 0.8725635203373736 0.8742640639651754 
0.716796875 0.25000000000000006 0.25 0.25 0.25 0.25 0.25 0.25 0.24999999999999167 0.24999999999672826 0.24999999980317408 0.25000003857871717 0.2500075992173297 0.2621369945360137 0.8691504427475167 0.8714517638215529 0.8743880293667494 0.8727745407921975 0.8701831734692055 0.8721513867338657 0.8734909462550319 0.8732769291531377 
0.720703125 0.25000000000000006 0.25 0.25 0.25 0.25 0.25 0.25 0.2500000000000069 0.2500000000002327 0.24999999987749236 0.24999998490480316 0.2500009660374429 0.2511979909836855 0.8576098773803588 0.8722878921901293 0.8733683505152526 0.8718427963543705 0.8707681280169406 0.8734178516562177 0.8732986900883197 0.8714814989521663 
0.724609375 0.25000000000000006 0.25 0.25 0.25 0.25 0.25 0.25 0.2499999999999997 0.2500000000003492 0.2500000000310283 0.24999999683136573 0.24999921236633377 0.25004868883478004 0.7943404444222516 0.8727168711251924 0.8716361772153078 0.8715252005523709 0.8720248369505619 0.8739718624578068 0.8723882215065959 0.8701309158066517 
0.728515625 0.25000000000000006 0.25 0.25 0.25 0.25 0.25 0.25 0.24999999999999897 0.2499999999999454 0.25000000001163497 0.2500000019581804 0.24999997677378863 0.24997181308395366 0.5212866735871801 0.8726750868480272 0.8703318244552687 0.8721914038823135 0.8731829315872404 0.8732396973899261 0.8714520186928777 0.8701713845589812 
0.732421875 0.25000000000000006 0.25 0.25 0.25 0.25 0.25 0.25 0.25 0.24999999999996206 0.24999999999566466 0.2500000002183739 0.2500000953495825 0.25000554875652015 0.2881311009456744 0.8714142505408645 0.8702010021278225 0.8733373171004079 0.8735459898020442 0.8718016670287275 0.8712245475384645 0.8714481285058464 
0.736328125 0.25000000000000006 0.25 0.25 0.25 0.25 0.25 0.25 0.25 0.2500000000000072 0.2499999999989927 0.24999999976267856 0.2499999964349215 0.2500043082210986 0.2536823783292145 0.8658122477756989 0.8708696955897036 0.8741860353446388 0.8730234736016499 0.8705496183337414 0.8719373659549016 0.8728840293968946 
0.740234375 0.25000000000000006 0.25 0.25 0.25 0.25 0.25 0.25 0.25 0.25000000000000255 0.2500000000005571 0.24999999999263992 0.24999998972555787 0.24999935323644443 0.2503468781192205 0.8381553954617604 0.8718235994235832 0.873970876953571 0.872170492625203 0.8702421614065546 0.8730220341830446 0.873654087458648 
0.744140625 0.25000000000000006 0.25 0.25 0.25 0.25 0.25 0.25 0.25 0.24999999999999836 0.25000000000007044 0.25000000002746053 0.25000000120759364 0.24999962701044798 0.2499640944350519 0.682995049178736 0.8726563675534764 0.8727038268953621 0.8715933977331133 0.8710554104461103 0.8737768016144966 0.873289837366858 
0.748046875 0.25000000000000006 0.25 0.25 0.25 0.25 0.25 0.25 0.25 0.24999999999999947 0.2499999999999296 0.24999999999884806 0.2500000010740584 0.2500001117181814 0.2499936968100619 0.3651009315849724 0.8726645893665543 0.8712502005390729 0.8718349902594389 0.872280587737921 0.8735311393691608 0.8723270852109185 
0.751953125 0.25000000000000006 0.25 0.25 0.25 0.25 0.25 0.25 0.25 0.25 0.24999999999999503 0.24999999999696595 0.24999999978456044 0.2500000356324208 0.2500075466319192 0.26146579093599887 0.8702731956949238 0.8703311886069972 0.8727891354908903 0.8732054743592799 0.872358243357539 0.871524495322767 
0.755859375 0.25000000000000006 0.25 0.25 0.25 0.25 0.25 0.25 0.25 0.25 0.2500000000000069 0.2500000000003442 0.24999999989513566 0.2499999852292727 0.25000089032737977 0.25113250860801734 0.8577454584587616 0.8704578853283971 0.8737927403012039 0.8732981480808184 0.8709942469717944 0.8714681405975883 
0.759765625 0.25000000000000006 0.25 0.25 0.25 0.25 0.25 0.25 0.25 0.25 0.24999999999999917 0.25000000000031514 0.2500000000322289 0.24999999719254712 0.2499992221489572 0.2500408773686624 0.7900254843844987 0.8713955991166824 0.8741724257885769 0.8726865209516891 0.8701965617445797 0.8721853747820232 
0.763671875 0.25000000000000006 0.25 0.25 0.25 0.25 0.25 0.25 0.25 0.25 0.24999999999999875 0.24999999999993558 0.2500000000094545 0.2500000018821357 0.24999998325760325 0.24997277877097607 0.5095817054106633 0.8722151387220906 0.8734893205232511 0.8719736269494334 0.8705087052253245 0.8730648713947449 
0.767578125 0.25000000000000006 0.25 0.25 0.25 0.25 0.25 0.25 0.25 0.25 0.25 0.24999999999996664 0.24999999999564426 0.25000000017628754 0.25000009337835827 0.25000585389298335 0.2850729961568379 0.871728288632442 0.8720749512467135 0.8717400413440992 0.8715795072676836 0.8734479287304592 
0.771484375 0.25000000000000006 0.25 0.25 0.25 0.25 0.25 0.25 0.25 0.25 0.25 0.2500000000000077 0.24999999999924835 0.2499999997760569 0.24999999589441552 0.250004147835218 0.25341615315544164 0.8665728095589071 0.8707209776079308 0.8722735131245533 0.8727237676445259 0.8728940665432617 
0.775390625 0.25000000000000006 0.25 0.25 0.25 0.25 0.25 0.25 0.25 0.25 0.25 0.25000000000000194 0.2500000000005454 0.24999999999719535 0.2499999900236887 0.2499993205729669 0.2503179805963787 0.8376943553491477 0.8704950113531453 0.8732104722699553 0.8733070468598112 0.8717350132080729 
0.779296875 0.25000000000000006 0.25 0.25 0.25 0.25 0.25 0.25 0.25 0.25 0.25 0.24999999999999836 0.2500000000000415 0.2500000000253872 0.25000000123520766 0.24999964349246714 0.2499629441649074 0.6737213265959752 0.8711342454970229 0.8739802031206053 0.8730475578817923 0.8706705178526434 
0.783203125 0.25000000000000006 0.25 0.25 0.25 0.25 0.25 0.25 0.25 0.25 0.25 0.24999999999999953 0.24999999999993242 0.2499999999983937 0.2500000010319872 0.25000011358472 0.2499947812203768 0.3577343156762542 0.8713423423204621 0.8739176468493974 0.8723773299642218 0.8703564484738247 
0.787109375 0.25000000000000006 0.25 0.25 0.25 0.25 0.25 0.25 0.25 0.25 0.25 0.25 0.2499999999999982 0.24999999999726027 0.2499999997860564 0.25000003376879604 0.2500074569141982 0.2606420112454972 0.8694315066871272 0.8726976476799432 0.8718453667652049 0.8710016244073747 
0.791015625 0.25000000000000006 0.25 0.25 0.25 0.25 0.25 0.25 0.25 0.25 0.25 0.25 0.2500000000000062 0.25000000000038436 0.24999999990063246 0.24999998516767627 0.2500007455730107 0.2510476140655655 0.8571729916399821 0.871338152475886 0.871916714930345 0.8720808517504567 
0.794921875 0.25000000000000006 0.25 0.25 0.25 0.25 0.25 0.25 0.25 0.25 0.25 0.25 0.24999999999999875 0.25000000000027617 0.2500000000314209 0.2499999973807 0.24999923574659594 0.2500307752422726 0.7866125054664206 0.8709751769186045 0.8726788903317182 0.8729737294583043 
0.798828125 0.25000000000000006 0.25 0.25 0.25 0.25 0.25 0.25 0.25 0.25 0.25 0.25 0.24999999999999878 0.24999999999993258 0.2500000000087769 0.2500000018714559 0.24999999670704678 0.24997428210240727 0.4999928041770725 0.8709450314795105 0.8736217908955696 0.8731920585129236 
0.802734375 0.25000000000000006 0.25 0.25 0.25 0.25 0.25 0.25 0.25 0.25 0.25 0.25 0.25 0.24999999999997116 0.24999999999581907 0.2500000001585728 0.25000009091784287 0.2500062490464776 0.2825904604804105 0.870030106758001 0.8739450012780132 0.8727554829560551 
0.806640625 0.25000000000000006 0.25 0.25 0.25 0.25 0.25 0.25 0.25 0.25 0.25 0.25 0.25 0.2500000000000078 0.24999999999932726 0.24999999977903542 0.2499999945844474 0.25000388793634976 0.25318489554640894 0.8647384295964828 0.8731523068467 0.872130749677529 
0.810546875 0.25000000000000006 0.25 0.25 0.25 0.25 0.25 0.25 0.25 0.25 0.25 0.25 0.25 0.2500000000000012 0.25000000000051514 0.24999999999862846 0.24999999035204173 0.2499992772998155 0.2502911282985653 0.835155738513327 0.8721195790244846 0.8718386088117411 
0.814453125 0.25000000000000006 0.25 0.25 0.25 0.25 0.25 0.25 0.25 0.25 0.25 0.25 0.25 0.24999999999999825 0.25000000000003303 0.250000000024871 0.2500000013506284 0.24999967202539497 0.2499622659861833 0.6661242121861095 0.8715385336750682 0.8722912117780708 
0.818359375 0.25000000000000006 0.25 0.25 0.25 0.25 0.25 0.25 0.25 0.25 0.25 0.25 0.25 0.24999999999999958 0.2499999999999368 0.24999999999831365 0.2500000009910635 0.25000011592987403 0.24999585379523492 0.35265559501998167 0.8707469389804428 0.8731847406652702 
0.822265625 0.25000000000000006 0.25 0.25 0.25 0.25 0.25 0.25 0.25 0.25 0.25 0.25 0.25 0.25 0.24999999999999886 0.2499999999973359 0.24999999977666632 0.25000003036201046 0.2500073072676196 0.26007464402703084 0.8680040726548192 0.8737148499679221 
0.826171875 0.25000000000000006 0.25 0.25 0.25 0.25 0.25 0.25 0.25 0.25 0.25 0.25 0.25 0.25 0.2500000000000056 0.25000000000038197 0.24999999990531588 0.24999998510761337 0.25000059484746096 0.2509884202956376 0.8547954725776098 0.8734130577558439 
0.830078125 0.25000000000000006 0.25 0.25 0.25 0.25 0.25 0.25 0.25 0.25 0.25 0.25 0.25 0.25 0.24999999999999867 0.25000000000026623 0.25000000003206596 0.2499999977532898 0.2499992580445887 0.2500238836031649 0.7813155653450029 0.8728420594308572 
0.833984375 0.25000000000000006 0.25 0.25 0.25 0.25 0.25 0.25 0.25 0.25 0.25 0.25 0.25 0.25 0.2499999999999989 0.2499999999999344 0.2500000000082776 0.2500000018543461 0.2500000111750941 0.24997546956921557 0.49122867252949703 0.8721453212406828 
0.837890625 0.25000000000000006 0.25 0.25 0.25 0.25 0.25 0.25 0.25 0.25 0.25 0.25 0.25 0.25 0.25 0.2499999999999726 0.2499999999957905 0.250000000119053 0.2500000870994402 0.2500064931391985 0.2806602349307327 0.8704006041930937 
0.841796875 0.25000000000000006 0.25 0.25 0.25 0.25 0.25 0.25 0.25 0.25 0.25 0.25 0.25 0.25 0.25 0.25000000000000777 0.2499999999993761 0.24999999978320117 0.2499999931454135 0.25000367555597247 0.2530120962682514 0.8639509449476478 
0.845703125 0.25000000000000006 0.25 0.25 0.25 0.25 0.25 0.25 0.25 0.25 0.25 0.25 0.25 0.25 0.25 0.2500000000000012 0.25000000000051414 0.25000000000262534 0.24999999087614563 0.24999925256538344 0.2502713383368238 0.8321269913988589 
0.849609375 0.25000000000000006 0.25 0.25 0.25 0.25 0.25 0.25 0.25 0.25 0.25 0.25 0.25 0.25 0.25 0.24999999999999836 0.2500000000000291 0.25000000002419787 0.2500000014771502 0.2499996963654838 0.24996190080611502 0.6560280578562643 
0.853515625 0.25000000000000006 0.25 0.25 0.25 0.25 0.25 0.25 0.25 0.25 0.25 0.25 0.25 0.25 0.25 0.24999999999999964 0.24999999999993774 0.2499999999979273 0.25000000092304275 0.2500001164510334 0.24999661754793787 0.34664277086813483 
0.857421875 0.25000000000000006 0.25 0.25 0.25 0.25 0.25 0.25 0.25 0.25 0.25 0.25 0.25 0.25 0.25 0.25 0.2499999999999995 0.24999999999742747 0.24999999976677012 0.2500000273596027 0.25000718545733547 0.25944919265623134 
0.861328125 0.25000000000000006 0.25 0.25 0.25 0.25 0.25 0.25 0.25 0.25 0.25 0.25 0.25 0.25 0.25 0.25 0.2500000000000056 0.2500000000004177 0.2499999999135829 0.2499999852559449 0.2500004913894983 0.25092755152446344 
0.865234375 0.25000000000000006 0.25 0.25 0.25 0.25 0.25 0.25 0.25 0.25 0.25 0.25 0.25 0.25 0.25 0.25 0.24999999999999875 0.25000000000025524 0.25000000003265016 0.24999999809144374 0.2499992760175139 0.2500168916880898 
0.869140625 0.25000000000000006 0.25 0.25 0.25 0.25 0.25 0.25 0.25 0.25 0.25 0.25 0.25 0.25 0.25 0.25 0.24999999999999897 0.24999999999993186 0.2500000000073185 0.2500000018115928 0.250000020561587 0.2499766540615866 
0.873046875 0.25000000000000006 0.25 0.25 0.25 0.25 0.25 0.25 0.25 0.25 0.25 0.25 0.25 0.25 0.25 0.25 0.25 0.24999999999997444 0.2499999999957841 0.25000000008243495 0.2500000840710837 0.25000674375446497 
0.876953125 0.25000000000000006 0.25 0.25 0.25 0.25 0.25 0.25 0.25 0.25 0.25 0.25 0.25 0.25 0.25 0.25 0.25 0.25000000000000805 0.24999999999948316 0.2499999997907431 0.2499999922770726 0.2500034819693024 
0.880859375 0.25000000000000006 0.25 0.25 0.25 0.25 0.25 0.25 0.25 0.25 0.25 0.25 0.25 0.25 0.25 0.25 0.25 0.25000000000000117 0.25000000000050887 0.2500000000063578 0.24999999129407144 0.24999922844688902 
0.884765625 0.25000000000000006 0.25 0.25 0.25 0.25 0.25 0.25 0.25 0.25 0.25 0.25 0.25 0.25 0.25 0.25 0.25 0.24999999999999836 0.25000000000001793 0.2500000000230686 0.2500000015427726 0.2499997168767352 
0.888671875 0.25000000000000006 0.25 0.25 0.25 0.25 0.25 0.25 0.25 0.25 0.25 0.25 0.25 0.25 0.25 0.25 0.25 0.24999999999999964 0.24999999999993894 0.2499999999975721 0.2500000008683187 0.2500001171004476 
0.892578125 0.25000000000000006 0.25 0.25 0.25 0.25 0.25 0.25 0.25 0.25 0.25 0.25 0.25 0.25 0.25 0.25 0.25 0.25 0.25000000000000044 0.2499999999975818 0.24999999976340817 0.25000002499497864 
0.896484375 0.25000000000000006 0.25 0.25 0.25 0.25 0.25 0.25 0.25 0.25 0.25 0.25 0.25 0.25 0.25 0.25 0.25 0.25 0.2500000000000055 0.2500000000004485 0.24999999992030592 0.24999998535958723 
0.900390625 0.25000000000000006 0.25 0.25 0.25 0.25 0.25 0.25 0.25 0.25 0.25 0.25 0.25 0.25 0.25 0.25 0.25 0.25 0.24999999999999867 0.25000000000023553 0.25000000003252293 0.24999999834043207 
0.904296875 0.25000000000000006 0.25 0.25 0.25 0.25 0.25 0.25 0.25 0.25 0.25 0.25 0.25 0.25 0.25 0.25 0.25 0.25 0.24999999999999897 0.2499999999999292 0.25000000000653244 0.250000001778787 
0.908203125 0.25000000000000006 0.25 0.25 0.25 0.25 0.25 0.25 0.25 0.25 0.25 0.25 0.25 0.25 0.25 0.25 0.25 0.25 0.25 0.24999999999997652 0.2499999999958579 0.2500000000573335 
0.912109375 0.25000000000000006 0.25 0.25 0.25 0.25 0.25 0.25 0.25 0.25 0.25 0.25 0.25 0.25 0.25 0.25 0.25 0.25 0.25 0.25000000000000816 0.2499999999995703 0.24999999979657989 
0.916015625 0.25000000000000006 0.25 0.25 0.25 0.25 0.25 0.25 0.25 0.25 0.25 0.25 0.25 0.25 0.25 0.25 0.25 0.25 0.25 0.2500000000000009 0.25000000000049366 0.2500000000086934 
0.919921875 0.25000000000000006 0.25 0.25 0.25 0.25 0.25 0.25 0.25 0.25 0.25 0.25 0.25 0.25 0.25 0.25 0.25 0.25 0.25 0.24999999999999836 0.25000000000000855 0.2500000000221952 
0.923828125 0.25000000000000006 0.25 0.25 0.25 0.25 0.25 0.25 0.25 0.25 0.25 0.25 0.25 0.25 0.25 0.25 0.25 0.25 0.25 0.24999999999999964 0.2499999999999415 0.24999999999737835 
0.927734375 0.25000000000000006 0.25 0.25 0.25 0.25 0.25 0.25 0.25 0.25 0.25 0.25 0.25 0.25 0.25 0.25 0.25 0.25 0.25 0.25 0.25000000000000155 0.24999999999769953 
0.931640625 0.25000000000000006 0.25 0.25 0.25 0.25 0.25 0.25 0.25 0.25 0.25 0.25 0.25 0.25 0.25 0.25 0.25 0.25 0.25 0.25 0.25000000000000505 0.2500000000004609 
0.935546875 0.25000000000000006 0.25 0.25 0.25 0.25 0.25 0.25 0.25 0.25 0.25 0.25 0.25 0.25 0.25 0.25 0.25 0.25 0.25 0.25 0.2499999999999986 0.25000000000022043 
0.939453125 0.25000000000000006 0.25 0.25 0.25 0.25 0.25 0.25 0.25 0.25 0.25 0.25 0.25 0.25 0.25 0.25 0.25 0.25 0.25 0.25 0.24999999999999906 0.2499999999999291 
0.943359375 0.25000000000000006 0.25 0.25 0.25 0.25 0.25 0.25 0.25 0.25 0.25 0.25 0.25 0.25 0.25 0.25 0.25 0.25 0.25 0.25 0.25 0.2499999999999784 
0.947265625 0.25000000000000006 0.25 0.25 0.25 0.25 0.25 0.25 0.25 0.25 0.25 0.25 0.25 0.25 0.25 0.25 0.25 0.25 0.25 0.25 0.25 0.25000000000000816 
0.951171875 0.25000000000000006 0.25 0.25 0.25 0.25 0.25 0.25 0.25 0.25 0.25 0.25 0.25 0.25 0.25 0.25 0.25 0.25 0.25 0.25 0.25 0.2500000000000006 
0.955078125 0.25000000000000006 0.25 0.25 0.25 0.25 0.25 0.25 0.25 0.25 0.25 0.25 0.25 0.25 0.25 0.25 0.25 0.25 0.25 0.25 0.25 0.24999999999999842 
0.958984375 0.25000000000000006 0.25 0.25 0.25 0.25 0.25 0.25 0.25 0.25 0.25 0.25 0.25 0.25 0.25 0.25 0.25 0.25 0.25 0.25 0.25 0.24999999999999967 
0.962890625 0.25000000000000006 0.25 0.25 0.25 0.25 0.25 0.25 0.25 0.25 0.25 0.25 0.25 0.25 0.25 0.25 0.25 0.25 0.25 0.25 0.25 0.25 
0.966796875 0.25000000000000006 0.25 0.25 0.25 0.25 0.25 0.25 0.25 0.25 0.25 0.25 0.25 0.25 0.25 0.25 0.25 0.25 0.25 0.25 0.25 0.25 
0.970703125 0.25000000000000006 0.25 0.25 0.25 0.25 0.25 0.25 0.25 0.25 0.25 0.25 0.25 0.25 0.25 0.25 0.25 0.25 0.25 0.25 0.25 0.25 
0.974609375 0.25000000000000006 0.25 0.25 0.25 0.25 0.25 0.25 0.25 0.25 0.25 0.25 0.25 0.25 0.25 0.25 0.25 0.25 0.25 0.25 0.25 0.25 
0.978515625 0.25000000000000006 0.25 0.25 0.25 0.25 0.25 0.25 0.25 0.25 0.25 0.25 0.25 0.25 0.25 0.25 0.25 0.25 0.25 0.25 0.25 0.25 
0.982421875 0.25000000000000006 0.25 0.25 0.25 0.25 0.25 0.25 0.25 0.25 0.25 0.25 0.25 0.25 0.25 0.25 0.25 0.25 0.25 0.25 0.25 0.25 
0.986328125 0.25000000000000006 0.25 0.25 0.25 0.25 0.25 0.25 0.25 0.25 0.25 0.25 0.25 0.25 0.25 0.25 0.25 0.25 0.25 0.25 0.25 0.25 
0.990234375 0.25000000000000006 0.25 0.25 0.25 0.25 0.25 0.25 0.25 0.25 0.25 0.25 0.25 0.25 0.25 0.25 0.25 0.25 0.25 0.25 0.25 0.25 
0.994140625 0.25000000000000006 0.25 0.25 0.25 0.25 0.25 0.25 0.25 0.25 0.25 0.25 0.25 0.25 0.25 0.25 0.25 0.25 0.25 0.25 0.25 0.25 
0.998046875 0.25000000000000006 0.25 0.25 0.25 0.25 0.25 0.25 0.25 0.25 0.25 0.25 0.25 0.25 0.25 0.25 0.25 0.25 0.25 0.25 0.25 0.25 
