0.0 0.0 0.0 0.0 0.0 0.0 0.0 0.0 0.0 0.0 0.0 
0.005 0.02716322119315795 0.023915882531751743 0.021361930452809274 0.01930074198688187 0.01760227070561908 0.016178525613756257 0.014967844541714851 0.01392573275875947 0.01301927769550917 0.012223610834736257 
0.01 0.0543082169373006 0.047820126381502695 0.042715938484002125 0.03859582255766632 0.03520034030207048 0.03235383930331382 0.029933173448516977 0.02784945562455784 0.02603692251846159 0.024445876074122044 
0.015 0.08141951668299789 0.07170461486862487 0.06405757748869392 0.05788271171241914 0.05279271969009958 0.048525037410772145 0.04489542293565708 0.041770807897740306 0.03905269835713859 0.03666663790135985 
0.02 0.10847822524704559 0.09555753583096668 0.08537936079005401 0.07715660689376343 0.07037628840263564 0.06469006418260523 0.05985321896806696 0.05568885766171797 0.05206596395101392 0.04888544881551075 
0.025 0.1354677124517109 0.1193685293511216 0.10667425019450032 0.09641253736185869 0.08794748314884647 0.08084634959976895 0.07480470042936052 0.06960225128778133 0.06507572957407746 0.06110158069334125 
0.03 0.16237045324632157 0.143127442840979 0.12793590999705703 0.11564618885966471 0.10550316621198287 0.09699152443756957 0.08974804670568114 0.08350957974002204 0.07808090168769409 0.0733141835581147 
0.035 0.18916894604865095 0.16682352958920602 0.1491576454059333 0.13485326373910544 0.12304042259501276 0.11312348427584194 0.10468165822568921 0.09740958515571038 0.09108047222979083 0.08552244208433707 
0.04 0.21584587592350338 0.19044618376179814 0.17033254365837314 0.15402917623150253 0.1405561760730763 0.12924010960483806 0.11960401181113746 0.11130112039802537 0.10407354119979441 0.09772562880516802 
0.045 0.24238372290720317 0.21398483058218465 0.1914538077396728 0.17316929940030643 0.15804720361682992 0.1453391404390616 0.1345135052240855 0.12518302287531538 0.11705923654817384 0.10992306536608826 
0.05 0.26876500035858686 0.2374287187080608 0.21251461148962733 0.19226907352347436 0.1755102980984375 0.16141825929237197 0.14940845044642298 0.13905405742837137 0.13003664444977175 0.1221140619868171 
0.055 0.2949721840533646 0.26076704446771354 0.23350799780764053 0.21132389421187095 0.19294228383045597 0.17747517403890634 0.1642871446635889 0.15291294513356724 0.14300480123798726 0.13429788910337967 
0.06 0.32098768474344935 0.2839889461307378 0.25442694809466915 0.23032906328484318 0.21033994183525384 0.19350760311388845 0.17914790555266236 0.16675840909313785 0.1559627243729659 0.14647378748471576 
0.065 0.34679388356116403 0.3070834464547183 0.27526439184932083 0.2492798299716481 0.22769998622570992 0.20951322814086587 0.1939890505997443 0.18058918581399264 0.1689094382125479 0.15864099188099642 
0.07 0.3723731056383285 0.3300394670746895 0.29601316415332857 0.2681714022503082 0.2450190897249317 0.22548968265295458 0.20880886757746842 0.19440400670890476 0.18184397471251332 0.17079874403320672 
0.075 0.3977076220969848 0.352845824759106 0.3166659999566421 0.28699892028125307 0.26229389340077136 0.24143456844090377 0.2236056092746284 0.2082015797221895 0.19476535893905453 0.1829462892741182 
0.08 0.4227796500929886 0.3754912107037205 0.33721553912194974 0.3057574439791958 0.2795209910252799 0.25734546318494633 0.23837750426861853 0.2219805869988314 0.2076725975626324 0.1950828657968607 
0.085 0.4475713457307849 0.3979641848303649 0.35765431343205767 0.32444195618886124 0.29669691669029247 0.2732199115169304 0.25312276271254747 0.2357396921595248 0.22056467796154594 0.20720769738069922 
0.09 0.47206480373469234 0.42025316817058317 0.3779747336643746 0.34304735862691244 0.31381814459955426 0.2890554149180659 0.2678395713419874 0.24947754463840469 0.23344057324357573 0.21931999318289822 
0.095 0.4962420546766245 0.4423464303882302 0.3981690834620684 0.3615684609536252 0.33088108891232526 0.30484942936654624 0.282526085921452 0.26319277696780335 0.24629924549186294 0.23141895127370832 
0.1 0.5200850625750431 0.46423208018107254 0.41822951075469766 0.37999997300308774 0.3478820975906874 0.3205993658955583 0.2971804280644529 0.27688399937660624 0.2591396443505547 0.24350376107318067 
0.105 0.5435757236945381 0.48589805554577753 0.4381480165071473 0.3983364994421899 0.36481744509655395 0.336302588019945 0.3118006853590246 0.29054979659815106 0.2719607032556811 0.25557360267189627 
0.11 0.5666958650303926 0.5073321126223678 0.457916444593587 0.41657253240279435 0.3816833274834271 0.3519564065389061 0.32638491061909053 0.3041887274238183 0.2847613366135657 0.26762764423786184 
0.115 0.5894272434892078 0.5285218149014256 0.47752647174641194 0.4347024426426359 0.3984758580346612 0.36755807491402737 0.3409311188665024 0.31779932460935956 0.2975404389676988 0.27966503968629025 
0.12 0.6117515455276294 0.5494545222880582 0.4969695962698867 0.4527204711429525 0.4151910614728513 0.3831047859436195 0.3554372836112634 0.3313800933987642 0.31029688499480335 0.2916849276747619 
0.125 0.6336503871899385 0.5701173796146884 0.5162371262786242 0.4706207207109996 0.431824867336599 0.39859366831067683 0.3699013338882561 0.34492950895722463 0.3230295288991483 0.30368643149227004 
0.13 0.6551053147580528 0.5904973049956628 0.53532016770839 0.4883971467112335 0.44837310351490006 0.4140217821849551 0.384321151869773 0.35844601384804464 0.3357372028541163 0.3156686588543769 
0.135 0.6760978059537127 0.6105809779411989 0.5542096116420914 0.5060435471306567 0.464831489735805 0.42938611433740076 0.3986945701776867 0.3719280160545801 0.3484187150677747 0.3276307010577836 
0.14 0.6966092717717807 0.630354827114913 0.5728961209181417 0.5235535522909247 0.4811956304677569 0.4446835732974443 0.4130193685829545 0.3853738871990151 0.3610728480800024 0.339571631640864 
0.145 0.716621059007214 0.6498050178175846 0.5913701161419487 0.5409206140177558 0.497461007226156 0.45991098444762046 0.4272932704090562 0.39878196046508024 0.373698357379242 0.35149050499453277 
0.15 0.7361144535130131 0.6689174391831435 0.609621760991327 0.5581379940701717 0.5136229704967802 0.4750650847253478 0.4415139389323862 0.4121505281247434 0.3862939700418359 0.3633863551911232 
0.155 0.7550706842602879 0.6876776910572429 0.6276409467118031 0.5751987518526407 0.5296767312475944 0.4901425168617445 0.4556789737209093 0.42547783887874363 0.3988583831295359 0.375258194975983 
0.16 0.773470928259979 0.7060710705778493 0.6454172757847295 0.5920957314062695 0.5456173518651419 0.5051398232732089 0.4697859067086155 0.4387620951775805 0.4113902618289422 0.3871050147127356 
0.165 0.7912963164126086 0.7240825584594812 0.6629400447127615 0.6088215475704799 0.5614397364496285 0.52005343963569 0.483832197929362 0.4520014504886229 0.42388823747002075 0.39892578114488014 
0.17 0.808527940359298 0.7416968049806035 0.6801982258369266 0.6253685712215931 0.5771386204706066 0.5348796880489145 0.4978152309640637 0.46519400638354674 0.43635090552105393 0.41071943598699046 
0.175 0.8251468604083403 0.7588981156882836 0.6971804481177251 0.6417289135296942 0.5927085597360844 0.5496147697054106 0.5117323081402129 0.47833780938107767 0.4487768235391223 0.42248489443503 
0.18 0.8411341146177805 0.7756704368342351 0.7138749768098768 0.6578944091522247 0.6081439185831643 0.5642547570397092 0.5255806454432479 0.49143084756483446 0.4611645089967399 0.434221043654088 
0.185 0.8564707291184619 0.7919973405602552 0.7302696919442607 0.6738565982571013 0.6234388572099138 0.5787955853392298 0.5393573670715535 0.5044710470075799 0.4735124369341161 0.44592674123044923 
0.19 0.871137729766291 0.8078620098596317 0.7463520655273558 0.6896067072676305 0.6385873180801577 0.593233043762868 0.553059499595545 0.5174562679898673 0.48581903743985577 0.45760081353704035 
0.195 0.8851161552173682 0.8232472233471159 0.762109137365223 0.7051356282166336 0.6535830113161996 0.6075627656948367 0.5666839657044476 0.5303843009689247 0.49808269298098795 0.46924205397459884 
0.2 0.8983870715238537 0.838135339878019 0.7775274894095995 0.7204338965797576 0.6684193989746708 0.6217802183678325 0.580227577514078 0.5432528622587676 0.510301735582857 0.4808492210838921 
0.205 0.9109315883529941 0.8525082830670945 0.7925932185159859 0.7354916674423143 0.6830896780929174 0.6358806916918469 0.5936870293878912 0.5560595894012709 0.5224744438340817 0.49242103654130615 
0.21 0.9227308769358991 0.866347525768536 0.8072919074968011 0.7502986898411106 0.6975867623855213 0.6498592862124232 0.6070588902159202 0.568802036212461 0.5345990396857208 0.5039561830424851 
0.215 0.9337661898569838 0.8796340745913264 0.8216085943439654 0.7648442791056556 0.7119032624545376 0.6637109001071251 0.6203395950990667 0.5814776674771789 0.5466736850233223 0.5154533020617642 
0.22 0.9440188827978349 0.8923484545388277 0.835527739486275 0.7791172870022187 0.7260314643583331 0.6774302151197046 0.6335254363847602 0.594083853253647 0.5586964779988008 0.526910991465979 
0.225 0.9534704383548797 0.9044706938778839 0.8490331909378337 0.7931060694622678 0.7399633063658877 0.6910116813227754 0.6466125539905928 0.6066178627461524 0.5706654491068542 0.538327802963753 
0.23 0.9621024920483321 0.9159803093641494 0.8621081471842955 0.8067984516522082 0.7536903537031878 0.7044495005861608 0.6595969249413307 0.6190768577047184 0.5825785569824351 0.5497022393777679 
0.235 0.9698968606484285 0.9268562919687674 0.8747351176442353 0.8201816901129273 0.7672037710735171 0.7177376086109659 0.6724743520361972 0.6314578853081433 0.5944336838894922 0.5610327517298005 
0.24 0.9768355729478931 0.9370770932798516 0.8868958805319467 0.8332424316654021 0.7804942927048055 0.7308696553712866 0.685240451555257 0.643757870479763 0.6062286308694825 0.5723177361246792 
0.245 0.9829009030646056 0.9466206127908336 0.8985714379387102 0.845966668742081 0.7935521896451562 0.7438389837857108 0.6978906399027467 0.6559736075770226 0.6179611125178643 0.5835555304138996 
0.25 0.9880754065315419 0.9554641862817923 0.9097419679428512 0.858339690762649 0.8063672339905679 0.7566386064173808 0.7104201190710534 0.6681017513889039 0.6296287513542019 0.5947444106162175 
0.255 0.9923419590165007 0.9635845756065636 0.9203867735408497 0.8703460311258868 0.8189286596857714 0.769261179973607 0.7228238607935038 0.6801388073684504 0.6412290717462517 0.6058825870714293 
0.26 0.9956837980116998 0.9709579602338758 0.9304842281917411 0.8819694093339796 0.8312251194890061 0.7816989773441306 0.7350965892367965 0.6920811210190028 0.6527594933424392 0.6169682003029158 
0.265 0.9980845685078255 0.9775599306370784 0.9400117177803788 0.8931926677055219 0.8432446376333679 0.7939438568804246 0.7472327620641138 0.7039248663418777 0.6642173239615429 0.6279993165621881 
0.27 0.9995283671587066 0.9833654845453114 0.9489455787254214 0.9039977020667397 0.8549745576500658 0.8059872285753804 0.7592265496765284 0.7156660332406616 0.6755997518829022 0.6389739230248452 
0.275 0.9999997975285441 0.9883490263235845 0.9572610320340494 0.9143653857187667 0.8664014847399145 0.817820016752401 0.7710718124126587 0.7273004137633572 0.6869038374739411 0.6498899226029499 
0.28 0.9994840350474758 0.9924843675803274 0.9649321132736262 0.9242754858904629 0.8775112219848876 0.8294326188136236 0.7827620754548058 0.7388235870477486 0.6981265040835368 0.6607451283345799 
0.285 0.9979668572092747 0.9957447371732782 0.9719315977655355 0.9337065718168628 0.8882886995834286 0.8408148595272301 0.7942905011526369 0.7502309028167669 0.7092645281201703 0.6715372573069985 
0.29 0.995434721662219 0.9981027950017279 0.9782309209734064 0.9426359133849892 0.8987178961685057 0.8519559402518916 0.8056498584317051 0.7615174632487695 0.720314528223027 0.6822639240649784 
0.295 0.9918748401284384 0.9995306196431214 0.9838000958516692 0.9510393691200809 0.9087817511049332 0.862844382398781 0.8168324889026032 0.7726781030220763 0.7312729534217808 0.6929226334496491 
0.3 0.9872752322094962 0.9999997682840982 0.9886076224830811 0.9588912624802144 0.918462066475114 0.8734679643138303 0.8278302692254217 0.783707367303411 0.7421360701670026 0.703510772806141 
0.305 0.9816248014297402 0.9994813774789247 0.9926203896418373 0.9661642447937626 0.9277393972876259 0.8838136506242712 0.8386345692117474 0.7945994874149719 0.7528999480957528 0.714025603489976 
0.31 0.974913410967087 0.9979460352017222 0.9958035914407637 0.9728291421372339 0.9365929281541971 0.8938675129308716 0.8492362050604948 0.8053483538737239 0.7635604443788211 0.7244642515931251 
0.315 0.9671319610008929 0.9953638898351392 0.9981206163286802 0.9788547864027064 0.9450003342333382 0.9036146405202387 0.8596253870207239 0.8159474864473509 0.7741131864706299 0.7348236977996864 
0.32 0.9582724704354308 0.9917048161376328 0.9995328525399304 0.9842078292703839 0.9529376241320601 0.9130390395146185 0.8697916606493675 0.8263900008141969 0.7845535530611213 0.7451007662693334 
0.325 0.9483281609744632 0.9869384038698845 0.9999996980509516 0.9888525250084406 0.9603789622248701 0.9221235186085148 0.8797238406817856 0.8366685713431372 0.7948766529890755 0.7552921124313147 
0.33 0.9372935438915686 0.9810340490767251 0.9994786382633256 0.9927504916897851 0.9672964659029026 0.930849559201286 0.8894099363551763 0.8467753894318618 0.8050773018537521 0.7653942095562396 
0.335 0.9251645091355533 0.9739610801598266 0.9979246616283511 0.9958604841781653 0.973659973248264 0.9391971671528666 0.8988370668015118 0.8567021167309612 0.8151499959936653 0.7754033339508347 
0.34 0.9119384162884435 0.9656888785897472 0.9952902344775222 0.9981380596249398 0.9794367809317204 0.9471447028457775 0.9079913648423755 0.8664398324861861 0.8250888834880202 0.7853155486016212 
0.345 0.8976141869842237 0.9561870268764535 0.9915255370464656 0.9995350721842008 0.984591342325008 0.9546686860673856 0.9168578671907804 0.8759789740263165 0.8348877317117136 0.7951266850597258 
0.35 0.8821923982231054 0.9454254817242931 0.9865781324194285 0.9999995745046945 0.989084901790262 0.9617435708819162 0.9254203886980534 0.885309269375639 0.8445398909960422 0.8048323233371175 
0.355 0.8656753759732634 0.9333747716466662 0.9803928117142148 0.999475789913226 0.9928750930885919 0.9683414828206542 0.933661377699688 0.8944196604790281 0.8540382537097293 0.8144277695295515 
0.36 0.8480672883661812 0.9200062241478145 0.972911568720199 0.9979026963348229 0.9959155293028658 0.9744319128000505 0.9415617487348834 0.9032982158221134 0.8633752081869409 0.8239080308625253 
0.365 0.8293742377055193 0.9052922243720248 0.9640735206847989 0.9952135575295794 0.9981551502948012 0.9799813648925493 0.9491006883427526 0.9119320297077382 0.8725425864572895 0.833267787758468 
0.37 0.8096043504314903 0.8892065075714648 0.9538148565622258 0.9913361158929371 0.9995372862067056 0.984952934134652 0.9562554291078222 0.9203071074387231 0.8815316050863433 0.8425013625287312 
0.375 0.7887678641003227 0.8717244879082516 0.9420688373699772 0.9861915151737997 0.9999993893877085 0.9893057835548624 0.963000984177227 0.9284082304795471 0.8903327974316739 0.8516026840967618 
0.38 0.7668772103629488 0.8528236254449482 0.9287658432688896 0.9796933244768078 0.999472804210915 0.9929945721376735 0.9693098321105549 0.9362188037991526 0.8989359366419974 0.8605652482597375 
0.385 0.7439470928567213 0.8324838327904703 0.9138334899275103 0.9717467905026579 0.9978800899196041 0.9959688318509707 0.9751515452673023 0.9437206700210677 0.9073299463376899 0.8693820725445234 
0.39 0.7199945588622737 0.8106879221395802 0.8971968370877262 0.9622478398721235 0.9951336333058937 0.9981719119729209 0.980492354426062 0.9508939048882646 0.9155027989207581 0.8780456451323528 
0.395 0.6950390635272959 0.7874220924533281 0.8787787138290648 0.9510819178393237 0.9911355318655428 0.999539503331092 0.9852946056179153 0.9577165528920735 0.9234413954306727 0.8865478662033368 
0.4 0.6691025254224893 0.7626764552918299 0.8585001934221297 0.9381227290374484 0.9857750953865879 0.999999138263351 0.9895160849849977 0.9641643520272545 0.9311314293421006 0.8948799814271905 
0.405 0.6422093721753674 0.7364455962367997 0.836281256648423 0.923230831855265 0.9789259715218276 0.9994696527382415 0.9931092692925254 0.970210335227433 0.9385572207325794 0.9030325043414421 
0.41 0.6143865749274899 0.7087291669416583 0.812041689326077 0.9062520923150005 0.970443376001272 0.9978567829685965 0.9960204933303467 0.9758244667758085 0.9457015309407579 0.9109951286018549 
0.415 0.58566367038296 0.6795325006097344 0.7857022672306675 0.8870160278964095 0.9601603800763063 0.9950502013932111 0.9981883549195409 0.9809730281440371 0.9525453268695644 0.9187566228362917 
0.42 0.5560727692628269 0.6488672411470685 0.7571862879237703 0.8653340850024457 0.9478830733013229 0.9909225993687224 0.9995417625566089 0.9856181233699893 0.9590675274323569 0.9263047137586494 
0.425 0.5256485500535154 0.6167519734228175 0.7264215134110109 0.8409979430644774 0.9333844669568185 0.9853247037708399 0.9999987431872189 0.9897165952765123 0.9652446512212527 0.9336259390959298 
0.43 0.4944282370389747 0.5832128390913045 0.6933425879456625 0.813778011631689 0.9163966135993361 0.9780786519108914 0.9994665100477476 0.9932195374714484 0.9710504650148283 0.9407054912698478 
0.435 0.4624515617366459 0.5482841194304862 0.6578939888269165 0.7834223995272601 0.8966002851313986 0.9689703921607264 0.9978322183164344 0.996070528308348 0.9764554361354236 0.9475270014833139 
0.44 0.42976070701666147 0.5120087638285081 0.6200335510647943 0.7496568128677715 0.873611333517538 0.9577392578960673 0.9949640214787161 0.9982046382208247 0.9814262759259925 0.9540723362330316 
0.445 0.3964002333709515 0.47443884015152493 0.579736574784308 0.7121861059439012 0.8469624530934309 0.9440620557564129 0.9906937547729456 0.9995438016451067 0.9859249649886187 0.9603212559825811 
0.45 0.3624169870122369 0.43563588154321076 0.5370004724767995 0.6706985977327702 0.8160785385785204 0.9275318899403646 0.9848394344027819 0.9999987977431298 0.9899081472676875 0.9662511713256648 
0.455 0.3278599897193198 0.39567110355599505 0.49184983775650576 0.624874801756124 0.7802431421906305 0.9076227141369019 0.9771279961323694 0.9994620308027514 0.9933254827117836 0.9718365299253376 
0.46 0.292780310600734 0.35462546620962554 0.4443417169560299 0.5744028834960513 0.7385527376370915 0.8836408330495912 0.9672996022348156 0.9978091151459263 0.9961193234084356 0.9770486531421099 
0.465 0.25723092021850824 0.31258955788687376 0.3945707439515874 0.5190038355900433 0.6898550904526636 0.8546344303454294 0.9548553304530357 0.9948691199356274 0.9982202398454568 0.981854443853907 
0.47 0.22126652779194966 0.2696632820952498 0.3426736698361417 0.45846968763929985 0.6326696608931399 0.8192493154024901 0.9394125461003027 0.9904579420314373 0.9995466450750414 0.9862167455173187 
0.475 0.1849434024811795 0.2259553340999631 0.28883270613962525 0.3927172709463267 0.5650974451760918 0.775462426826564 0.9199386069028858 0.9842932498163922 0.9999972495828053 0.9900909336819093 
0.48 0.14831918002447247 0.1815824621450268 0.23327703747561454 0.3218568510833052 0.4847616116845399 0.7199522957253475 0.8957739685805335 0.9760884769695636 0.9994605782462455 0.9934282165506342 
0.485 0.11145265626505203 0.13666851710319303 0.1762818863756429 0.24626790817692168 0.38892707369650986 0.6469454533117783 0.8644346005638067 0.9653096113557147 0.9977784766206785 0.9961653518415301 
0.49 0.07440356934415011 0.09134330440410103 0.11816466303210042 0.16666347061086662 0.2752084492130618 0.543921791045409 0.8241211174529807 0.951451157833791 0.994781959981462 0.9982383037792715 
0.495 0.03723237255099191 0.045741262288501616 0.05927801699615436 0.08411384495666849 0.14363981513737503 0.3780100751419222 0.7666467472447434 0.9333326467349327 0.9901822422913698 0.9995441375991715 
0.5 1.451779630097074e-16 1.783979617537895e-16 2.3133193619884316e-16 3.2893218199649277e-16 5.689837662498404e-16 2.0142054904472077e-15 2.0350630834906095e-13 3.534168880314908e-10 1.702992434974869e-6 0.011025246116952454 
0.505 -0.03723237255099159 -0.04574126228850128 -0.05927801699615403 -0.08411384495666807 -0.14363981513737498 -0.37801007514192075 -0.7666467472447366 -0.9333326467349329 -0.9901822422913565 -0.999544137598922 
0.51 -0.07440356934414978 -0.0913433044041007 -0.11816466303209991 -0.16666347061086623 -0.27520844921306103 -0.5439217910454173 -0.8241211174529738 -0.951451157833793 -0.99478195998146 -0.9982383037792946 
0.515 -0.11145265626505187 -0.13666851710319253 -0.17628188637564257 -0.24626790817692149 -0.38892707369650686 -0.646945453311785 -0.8644346005638048 -0.9653096113557158 -0.9977784766206741 -0.9961653518415285 
0.52 -0.14831918002447214 -0.18158246214502682 -0.23327703747561454 -0.32185685108330336 -0.48476161168454146 -0.7199522957253449 -0.8957739685805359 -0.976088476969565 -0.9994605782462433 -0.9934282165506433 
0.525 -0.18494340248117955 -0.22595533409996332 -0.28883270613962436 -0.39271727094632475 -0.5650974451760982 -0.7754624268265599 -0.9199386069028846 -0.9842932498163947 -0.9999972495828072 -0.9900909336819129 
0.53 -0.22126652779195002 -0.26966328209524915 -0.3426736698361404 -0.4584696876392995 -0.6326696608931428 -0.8192493154024851 -0.9394125461003028 -0.9904579420314364 -0.9995466450750462 -0.9862167455173194 
0.535 -0.25723092021850824 -0.3125895578868731 -0.39457074395158653 -0.5190038355900446 -0.6898550904526629 -0.8546344303454271 -0.9548553304530374 -0.9948691199356239 -0.9982202398454614 -0.9818544438539064 
0.54 -0.29278031060073406 -0.35462546620962504 -0.44434171695603 -0.5744028834960544 -0.7385527376370917 -0.8836408330495928 -0.9672996022348154 -0.9978091151459232 -0.9961193234084398 -0.9770486531421113 
0.545 -0.3278599897193198 -0.39567110355599505 -0.49184983775650576 -0.6248748017561263 -0.780243142190627 -0.9076227141369041 -0.977127996132368 -0.9994620308027502 -0.9933254827117876 -0.9718365299253403 
0.55 -0.3624169870122369 -0.4356358815432104 -0.5370004724768012 -0.6706985977327692 -0.8160785385785144 -0.9275318899403646 -0.9848394344027809 -0.9999987977431323 -0.9899081472676892 -0.9662511713256688 
0.555 -0.3964002333709513 -0.474438840151525 -0.5797365747843106 -0.7121861059439015 -0.8469624530934287 -0.9440620557564127 -0.9906937547729466 -0.9995438016451116 -0.9859249649886193 -0.9603212559825876 
0.56 -0.42976070701666114 -0.5120087638285081 -0.6200335510647956 -0.7496568128677737 -0.8736113335175366 -0.9577392578960703 -0.9949640214787172 -0.9982046382208287 -0.9814262759259917 -0.9540723362330358 
0.565 -0.4624515617366455 -0.548284119430487 -0.6578939888269149 -0.783422399527257 -0.8966002851313988 -0.9689703921607284 -0.9978322183164315 -0.9960705283083509 -0.9764554361354247 -0.9475270014833137 
0.57 -0.49442823703897504 -0.5832128390913066 -0.6933425879456628 -0.8137780116316845 -0.9163966135993381 -0.9780786519108898 -0.9994665100477451 -0.9932195374714512 -0.9710504650148314 -0.9407054912698483 
0.575 -0.5256485500535155 -0.6167519734228184 -0.7264215134110132 -0.8409979430644772 -0.9333844669568188 -0.9853247037708409 -0.9999987431872204 -0.9897165952765137 -0.9652446512212569 -0.9336259390959324 
0.58 -0.5560727692628278 -0.6488672411470685 -0.7571862879237704 -0.8653340850024445 -0.9478830733013247 -0.9909225993687233 -0.9995417625566129 -0.9856181233699896 -0.9590675274323618 -0.9263047137586512 
0.585 -0.5856636703829609 -0.6795325006097327 -0.7857022672306646 -0.8870160278964074 -0.9601603800763109 -0.9950502013932108 -0.9981883549195445 -0.9809730281440395 -0.9525453268695686 -0.918756622836291 
0.59 -0.6143865749274895 -0.7087291669416587 -0.8120416893260748 -0.9062520923150021 -0.9704433760012732 -0.9978567829685949 -0.9960204933303497 -0.9758244667758116 -0.9457015309407603 -0.9109951286018522 
0.595 -0.6422093721753661 -0.7364455962368005 -0.836281256648424 -0.9232308318552682 -0.9789259715218249 -0.9994696527382413 -0.9931092692925281 -0.9702103352274363 -0.9385572207325807 -0.9030325043414383 
0.6 -0.6691025254224882 -0.7626764552918286 -0.8585001934221302 -0.9381227290374508 -0.9857750953865876 -0.999999138263355 -0.9895160849849974 -0.9641643520272589 -0.9311314293421025 -0.8948799814271863 
0.605 -0.6950390635272946 -0.7874220924533267 -0.8787787138290626 -0.9510819178393264 -0.9911355318655453 -0.9995395033310965 -0.9852946056179149 -0.9577165528920775 -0.923441395430675 -0.8865478662033348 
0.61 -0.7199945588622735 -0.8106879221395795 -0.8971968370877264 -0.9622478398721261 -0.9951336333058936 -0.998171911972924 -0.9804923544260643 -0.9508939048882672 -0.9155027989207563 -0.8780456451323537 
0.615 -0.7439470928567203 -0.8324838327904702 -0.9138334899275117 -0.9717467905026584 -0.997880089919602 -0.995968831850973 -0.9751515452673064 -0.9437206700210684 -0.907329946337687 -0.8693820725445247 
0.62 -0.7668772103629473 -0.8528236254449492 -0.92876584326889 -0.9796933244768063 -0.9994728042109158 -0.9929945721376748 -0.969309832110559 -0.9362188037991532 -0.8989359366419931 -0.8605652482597399 
0.625 -0.7887678641003231 -0.8717244879082516 -0.9420688373699798 -0.9861915151737979 -0.9999993893877118 -0.9893057835548619 -0.9630009841772313 -0.9284082304795478 -0.8903327974316709 -0.8516026840967649 
0.63 -0.8096043504314913 -0.8892065075714654 -0.9538148565622284 -0.9913361158929368 -0.9995372862067096 -0.9849529341346513 -0.9562554291078262 -0.9203071074387235 -0.8815316050863413 -0.8425013625287332 
0.635 -0.829374237705518 -0.9052922243720262 -0.9640735206847996 -0.9952135575295814 -0.998155150294803 -0.9799813648925497 -0.9491006883427536 -0.9119320297077371 -0.87254258645729 -0.8332677877584658 
0.64 -0.8480672883661801 -0.9200062241478137 -0.9729115687201983 -0.9979026963348228 -0.9959155293028676 -0.9744319128000529 -0.9415617487348847 -0.9032982158221114 -0.8633752081869431 -0.8239080308625205 
0.645 -0.8656753759732634 -0.9333747716466656 -0.9803928117142146 -0.9994757899132254 -0.9928750930885942 -0.9683414828206579 -0.9336613776996894 -0.8944196604790251 -0.8540382537097331 -0.8144277695295504 
0.65 -0.8821923982231052 -0.9454254817242941 -0.986578132419427 -0.9999995745046979 -0.9890849017902612 -0.9617435708819211 -0.9254203886980545 -0.8853092693756368 -0.8445398909960454 -0.8048323233371171 
0.655 -0.8976141869842246 -0.9561870268764555 -0.991525537046465 -0.9995350721842048 -0.9845913423250067 -0.9546686860673893 -0.9168578671907814 -0.8759789740263157 -0.8348877317117109 -0.7951266850597258 
0.66 -0.9119384162884442 -0.965688878589748 -0.9952902344775244 -0.9981380596249418 -0.9794367809317206 -0.9471447028457782 -0.9079913648423751 -0.8664398324861867 -0.8250888834880163 -0.78531554860162 
0.665 -0.9251645091355526 -0.973961080159826 -0.9979246616283542 -0.9958604841781672 -0.9736599732482651 -0.9391971671528668 -0.8988370668015094 -0.8567021167309644 -0.8151499959936648 -0.775403333950832 
0.67 -0.9372935438915679 -0.9810340490767254 -0.9994786382633274 -0.9927504916897878 -0.9672964659029059 -0.9308495592012866 -0.8894099363551733 -0.8467753894318631 -0.8050773018537518 -0.7653942095562364 
0.675 -0.948328160974463 -0.9869384038698839 -0.9999996980509517 -0.9888525250084416 -0.9603789622248734 -0.9221235186085172 -0.8797238406817833 -0.8366685713431348 -0.7948766529890745 -0.7552921124313148 
0.68 -0.9582724704354312 -0.9917048161376312 -0.9995328525399325 -0.984207829270384 -0.952937624132063 -0.9130390395146212 -0.869791660649368 -0.8263900008141939 -0.7845535530611204 -0.7451007662693362 
0.685 -0.9671319610008926 -0.9953638898351399 -0.9981206163286822 -0.9788547864027057 -0.9450003342333392 -0.9036146405202387 -0.8596253870207279 -0.8159474864473498 -0.7741131864706277 -0.73482369779969 
0.69 -0.974913410967086 -0.9979460352017252 -0.9958035914407652 -0.9728291421372341 -0.9365929281541971 -0.8938675129308705 -0.8492362050604969 -0.8053483538737228 -0.7635604443788178 -0.7244642515931291 
0.695 -0.9816248014297406 -0.9994813774789271 -0.9926203896418404 -0.9661642447937645 -0.9277393972876273 -0.8838136506242695 -0.838634569211746 -0.7945994874149702 -0.7528999480957516 -0.7140256034899768 
0.7 -0.9872752322094955 -0.9999997682840994 -0.9886076224830824 -0.958891262480217 -0.9184620664751155 -0.8734679643138306 -0.827830269225421 -0.7837073673034094 -0.7421360701670043 -0.7035107728061393 
0.705 -0.9918748401284357 -0.9995306196431227 -0.9838000958516688 -0.9510393691200818 -0.9087817511049318 -0.8628443823987834 -0.8168324889026047 -0.7726781030220733 -0.7312729534217861 -0.692922633449648 
0.71 -0.9954347216622175 -0.9981027950017289 -0.9782309209734058 -0.9426359133849905 -0.8987178961685045 -0.8519559402518936 -0.8056498584317046 -0.7615174632487657 -0.720314528223031 -0.6822639240649775 
0.715 -0.9979668572092747 -0.9957447371732799 -0.9719315977655357 -0.933706571816865 -0.8882886995834295 -0.8408148595272311 -0.7942905011526349 -0.7502309028167646 -0.709264528120168 -0.6715372573069985 
0.72 -0.9994840350474764 -0.9924843675803307 -0.9649321132736275 -0.9242754858904636 -0.8775112219848886 -0.8294326188136221 -0.7827620754548031 -0.7388235870477529 -0.6981265040835349 -0.6607451283345792 
0.725 -0.9999997975285441 -0.9883490263235858 -0.9572610320340524 -0.9143653857187649 -0.8664014847399162 -0.8178200167523991 -0.7710718124126541 -0.7273004137633634 -0.6869038374739432 -0.6498899226029486 
0.73 -0.9995283671587069 -0.9833654845453127 -0.9489455787254242 -0.903997702066737 -0.854974557650066 -0.8059872285753785 -0.7592265496765249 -0.7156660332406629 -0.6755997518829037 -0.6389739230248439 
0.735 -0.9980845685078255 -0.9775599306370784 -0.9400117177803793 -0.8931926677055204 -0.8432446376333665 -0.7939438568804221 -0.7472327620641139 -0.7039248663418763 -0.6642173239615423 -0.6279993165621879 
0.74 -0.9956837980117001 -0.9709579602338771 -0.930484228191741 -0.8819694093339803 -0.8312251194890056 -0.7816989773441277 -0.7350965892367993 -0.6920811210190033 -0.6527594933424379 -0.6169682003029177 
0.745 -0.9923419590165016 -0.9635845756065666 -0.9203867735408484 -0.8703460311258882 -0.8189286596857697 -0.7692611799736024 -0.7228238607935082 -0.6801388073684514 -0.6412290717462505 -0.6058825870714315 
0.75 -0.9880754065315434 -0.9554641862817946 -0.9097419679428485 -0.8583396907626483 -0.8063672339905668 -0.7566386064173775 -0.7104201190710527 -0.6681017513889035 -0.6296287513542032 -0.5947444106162201 
0.755 -0.9829009030646063 -0.9466206127908354 -0.8985714379387081 -0.8459666687420814 -0.7935521896451547 -0.7438389837857111 -0.697890639902746 -0.6559736075770206 -0.6179611125178678 -0.5835555304139012 
0.76 -0.9768355729478927 -0.9370770932798516 -0.886895880531946 -0.8332424316654016 -0.7804942927048022 -0.7308696553712892 -0.6852404515552584 -0.6437578704797616 -0.606228630869485 -0.5723177361246768 
0.765 -0.9698968606484304 -0.9268562919687658 -0.8747351176442345 -0.8201816901129244 -0.7672037710735122 -0.7177376086109676 -0.672474352036198 -0.6314578853081441 -0.5944336838894944 -0.5610327517297989 
0.77 -0.9621024920483348 -0.9159803093641486 -0.8621081471842935 -0.8067984516522058 -0.753690353703185 -0.7044495005861608 -0.6595969249413309 -0.6190768577047222 -0.5825785569824365 -0.5497022393777706 
0.775 -0.9534704383548819 -0.904470693877884 -0.8490331909378325 -0.7931060694622665 -0.7399633063658893 -0.6910116813227758 -0.6466125539905921 -0.6066178627461566 -0.5706654491068532 -0.5383278029637573 
0.78 -0.9440188827978354 -0.8923484545388277 -0.8355277394862737 -0.7791172870022166 -0.7260314643583354 -0.677430215119706 -0.6335254363847592 -0.5940838532536493 -0.5586964779988003 -0.5269109914659816 
0.785 -0.9337661898569827 -0.8796340745913255 -0.8216085943439623 -0.7648442791056529 -0.7119032624545383 -0.6637109001071259 -0.6203395950990686 -0.5814776674771795 -0.5466736850233243 -0.5154533020617629 
0.79 -0.9227308769358986 -0.8663475257685347 -0.8072919074967994 -0.7502986898411093 -0.6975867623855213 -0.6498592862124221 -0.6070588902159232 -0.5688020362124608 -0.5345990396857244 -0.5039561830424831 
0.795 -0.9109315883529941 -0.8525082830670949 -0.7925932185159851 -0.7354916674423136 -0.683089678092918 -0.6358806916918457 -0.5936870293878931 -0.5560595894012698 -0.5224744438340847 -0.4924210365413052 
0.8 -0.8983870715238534 -0.8381353398780186 -0.7775274894095975 -0.7204338965797581 -0.6684193989746708 -0.621780218367834 -0.5802275775140775 -0.5432528622587693 -0.5103017355828554 -0.4808492210838939 
0.805 -0.8851161552173681 -0.8232472233471139 -0.7621091373652203 -0.7051356282166338 -0.6535830113161992 -0.60756276569484 -0.5666839657044449 -0.5303843009689274 -0.4980826929809867 -0.46924205397460117 
0.81 -0.8711377297662921 -0.8078620098596301 -0.746352065527354 -0.6896067072676303 -0.6385873180801576 -0.5932330437628697 -0.5530594995955448 -0.5174562679898678 -0.4858190374398561 -0.45760081353704135 
0.815 -0.8564707291184638 -0.7919973405602544 -0.7302696919442615 -0.6738565982571009 -0.6234388572099153 -0.5787955853392283 -0.5393573670715552 -0.5044710470075786 -0.47351243693411876 -0.4459267412304475 
0.82 -0.8411341146177812 -0.775670436834233 -0.7138749768098782 -0.657894409152223 -0.608143918583167 -0.5642547570397061 -0.5255806454432481 -0.4914308475648343 -0.46116450899674166 -0.434221043654086 
0.825 -0.8251468604083386 -0.7588981156882809 -0.6971804481177242 -0.6417289135296935 -0.5927085597360848 -0.5496147697054107 -0.5117323081402119 -0.47833780938108017 -0.44877682353912074 -0.42248489443503034 
0.83 -0.8085279403592978 -0.7416968049806026 -0.6801982258369262 -0.6253685712215953 -0.5771386204706045 -0.5348796880489154 -0.49781523096406277 -0.4651940063835487 -0.4363509055210515 -0.4107194359869911 
0.835 -0.791296316412608 -0.7240825584594803 -0.6629400447127608 -0.608821547570483 -0.5614397364496255 -0.5200534396356895 -0.483832197929364 -0.45200145048862217 -0.42388823747001997 -0.3989257811448795 
0.84 -0.7734709282599777 -0.7060710705778481 -0.6454172757847286 -0.5920957314062701 -0.545617351865141 -0.5051398232732072 -0.4697859067086174 -0.4387620951775785 -0.4113902618289423 -0.38710501471273395 
0.845 -0.7550706842602867 -0.6876776910572429 -0.6276409467118053 -0.5751987518526395 -0.5296767312475937 -0.49014251686174454 -0.45567897372090993 -0.4254778388787431 -0.3988583831295351 -0.3752581949759807 
0.85 -0.7361144535130131 -0.6689174391831427 -0.6096217609913297 -0.55813799407017 -0.5136229704967787 -0.47506508472535003 -0.4415139389323844 -0.41215052812474423 -0.386293970041834 -0.3633863551911212 
0.855 -0.7166210590072135 -0.6498050178175847 -0.5913701161419489 -0.5409206140177543 -0.49746100722615527 -0.45991098444762124 -0.42729327040905485 -0.39878196046507924 -0.37369835737924 -0.35149050499453216 
0.86 -0.6966092717717798 -0.6303548271149142 -0.5728961209181407 -0.5235535522909234 -0.4811956304677586 -0.44468357329744346 -0.41301936858295535 -0.3853738871990131 -0.3610728480800012 -0.3395716316408638 
0.865 -0.6760978059537124 -0.6105809779412003 -0.5542096116420896 -0.5060435471306562 -0.4648314897358059 -0.4293861143373999 -0.39869457017768606 -0.371928016054578 -0.3484187150677742 -0.3276307010577843 
0.87 -0.6551053147580531 -0.5904973049956623 -0.5353201677083889 -0.4883971467112342 -0.44837310351489956 -0.41402178218495483 -0.38432115186977167 -0.3584460138480431 -0.33573720285411673 -0.31566865885437845 
0.875 -0.6336503871899379 -0.5701173796146871 -0.5162371262786237 -0.47062072071100075 -0.4318248673365987 -0.3985936683106762 -0.3699013338882542 -0.344929508957225 -0.32302952889914954 -0.303686431492271 
0.88 -0.6117515455276293 -0.5494545222880569 -0.4969695962698868 -0.45272047114295344 -0.4151910614728507 -0.3831047859436182 -0.35543728361126214 -0.3313800933987655 -0.310296884994804 -0.2916849276747618 
0.885 -0.5894272434892085 -0.5285218149014242 -0.4775264717464129 -0.4347024426426357 -0.3984758580346599 -0.36755807491402603 -0.3409311188665034 -0.3177993246093599 -0.29754043896769927 -0.27966503968629036 
0.89 -0.5666958650303928 -0.5073321126223674 -0.45791644459358816 -0.41657253240279435 -0.38168332748342576 -0.3519564065389057 -0.3263849106190914 -0.30418872742381853 -0.2847613366135657 -0.26762764423786195 
0.895 -0.5435757236945374 -0.48589805554577786 -0.4381480165071474 -0.39833649944218935 -0.3648174450965526 -0.3363025880199465 -0.3118006853590247 -0.29054979659815106 -0.27196070325568045 -0.2555736026718967 
0.9 -0.5200850625750426 -0.46423208018107265 -0.41822951075469694 -0.37999997300308663 -0.347882097590687 -0.32059936589556004 -0.29718042806445355 -0.2768839993766058 -0.2591396443505549 -0.24350376107318158 
0.905 -0.49624205467662497 -0.442346430388231 -0.3981690834620671 -0.3615684609536248 -0.3308810889123269 -0.3048494293665459 -0.28252608592145134 -0.26319277696780335 -0.24629924549186402 -0.23141895127370865 
0.91 -0.4720648037346931 -0.42025316817058256 -0.37797473366437423 -0.3430473586269131 -0.31381814459955465 -0.28905541491806525 -0.2678395713419868 -0.24947754463840552 -0.23344057324357623 -0.21931999318289797 
0.915 -0.44757134573078444 -0.39796418483036355 -0.3576543134320583 -0.3244419561888619 -0.296696916690292 -0.2732199115169302 -0.2531227627125479 -0.2357396921595254 -0.2205646779615456 -0.20720769738069927 
0.92 -0.4227796500929882 -0.3754912107037198 -0.33721553912195007 -0.3057574439791958 -0.2795209910252802 -0.25734546318494633 -0.23837750426861953 -0.22198058699883128 -0.2076725975626324 -0.1950828657968612 
0.925 -0.3977076220969837 -0.3528458247591065 -0.3166659999566421 -0.2869989202812534 -0.2622938934007714 -0.24143456844090444 -0.22360560927462847 -0.20820157972218936 -0.19476535893905497 -0.1829462892741185 
0.93 -0.37237310563832804 -0.3300394670746899 -0.29601316415332846 -0.2681714022503087 -0.24501908972493236 -0.2254896826529549 -0.20880886757746792 -0.19440400670890476 -0.18184397471251332 -0.17079874403320622 
0.935 -0.34679388356116403 -0.3070834464547181 -0.2752643918493206 -0.24927982997164844 -0.22769998622571017 -0.20951322814086543 -0.1939890505997442 -0.18058918581399264 -0.1689094382125479 -0.1586409918809961 
0.94 -0.32098768474344935 -0.2839889461307374 -0.25442694809466937 -0.23032906328484382 -0.21033994183525362 -0.19350760311388795 -0.17914790555266236 -0.16675840909313785 -0.1559627243729659 -0.14647378748471576 
0.945 -0.2949721840533646 -0.2607670444677137 -0.23350799780764125 -0.21132389421187117 -0.19294228383045536 -0.17747517403890634 -0.1642871446635889 -0.15291294513356724 -0.14300480123798726 -0.13429788910337956 
0.95 -0.26876500035858697 -0.2374287187080615 -0.212514611489628 -0.19226907352347436 -0.17551029809843754 -0.16141825929237197 -0.14940845044642315 -0.13905405742837137 -0.13003664444977175 -0.12211406198681693 
0.955 -0.24238372290720395 -0.2139848305821854 -0.19145380773967294 -0.17316929940030656 -0.15804720361682992 -0.14533914043906163 -0.13451350522408553 -0.1251830228753154 -0.11705923654817389 -0.10992306536608831 
0.96 -0.2158458759235042 -0.19044618376179856 -0.17033254365837325 -0.15402917623150275 -0.1405561760730763 -0.12924010960483823 -0.11960401181113779 -0.11130112039802569 -0.10407354119979471 -0.09772562880516802 
0.965 -0.18916894604865095 -0.16682352958920602 -0.1491576454059333 -0.1348532637391055 -0.12304042259501309 -0.11312348427584228 -0.10468165822568955 -0.09740958515571047 -0.09108047222979075 -0.08552244208433689 
0.97 -0.16237045324632157 -0.14312744284097903 -0.12793590999705715 -0.11564618885966504 -0.1055031662119832 -0.09699152443756982 -0.08974804670568136 -0.08350957974002209 -0.07808090168769409 -0.07331418355811475 
0.975 -0.13546771245171124 -0.11936852935112205 -0.10667425019450065 -0.09641253736185885 -0.08794748314884678 -0.08084634959976912 -0.07480470042936052 -0.06960225128778133 -0.06507572957407746 -0.06110158069334119 
0.98 -0.10847822524704626 -0.09555753583096699 -0.085379360790054 -0.07715660689376343 -0.07037628840263564 -0.06469006418260523 -0.05985321896806696 -0.05568885766171791 -0.05206596395101392 -0.04888544881551075 
0.985 -0.08141951668299813 -0.07170461486862467 -0.06405757748869381 -0.05788271171241914 -0.05279271969009964 -0.04852503741077221 -0.04489542293565713 -0.041770807897740306 -0.03905269835713859 -0.03666663790135985 
0.99 -0.054308216937300494 -0.047820126381502695 -0.042715938484002125 -0.03859582255766632 -0.03520034030207048 -0.03235383930331382 -0.029933173448516977 -0.02784945562455784 -0.02603692251846159 -0.024445876074122085 
0.995 -0.027163221193158033 -0.023915882531751812 -0.021361930452809298 -0.019300741986881913 -0.017602270705619122 -0.0161785256137563 -0.014967844541714875 -0.0139257327587595 -0.013019277695509191 -0.012223610834736293 
1.0 0.0 0.0 0.0 0.0 0.0 0.0 0.0 0.0 0.0 0.0 
