0.0 0.0 0.0 0.0 0.0 0.0 0.0 0.0 0.0 0.0 0.0 
0.005 0.02716291191976051 0.023915421480799146 0.0213614005444179 0.019300188628072982 0.017601719125555623 0.016177989649490777 0.0149673314326301 0.013925245878822675 0.013018818152785676 0.01222317842431915 
0.01 0.05430848705845857 0.047820425197462296 0.042716170258851334 0.03859595872269287 0.03520038167633214 0.03235379809244125 0.02993306492122184 0.027849294513641917 0.026036721674249853 0.02444564614842831 
0.015 0.08141938412535091 0.07170458511822753 0.06405767165193431 0.05788288704573238 0.052792927858221185 0.048525241922706554 0.04489560100446907 0.041770947599423174 0.03905279517986433 0.036666691929314786 
0.02 0.10847825282412103 0.09555745866400095 0.08537925389342278 0.07715654093689556 0.07037629142956009 0.06469013332903932 0.05985333718267373 0.05568900470653911 0.05206612177701029 0.04888560343723476 
0.025 0.13546772938454746 0.11936857840413595 0.10667424610407619 0.0964124735702762 0.08794739645490973 0.08084627787766875 0.07480466638882262 0.06960226221209737 0.06507578230671757 0.061101666709526076 
0.03 0.16237043213580343 0.14312744371548444 0.1279359505964646 0.11564621917183945 0.10550315403170576 0.09699147227690384 0.08974797544789757 0.08350951222354758 0.07808085458029132 0.07331416560099523 
0.035 0.18916895713571977 0.16682351239249021 0.14915763605007368 0.13485328818452247 0.12304045898054736 0.11312350211764469 0.10468164352042464 0.09740954149195577 0.09108041260910053 0.08552238122972408 
0.04 0.2158458738707558 0.19044619219600709 0.17033253060374168 0.15402916236736217 0.14055618648967236 0.12924013958354105 0.11960404052617797 0.11130113031227726 0.10407352582577578 0.09772559141712302 
0.045 0.2423837210419083 0.21398483232852566 0.1914538148481224 0.1731692898146887 0.15804718870391646 0.1453391411243875 0.13451352554384338 0.12518305140787833 0.11705925829499354 0.10992307012102928 
0.05 0.26876500245241314 0.23742871482344036 0.2125146147004494 0.19226907988103512 0.17551029124814588 0.16141824508613362 0.1494084451823478 0.1390540687965157 0.13003666791201113 0.12211408686060013 
0.055 0.29497218301379974 0.2607670458359738 0.2335079941433351 0.21132389799690113 0.19294228967481583 0.17747516929066162 0.16428713191938857 0.15291293663486522 0.1430048055870543 0.13429790613176387 
0.06 0.3209876848876857 0.2839889468233246 0.25442694780879666 0.23032906035991324 0.210339945824871 0.193507608558226 0.17914790240253972 0.16675839803859155 0.1559627144135736 0.1464737868119056 
0.065 0.3467938837816225 0.3070834456015994 0.27526439338800507 0.24927982848529692 0.22769998409070916 0.2095132321651163 0.19398905570813976 0.18058918387484627 0.1689094288183385 0.15864098155243703 
0.07 0.3723731054183917 0.33003946726704964 0.2960131638464714 0.26817140359879804 0.24501908756941937 0.22548968122874744 0.20880887155290606 0.1944040115239454 0.18184397369124733 0.1707987361578528 
0.075 0.3977076221992965 0.3528458249691502 0.3166659994235678 0.2869989208542998 0.26229389409386866 0.2414345660120112 0.22360560845298 0.20820158360680024 0.19476536349264034 0.18294628894981863 
0.08 0.42277965008329 0.37549121052306483 0.33721553939429655 0.3057574433574629 0.27952099212846804 0.25734546313824425 0.23837750182486753 0.2219805866745136 0.20767260133577956 0.19508287011476186 
0.085 0.44757134570524304 0.3979641848490991 0.35765431357017513 0.3244419559756066 0.2966969165157091 0.2732199127076472 0.2531227620223777 0.2357396898564007 0.2205646780420564 0.20720770103336478 
0.09 0.4720648037582011 0.4202531682267676 0.3779747335149375 0.3430473589128401 0.3138181440586769 0.2890554153054276 0.26783957230332306 0.24947754346243106 0.23344057116637737 0.21931999359027785 
0.095 0.4962420546661587 0.4423464303512805 0.3981690834494518 0.36156846102810963 0.3308810889237296 0.30484942889134165 0.2825260867193518 0.26319277753586345 0.24629924399000602 0.23141894946230965 
0.1 0.5200850625757679 0.4642320801803861 0.41822951081883153 0.37999997287234144 0.3478820978464642 0.32059936555953794 0.2971804279218708 0.276884000351581 0.2591396444779851 0.2435037593832191 
0.105 0.5435757236973694 0.4858980555597013 0.4381480164932006 0.39833649941918486 0.36481744512287106 0.3363025881568692 0.31180068487651075 0.2905497968553676 0.27196070419807705 0.2555736023831454 
0.11 0.5666958650278696 0.5073321126150124 0.45791644457185304 0.41657253246201015 0.38168332736621424 0.35195640674695 0.3263849104780438 0.3041887270390181 0.2847613371980037 0.2676276450005631 
0.115 0.5894272434903259 0.5285218149003719 0.4775264717586964 0.4347024426478325 0.39847585800867086 0.3675580749062566 0.3409311190571173 0.3177993242458144 0.2975404388375219 0.27966504046457985 
0.12 0.611751545527543 0.5494545222913333 0.4969695962748538 0.45272047111651703 0.415191061525095 0.38310478583753 0.35543728376944317 0.33138009340053304 0.31029688457162946 0.29168492784520395 
0.125 0.6336503871896433 0.5701173796132399 0.5162371262721043 0.4706207207111653 0.43182486735442027 0.3985936682844877 0.3699013338574179 0.34492950915769727 0.3230295286809683 0.30368643116905014 
0.13 0.6551053147583231 0.5904973049952793 0.5353201677084778 0.4883971467227963 0.44837310349217374 0.41402178223057134 0.38432115177332926 0.35844601396130626 0.3357372029451694 0.31566865849782083 
0.135 0.6760978059535879 0.6105809779419439 0.5542096116446824 0.5060435471293934 0.46483148972522903 0.4293861143629823 0.3986945701523737 0.37192801600875464 0.34841871525460766 0.3276307009666709 
0.14 0.696609271771796 0.6303548271146258 0.5728961209172424 0.5235535522860116 0.4811956304774435 0.4446835732816208 0.41301936862276467 0.38537388711108644 0.36107284815565216 0.3395716317793805 
0.145 0.7166210590072414 0.6498050178174801 0.5913701161412104 0.5409206140188666 0.49746100723194514 0.4599109844307008 0.4272932704391159 0.3987819604410296 0.37369835732415185 0.3514905051570195 
0.15 0.7361144535129848 0.6689174391833099 0.609621760991939 0.5581379940721695 0.5136229704927147 0.47506508472882447 0.44151393892407076 0.4121505281595726 0.3862939699614653 0.3633863552365596 
0.155 0.7550706842603022 0.6876776910571841 0.627640946711883 0.5751987518518975 0.5296767312445883 0.49014251687102617 0.45567897370175114 0.4254778389111098 0.398858383106844 0.37525819491559764 
0.16 0.7734709282599765 0.7060710705778243 0.6454172757844566 0.5920957314055006 0.5456173518668272 0.5051398232737887 0.46978590670516207 0.4387620951762199 0.4113902618595145 0.3871050146390792 
0.165 0.7912963164126074 0.7240825584595186 0.6629400447128291 0.6088215475709099 0.5614397364511214 0.5200534396312381 0.48383219793797616 0.4520014504701928 0.42388823750326593 0.3989257811235166 
0.17 0.8085279403593014 0.7416968049805907 0.6801982258370093 0.6253685712218607 0.5771386204698995 0.5348796880475766 0.49781523096927666 0.46519400637438674 0.4363509055256518 0.4107194360139183 
0.175 0.825146860408338 0.7588981156882786 0.6971804481176658 0.6417289135294673 0.592708559735358 0.5496147697072938 0.5117323081377658 0.47833780938625337 0.4487768235232616 0.4224848944682232 
0.18 0.8411341146177791 0.7756704368342419 0.7138749768098676 0.6578944091521463 0.6081439185834595 0.5642547570407788 0.5255806454395979 0.49143084757255007 0.4611645089837857 0.4342210436635517 
0.185 0.8564707291184592 0.7919973405602518 0.7302696919442907 0.6738565982572093 0.623438857210256 0.5787955853385317 0.5393573670714382 0.504471047008789 0.4735124369347159 0.4459267412181251 
0.19 0.8711377297662897 0.8078620098596323 0.7463520655273513 0.6896067072676412 0.6385873180800294 0.5932330437621971 0.5530594995973859 0.5174562679863017 0.48581903744757254 0.4576008135221962 
0.195 0.8851161552173691 0.8232472233471178 0.7621091373652138 0.7051356282165827 0.6535830113160389 0.6075627656950442 0.5666839657051722 0.5303843009664488 0.4980826929855657 0.46924205397069835 
0.2 0.8983870715238548 0.8381353398780157 0.7775274894096043 0.7204338965797652 0.668419398974725 0.6217802183681976 0.5802275775133846 0.5432528622594457 0.5103017355813946 0.48084922108967787 
0.205 0.9109315883529946 0.8525082830670915 0.792593218515989 0.7354916674423377 0.6830896780929877 0.6358806916918139 0.5936870293872748 0.5560595894029409 0.5224744438305864 0.49242103654786823 
0.21 0.9227308769358976 0.866347525768534 0.8072919074967999 0.7502986898411055 0.6975867623854927 0.6498592862122412 0.6070588902160645 0.568802036212912 0.5345990396843677 0.503956183043929 
0.215 0.933766189856982 0.879634074591325 0.8216085943439656 0.7648442791056453 0.7119032624545063 0.663710900107109 0.6203395950994282 0.5814776674764961 0.5466736850244497 0.5154533020589893 
0.22 0.9440188827978354 0.8923484545388285 0.8355277394862728 0.7791172870022205 0.7260314643583505 0.6774302151197902 0.6335254363848045 0.5940838532530809 0.5586964780002425 0.5269109914631259 
0.225 0.9534704383548805 0.9044706938778847 0.8490331909378294 0.7931060694622705 0.7399633063659037 0.6910116813227958 0.6466125539904244 0.6066178627462532 0.5706654491070887 0.5383278029633104 
0.23 0.962102492048333 0.9159803093641478 0.8621081471842924 0.8067984516522072 0.7536903537031805 0.704449500586124 0.6595969249412559 0.6190768577050658 0.5825785569817693 0.5497022393791043 
0.235 0.969896860648429 0.9268562919687647 0.8747351176442344 0.8201816901129259 0.7672037710735087 0.7177376086109555 0.6724743520362587 0.6314578853082486 0.5944336838889694 0.5610327517309994 
0.24 0.9768355729478931 0.9370770932798516 0.8868958805319473 0.8332424316654015 0.7804942927048064 0.7308696553713074 0.6852404515553141 0.643757870479628 0.6062286308695473 0.5723177361247447 
0.245 0.9829009030646065 0.9466206127908354 0.8985714379387097 0.8459666687420783 0.7935521896451584 0.7438389837857208 0.6978906399027307 0.6559736075769089 0.6179611125181925 0.5835555304132541 
0.25 0.9880754065315419 0.9554641862817943 0.9097419679428491 0.8583396907626455 0.8063672339905678 0.7566386064173718 0.7104201190710223 0.6681017513889258 0.6296287513543523 0.5947444106157339 
0.255 0.9923419590165005 0.963584575606565 0.9203867735408471 0.8703460311258865 0.8189286596857706 0.7692611799735994 0.7228238607935086 0.6801388073685202 0.6412290717461554 0.6058825870714701 
0.26 0.9956837980116996 0.9709579602338769 0.9304842281917405 0.8819694093339805 0.8312251194890066 0.7816989773441316 0.7350965892368166 0.6920811210190203 0.6527594933423055 0.616968200303221 
0.265 0.9980845685078249 0.9775599306370787 0.9400117177803793 0.8931926677055213 0.8432446376333671 0.793943856880427 0.7472327620641193 0.7039248663418475 0.6642173239615239 0.627999316562369 
0.27 0.9995283671587069 0.9833654845453114 0.9489455787254244 0.9039977020667385 0.8549745576500634 0.80598722857538 0.75922654967652 0.7156660332406437 0.6755997518829672 0.6389739230247905 
0.275 0.9999997975285452 0.9883490263235845 0.9572610320340514 0.9143653857187652 0.8664014847399137 0.8178200167523995 0.7710718124126517 0.7273004137633707 0.686903837473987 0.6498899226028125 
0.28 0.9994840350474767 0.9924843675803274 0.9649321132736265 0.9242754858904614 0.8775112219848895 0.8294326188136234 0.7827620754548048 0.7388235870477666 0.6981265040835251 0.6607451283345225 
0.285 0.9979668572092752 0.9957447371732782 0.971931597765536 0.9337065718168625 0.8882886995834304 0.840814859527232 0.7942905011526378 0.7502309028167677 0.7092645281201401 0.6715372573070394 
0.29 0.9954347216622175 0.9981027950017286 0.9782309209734064 0.9426359133849895 0.8987178961685058 0.8519559402518925 0.8056498584317054 0.7615174632487615 0.720314528223022 0.6822639240650364 
0.295 0.9918748401284366 0.9995306196431213 0.9838000958516684 0.9510393691200831 0.9087817511049319 0.8628443823987804 0.8168324889026018 0.77267810302207 0.7312729534217998 0.6929226334496605 
0.3 0.9872752322094951 0.9999997682840988 0.9886076224830794 0.958891262480217 0.9184620664751129 0.8734679643138291 0.8278302692254202 0.7837073673034091 0.7421360701670162 0.703510772806114 
0.305 0.98162480142974 0.999481377478927 0.9926203896418372 0.9661642447937645 0.9277393972876261 0.8838136506242715 0.8386345692117476 0.7945994874149728 0.7528999480957511 0.7140256034899548 
0.31 0.974913410967086 0.9979460352017245 0.995803591440763 0.9728291421372353 0.9365929281541984 0.8938675129308742 0.8492362050604964 0.8053483538737242 0.7635604443788131 0.7244642515931302 
0.315 0.9671319610008924 0.9953638898351398 0.9981206163286802 0.9788547864027077 0.9450003342333411 0.9036146405202399 0.8596253870207243 0.8159474864473496 0.7741131864706244 0.7348236977997049 
0.32 0.9582724704354312 0.9917048161376325 0.9995328525399308 0.9842078292703823 0.9529376241320628 0.9130390395146192 0.8697916606493667 0.8263900008141942 0.7845535530611193 0.7451007662693442 
0.325 0.9483281609744633 0.9869384038698843 0.9999996980509506 0.9888525250084378 0.9603789622248721 0.9221235186085148 0.8797238406817863 0.8366685713431355 0.7948766529890782 0.7552921124313128 
0.33 0.9372935438915679 0.9810340490767246 0.9994786382633261 0.9927504916897851 0.967296465902904 0.9308495592012865 0.8894099363551773 0.8467753894318614 0.8050773018537536 0.7653942095562314 
0.335 0.9251645091355526 0.973961080159827 0.9979246616283529 0.9958604841781666 0.9736599732482649 0.9391971671528692 0.8988370668015128 0.8567021167309621 0.8151499959936631 0.775403333950828 
0.34 0.9119384162884435 0.9656888785897481 0.9952902344775231 0.9981380596249392 0.9794367809317195 0.9471447028457798 0.907991364842377 0.8664398324861874 0.8250888834880182 0.78531554860162 
0.345 0.8976141869842229 0.9561870268764548 0.9915255370464643 0.9995350721841995 0.9845913423250034 0.954668686067387 0.9168578671907802 0.8759789740263184 0.834887731711711 0.7951266850597289 
0.35 0.8821923982231046 0.9454254817242935 0.9865781324194276 0.9999995745046937 0.9890849017902585 0.961743570881918 0.9254203886980523 0.8853092693756401 0.8445398909960404 0.8048323233371185 
0.355 0.8656753759732612 0.9333747716466662 0.9803928117142157 0.9994757899132249 0.9928750930885922 0.9683414828206569 0.9336613776996909 0.8944196604790299 0.8540382537097292 0.8144277695295499 
0.36 0.8480672883661796 0.9200062241478145 0.9729115687202007 0.9979026963348235 0.9959155293028663 0.9744319128000519 0.9415617487348864 0.903298215822116 0.8633752081869431 0.8239080308625206 
0.365 0.8293742377055193 0.9052922243720251 0.9640735206848011 0.9952135575295796 0.9981551502948012 0.9799813648925473 0.9491006883427526 0.9119320297077375 0.8725425864572922 0.8332677877584644 
0.37 0.8096043504314903 0.8892065075714627 0.9538148565622282 0.9913361158929351 0.9995372862067046 0.9849529341346487 0.9562554291078236 0.9203071074387208 0.8815316050863448 0.8425013625287296 
0.375 0.788767864100322 0.8717244879082485 0.942068837369979 0.9861915151737971 0.9999993893877062 0.98930578355486 0.9630009841772297 0.9284082304795475 0.8903327974316758 0.8516026840967612 
0.38 0.7668772103629476 0.8528236254449474 0.9287658432688904 0.9796933244768072 0.9994728042109141 0.9929945721376757 0.9693098321105581 0.9362188037991559 0.8989359366420001 0.8605652482597375 
0.385 0.7439470928567213 0.8324838327904696 0.9138334899275119 0.9717467905026603 0.9978800899196036 0.9959688318509731 0.9751515452673032 0.9437206700210697 0.9073299463376912 0.8693820725445254 
0.39 0.7199945588622737 0.8106879221395775 0.8971968370877241 0.9622478398721261 0.9951336333058932 0.9981719119729209 0.980492354426058 0.9508939048882645 0.9155027989207548 0.8780456451323563 
0.395 0.6950390635272959 0.7874220924533238 0.8787787138290601 0.9510819178393248 0.991135531865542 0.9995395033310914 0.9852946056179124 0.957716552892074 0.923441395430672 0.8865478662033379 
0.4 0.6691025254224903 0.7626764552918286 0.8585001934221292 0.9381227290374503 0.9857750953865867 0.9999991382633505 0.989516084984999 0.9641643520272571 0.9311314293421041 0.8948799814271906 
0.405 0.6422093721753683 0.7364455962368008 0.8362812566484243 0.9232308318552666 0.9789259715218281 0.9994696527382392 0.9931092692925306 0.9702103352274357 0.9385572207325842 0.9030325043414448 
0.41 0.6143865749274899 0.7087291669416594 0.8120416893260726 0.9062520923149984 0.970443376001276 0.9978567829685958 0.9960204933303515 0.9758244667758091 0.9457015309407597 0.9109951286018544 
0.415 0.5856636703829597 0.6795325006097359 0.7857022672306601 0.8870160278964032 0.9601603800763099 0.995050201393211 0.9981883549195423 0.9809730281440342 0.9525453268695657 0.9187566228362887 
0.42 0.5560727692628276 0.6488672411470712 0.7571862879237693 0.865334085002442 0.9478830733013233 0.9909225993687198 0.9995417625566091 0.9856181233699859 0.9590675274323596 0.9263047137586493 
0.425 0.5256485500535155 0.6167519734228185 0.7264215134110127 0.8409979430644752 0.9333844669568205 0.9853247037708361 0.9999987431872177 0.9897165952765148 0.9652446512212554 0.9336259390959345 
0.43 0.49442823703897404 0.5832128390913045 0.6933425879456644 0.8137780116316802 0.9163966135993374 0.9780786519108929 0.9994665100477439 0.9932195374714553 0.9710504650148314 0.9407054912698517 
0.435 0.4624515617366455 0.5482841194304856 0.6578939888269195 0.7834223995272535 0.8966002851313952 0.9689703921607322 0.9978322183164315 0.9960705283083535 0.9764554361354228 0.9475270014833143 
0.44 0.42976070701666147 0.5120087638285076 0.6200335510647967 0.7496568128677722 0.8736113335175326 0.9577392578960696 0.9949640214787169 0.9982046382208274 0.9814262759259875 0.954072336233032 
0.445 0.39640023337095165 0.47443884015152493 0.5797365747843071 0.7121861059439032 0.8469624530934247 0.9440620557564126 0.9906937547729457 0.9995438016451093 0.9859249649886164 0.9603212559825842 
0.45 0.3624169870122369 0.4356358815432104 0.5370004724767982 0.6706985977327746 0.8160785385785101 0.9275318899403657 0.9848394344027792 0.9999987977431296 0.9899081472676897 0.9662511713256678 
0.455 0.32785998971931996 0.39567110355599505 0.49184983775650565 0.6248748017561284 0.7802431421906233 0.9076227141369014 0.9771279961323716 0.999462030802747 0.9933254827117912 0.971836529925339 
0.46 0.29278031060073423 0.3546254662096256 0.4443417169560295 0.57440288349605 0.7385527376370924 0.8836408330495875 0.9672996022348194 0.9978091151459234 0.9961193234084426 0.9770486531421074 
0.465 0.25723092021850824 0.3125895578868731 0.3945707439515871 0.5190038355900419 0.6898550904526695 0.8546344303454226 0.954855330453037 0.9948691199356254 0.9982202398454604 0.9818544438539023 
0.47 0.22126652779194958 0.26966328209524904 0.3426736698361406 0.4584696876392994 0.6326696608931436 0.8192493154024779 0.9394125461003037 0.9904579420314351 0.9995466450750431 0.9862167455173169 
0.475 0.1849434024811795 0.22595533409996332 0.28883270613962364 0.3927172709463261 0.565097445176091 0.7754624268265559 0.919938606902886 0.9842932498163925 0.9999972495828058 0.9900909336819145 
0.48 0.14831918002447214 0.1815824621450268 0.23327703747561448 0.32185685108330386 0.4847616116845391 0.7199522957253549 0.8957739685805333 0.9760884769695676 0.9994605782462423 0.9934282165506426 
0.485 0.11145265626505191 0.1366685171031927 0.17628188637564257 0.24626790817692074 0.38892707369651036 0.6469454533117867 0.8644346005637982 0.9653096113557196 0.9977784766206749 0.9961653518415359 
0.49 0.07440356934415011 0.09134330440410103 0.11816466303210041 0.16666347061086662 0.27520844921306126 0.5439217910454082 0.8241211174529647 0.9514511578337923 0.99478195998146 0.9982383037792757 
0.495 0.03723237255099186 0.045741262288501505 0.05927801699615421 0.08411384495666832 0.14363981513737453 0.3780100751419197 0.7666467472447359 0.9333326467349315 0.9901822422913684 0.9995441375991746 
0.5 1.451779630097074e-16 1.7839796175378942e-16 2.31331936198842e-16 3.2893218199648927e-16 5.689837662498338e-16 2.014205490447184e-15 2.0350630834906216e-13 3.5341688803147166e-10 1.7029924349747817e-6 0.011025246116951782 
0.505 -0.03723237255099161 -0.04574126228850127 -0.059278016996153864 -0.08411384495666799 -0.14363981513737534 -0.3780100751419203 -0.7666467472447384 -0.9333326467349324 -0.9901822422913565 -0.9995441375989208 
0.51 -0.07440356934414978 -0.0913433044041007 -0.11816466303210008 -0.16666347061086656 -0.27520844921306326 -0.5439217910454088 -0.8241211174529697 -0.951451157833791 -0.9947819599814598 -0.9982383037792959 
0.515 -0.11145265626505187 -0.13666851710319253 -0.17628188637564257 -0.24626790817692285 -0.38892707369650764 -0.6469454533117803 -0.8644346005638 -0.9653096113557167 -0.9977784766206721 -0.99616535184153 
0.52 -0.14831918002447214 -0.18158246214502682 -0.2332770374756152 -0.32185685108330503 -0.4847616116845379 -0.7199522957253488 -0.8957739685805364 -0.9760884769695644 -0.9994605782462407 -0.9934282165506408 
0.525 -0.18494340248117944 -0.22595533409996382 -0.28883270613962564 -0.39271727094632525 -0.5650974451760935 -0.775462426826563 -0.9199386069028883 -0.9842932498163921 -0.9999972495828054 -0.9900909336819071 
0.53 -0.22126652779195016 -0.26966328209525037 -0.3426736698361405 -0.45846968763929874 -0.6326696608931398 -0.8192493154024824 -0.9394125461003023 -0.9904579420314378 -0.9995466450750455 -0.9862167455173151 
0.535 -0.25723092021850846 -0.312589557886874 -0.3945707439515861 -0.5190038355900417 -0.6898550904526618 -0.8546344303454227 -0.9548553304530353 -0.9948691199356248 -0.9982202398454622 -0.9818544438539053 
0.54 -0.29278031060073473 -0.3546254662096251 -0.44434171695603003 -0.5744028834960508 -0.7385527376370928 -0.8836408330495917 -0.9672996022348154 -0.9978091151459211 -0.9961193234084413 -0.9770486531421119 
0.545 -0.32785998971931996 -0.3956711035559941 -0.49184983775650504 -0.624874801756125 -0.7802431421906298 -0.9076227141369052 -0.9771279961323671 -0.9994620308027466 -0.9933254827117859 -0.9718365299253412 
0.55 -0.36241698701223646 -0.43563588154321026 -0.5370004724767989 -0.670698597732768 -0.8160785385785143 -0.9275318899403656 -0.9848394344027808 -0.9999987977431287 -0.9899081472676827 -0.9662511713256665 
0.555 -0.3964002333709513 -0.47443884015152443 -0.5797365747843093 -0.7121861059439003 -0.8469624530934245 -0.9440620557564112 -0.9906937547729476 -0.9995438016451094 -0.9859249649886144 -0.9603212559825847 
0.56 -0.42976070701666125 -0.5120087638285068 -0.6200335510647944 -0.7496568128677742 -0.8736113335175345 -0.9577392578960674 -0.9949640214787165 -0.9982046382208297 -0.9814262759259921 -0.9540723362330357 
0.565 -0.4624515617366462 -0.5482841194304857 -0.6578939888269144 -0.7834223995272586 -0.8966002851314001 -0.9689703921607276 -0.9978322183164298 -0.9960705283083512 -0.976455436135427 -0.9475270014833171 
0.57 -0.4944282370389745 -0.5832128390913053 -0.6933425879456607 -0.8137780116316836 -0.9163966135993389 -0.9780786519108903 -0.9994665100477417 -0.9932195374714491 -0.9710504650148326 -0.9407054912698491 
0.575 -0.5256485500535144 -0.6167519734228174 -0.7264215134110121 -0.8409979430644743 -0.9333844669568181 -0.9853247037708396 -0.9999987431872167 -0.9897165952765085 -0.9652446512212545 -0.9336259390959317 
0.58 -0.5560727692628278 -0.6488672411470685 -0.7571862879237727 -0.8653340850024417 -0.9478830733013222 -0.9909225993687233 -0.9995417625566096 -0.9856181233699838 -0.9590675274323575 -0.9263047137586516 
0.585 -0.5856636703829597 -0.6795325006097326 -0.7857022672306654 -0.8870160278964051 -0.9601603800763082 -0.9950502013932113 -0.9981883549195432 -0.9809730281440383 -0.9525453268695677 -0.9187566228362906 
0.59 -0.614386574927489 -0.7087291669416587 -0.8120416893260746 -0.906252092315002 -0.9704433760012713 -0.9978567829685945 -0.996020493330349 -0.9758244667758129 -0.9457015309407609 -0.9109951286018523 
0.595 -0.6422093721753667 -0.7364455962368022 -0.8362812566484223 -0.9232308318552677 -0.9789259715218251 -0.9994696527382381 -0.993109269292524 -0.9702103352274374 -0.9385572207325806 -0.9030325043414408 
0.6 -0.6691025254224893 -0.7626764552918311 -0.8585001934221272 -0.9381227290374479 -0.9857750953865886 -0.9999991382633496 -0.9895160849849921 -0.9641643520272548 -0.9311314293421024 -0.8948799814271905 
0.605 -0.695039063527296 -0.787422092453328 -0.878778713829061 -0.9510819178393237 -0.991135531865545 -0.9995395033310925 -0.9852946056179096 -0.9577165528920735 -0.9234413954306744 -0.8865478662033381 
0.61 -0.7199945588622748 -0.8106879221395795 -0.8971968370877264 -0.9622478398721246 -0.9951336333058936 -0.9981719119729228 -0.9804923544260603 -0.9508939048882665 -0.9155027989207556 -0.8780456451323555 
0.615 -0.7439470928567212 -0.832483832790469 -0.9138334899275118 -0.9717467905026568 -0.9978800899196028 -0.9959688318509727 -0.9751515452673066 -0.9437206700210691 -0.9073299463376883 -0.869382072544525 
0.62 -0.7668772103629488 -0.8528236254449472 -0.9287658432688902 -0.9796933244768057 -0.9994728042109139 -0.9929945721376712 -0.9693098321105594 -0.9362188037991536 -0.8989359366419967 -0.8605652482597386 
0.625 -0.7887678641003237 -0.8717244879082499 -0.9420688373699779 -0.9861915151737999 -0.9999993893877072 -0.9893057835548543 -0.9630009841772276 -0.9284082304795468 -0.8903327974316748 -0.8516026840967637 
0.63 -0.8096043504314904 -0.889206507571466 -0.9538148565622261 -0.9913361158929385 -0.9995372862067056 -0.9849529341346465 -0.9562554291078222 -0.9203071074387208 -0.8815316050863454 -0.8425013625287331 
0.635 -0.8293742377055178 -0.9052922243720258 -0.9640735206847985 -0.9952135575295801 -0.998155150294803 -0.9799813648925502 -0.9491006883427526 -0.9119320297077352 -0.8725425864572927 -0.8332677877584672 
0.64 -0.8480672883661796 -0.9200062241478146 -0.9729115687201978 -0.9979026963348222 -0.9959155293028679 -0.9744319128000555 -0.9415617487348843 -0.9032982158221129 -0.8633752081869441 -0.8239080308625226 
0.645 -0.8656753759732615 -0.9333747716466675 -0.9803928117142136 -0.9994757899132243 -0.9928750930885889 -0.9683414828206574 -0.9336613776996896 -0.8944196604790281 -0.8540382537097317 -0.8144277695295504 
0.65 -0.8821923982231046 -0.9454254817242931 -0.9865781324194276 -0.9999995745046939 -0.9890849017902539 -0.961743570881917 -0.9254203886980542 -0.885309269375639 -0.8445398909960431 -0.8048323233371165 
0.655 -0.8976141869842238 -0.9561870268764535 -0.9915255370464657 -0.9995350721842009 -0.9845913423250028 -0.9546686860673845 -0.9168578671907792 -0.875978974026318 -0.8348877317117123 -0.7951266850597258 
0.66 -0.9119384162884425 -0.9656888785897471 -0.9952902344775231 -0.9981380596249412 -0.9794367809317218 -0.9471447028457771 -0.9079913648423743 -0.8664398324861876 -0.8250888834880176 -0.7853155486016202 
0.665 -0.9251645091355525 -0.9739610801598245 -0.9979246616283513 -0.9958604841781677 -0.9736599732482668 -0.9391971671528677 -0.8988370668015117 -0.8567021167309629 -0.8151499959936617 -0.7754033339508299 
0.67 -0.9372935438915686 -0.9810340490767233 -0.9994786382633267 -0.9927504916897817 -0.9672964659029026 -0.9308495592012869 -0.8894099363551757 -0.8467753894318625 -0.80507730185375 -0.7653942095562306 
0.675 -0.9483281609744629 -0.9869384038698847 -0.9999996980509515 -0.9888525250084328 -0.9603789622248694 -0.922123518608515 -0.879723840681784 -0.8366685713431372 -0.7948766529890746 -0.7552921124313108 
0.68 -0.9582724704354317 -0.9917048161376338 -0.9995328525399299 -0.9842078292703813 -0.9529376241320601 -0.9130390395146167 -0.869791660649368 -0.8263900008141947 -0.7845535530611205 -0.7451007662693412 
0.685 -0.9671319610008935 -0.9953638898351405 -0.9981206163286821 -0.9788547864027084 -0.9450003342333385 -0.9036146405202373 -0.8596253870207257 -0.8159474864473474 -0.7741131864706254 -0.7348236977997009 
0.69 -0.9749134109670853 -0.9979460352017244 -0.9958035914407647 -0.9728291421372351 -0.936592928154197 -0.8938675129308722 -0.8492362050604962 -0.805348353873721 -0.7635604443788124 -0.724464251593127 
0.695 -0.9816248014297408 -0.999481377478927 -0.9926203896418334 -0.9661642447937641 -0.9277393972876259 -0.8838136506242686 -0.8386345692117486 -0.7945994874149709 -0.7528999480957504 -0.7140256034899564 
0.7 -0.9872752322094972 -0.9999997682840986 -0.9886076224830751 -0.9588912624802155 -0.9184620664751129 -0.8734679643138289 -0.8278302692254217 -0.7837073673034094 -0.7421360701670133 -0.7035107728061165 
0.705 -0.9918748401284376 -0.9995306196431214 -0.9838000958516662 -0.9510393691200805 -0.9087817511049312 -0.8628443823987814 -0.8168324889026013 -0.77267810302207 -0.7312729534217954 -0.6929226334496622 
0.71 -0.9954347216622174 -0.9981027950017292 -0.9782309209734062 -0.942635913384988 -0.8987178961685052 -0.8519559402518923 -0.8056498584317028 -0.7615174632487617 -0.7203145282230202 -0.6822639240650384 
0.715 -0.9979668572092747 -0.9957447371732795 -0.9719315977655361 -0.9337065718168628 -0.8882886995834297 -0.8408148595272301 -0.7942905011526363 -0.750230902816768 -0.7092645281201415 -0.6715372573070414 
0.72 -0.9994840350474765 -0.9924843675803268 -0.9649321132736275 -0.9242754858904626 -0.877511221984889 -0.8294326188136234 -0.782762075454805 -0.7388235870477651 -0.6981265040835277 -0.6607451283345239 
0.725 -0.9999997975285438 -0.9883490263235809 -0.9572610320340511 -0.9143653857187647 -0.8664014847399152 -0.8178200167523997 -0.7710718124126517 -0.7273004137633675 -0.6869038374739889 -0.6498899226028125 
0.73 -0.9995283671587061 -0.9833654845453094 -0.9489455787254234 -0.9039977020667385 -0.8549745576500651 -0.8059872285753777 -0.7592265496765197 -0.7156660332406437 -0.6755997518829683 -0.6389739230247892 
0.735 -0.9980845685078271 -0.97755993063708 -0.9400117177803796 -0.8931926677055226 -0.8432446376333667 -0.7939438568804251 -0.7472327620641186 -0.7039248663418505 -0.6642173239615246 -0.6279993165623692 
0.74 -0.9956837980117018 -0.9709579602338796 -0.9304842281917398 -0.8819694093339802 -0.8312251194890057 -0.7816989773441324 -0.7350965892368138 -0.6920811210190227 -0.6527594933423069 -0.6169682003032239 
0.745 -0.9923419590164999 -0.9635845756065654 -0.9203867735408481 -0.8703460311258862 -0.8189286596857706 -0.7692611799735992 -0.7228238607935066 -0.6801388073685217 -0.641229071746155 -0.6058825870714726 
0.75 -0.9880754065315407 -0.9554641862817925 -0.9097419679428491 -0.8583396907626476 -0.8063672339905664 -0.7566386064173711 -0.7104201190710242 -0.6681017513889276 -0.6296287513543525 -0.5947444106157359 
0.755 -0.982900903064606 -0.9466206127908338 -0.8985714379387092 -0.8459666687420803 -0.7935521896451572 -0.7438389837857191 -0.6978906399027348 -0.6559736075769103 -0.6179611125181952 -0.5835555304132559 
0.76 -0.976835572947893 -0.9370770932798518 -0.8868958805319467 -0.8332424316654021 -0.7804942927048071 -0.7308696553713043 -0.6852404515553164 -0.6437578704796283 -0.6062286308695498 -0.5723177361247456 
0.765 -0.9698968606484293 -0.9268562919687674 -0.8747351176442347 -0.8201816901129259 -0.767203771073509 -0.7177376086109551 -0.6724743520362587 -0.6314578853082486 -0.5944336838889717 -0.5610327517309994 
0.77 -0.9621024920483334 -0.9159803093641488 -0.8621081471842933 -0.8067984516522062 -0.75369035370318 -0.7044495005861273 -0.6595969249412563 -0.6190768577050685 -0.5825785569817706 -0.5497022393791062 
0.775 -0.9534704383548804 -0.9044706938778837 -0.8490331909378322 -0.7931060694622704 -0.7399633063659021 -0.6910116813227982 -0.6466125539904245 -0.6066178627462554 -0.5706654491070875 -0.5383278029633144 
0.78 -0.9440188827978352 -0.892348454538828 -0.835527739486275 -0.7791172870022218 -0.726031464358349 -0.6774302151197901 -0.6335254363848046 -0.5940838532530829 -0.5586964780002418 -0.5269109914631274 
0.785 -0.9337661898569842 -0.8796340745913259 -0.8216085943439638 -0.7648442791056466 -0.7119032624545076 -0.6637109001071096 -0.6203395950994296 -0.581477667476498 -0.546673685024453 -0.515453302058988 
0.79 -0.9227308769358991 -0.8663475257685347 -0.807291907496798 -0.7502986898411041 -0.6975867623854953 -0.649859286212241 -0.6070588902160667 -0.5688020362129127 -0.5345990396843704 -0.5039561830439285 
0.795 -0.9109315883529935 -0.8525082830670945 -0.7925932185159877 -0.7354916674423347 -0.6830896780929904 -0.6358806916918133 -0.5936870293872777 -0.5560595894029419 -0.522474443830586 -0.49242103654786773 
0.8 -0.8983870715238548 -0.838135339878019 -0.777527489409604 -0.7204338965797631 -0.6684193989747265 -0.6217802183681987 -0.5802275775133864 -0.5432528622594481 -0.5103017355813932 -0.4808492210896772 
0.805 -0.8851161552173697 -0.8232472233471165 -0.7621091373652142 -0.7051356282165857 -0.6535830113160416 -0.6075627656950454 -0.5666839657051732 -0.5303843009664508 -0.4980826929855645 -0.4692420539706979 
0.81 -0.8711377297662897 -0.8078620098596296 -0.7463520655273512 -0.6896067072676433 -0.638587318080031 -0.5932330437621984 -0.5530594995973883 -0.5174562679863017 -0.48581903744757204 -0.45760081352219667 
0.815 -0.8564707291184614 -0.791997340560253 -0.7302696919442889 -0.6738565982572107 -0.6234388572102569 -0.5787955853385337 -0.5393573670714411 -0.504471047008788 -0.47351243693471606 -0.44592674121812476 
0.82 -0.8411341146177825 -0.7756704368342425 -0.7138749768098667 -0.6578944091521469 -0.6081439185834614 -0.5642547570407814 -0.5255806454395977 -0.49143084757254935 -0.4611645089837861 -0.4342210436635496 
0.825 -0.8251468604083386 -0.7588981156882789 -0.6971804481176667 -0.6417289135294673 -0.5927085597353592 -0.5496147697072965 -0.5117323081377638 -0.47833780938625314 -0.4487768235232606 -0.4224848944682224 
0.83 -0.8085279403593006 -0.7416968049805912 -0.6801982258370102 -0.6253685712218615 -0.5771386204699012 -0.534879688047577 -0.49781523096927577 -0.4651940063743874 -0.4363509055256501 -0.41071943601391964 
0.835 -0.7912963164126061 -0.7240825584595172 -0.6629400447128284 -0.6088215475709098 -0.5614397364511247 -0.520053439631236 -0.4838321979379766 -0.4520014504701928 -0.4238882375032653 -0.3989257811235175 
0.84 -0.7734709282599759 -0.7060710705778243 -0.6454172757844571 -0.592095731405501 -0.545617351866828 -0.5051398232737865 -0.4697859067051632 -0.4387620951762192 -0.4113902618595158 -0.3871050146390785 
0.845 -0.7550706842603018 -0.6876776910571843 -0.6276409467118845 -0.5751987518519002 -0.5296767312445878 -0.4901425168710252 -0.45567897370175114 -0.42547783891110963 -0.3988583831068447 -0.37525819491559637 
0.85 -0.7361144535129848 -0.668917439183309 -0.6096217609919393 -0.558137994072173 -0.5136229704927129 -0.475065084728824 -0.44151393892406987 -0.4121505281595739 -0.3862939699614644 -0.36338635523655927 
0.855 -0.7166210590072422 -0.6498050178174795 -0.5913701161412102 -0.5409206140188675 -0.4974610072319429 -0.4599109844307008 -0.42729327043911547 -0.39878196044103076 -0.3736983573241505 -0.3514905051570192 
0.86 -0.6966092717717969 -0.6303548271146272 -0.5728961209172437 -0.5235535522860102 -0.4811956304774421 -0.44468357328162017 -0.41301936862276595 -0.3853738871110863 -0.3610728481556517 -0.3395716317793801 
0.865 -0.6760978059535881 -0.6105809779419448 -0.5542096116446851 -0.5060435471293915 -0.46483148972522903 -0.42938611436298096 -0.39869457015237497 -0.3719280160087541 -0.3484187152546078 -0.3276307009666709 
0.87 -0.6551053147583231 -0.5904973049952791 -0.5353201677084785 -0.4883971467227948 -0.4483731034921737 -0.4140217822305714 -0.38432115177332915 -0.3584460139613063 -0.33573720294516973 -0.31566865849782016 
0.875 -0.6336503871896441 -0.5701173796132409 -0.5162371262721023 -0.47062072071116556 -0.4318248673544196 -0.3985936682844885 -0.3699013338574176 -0.34492950915769793 -0.32302952868096796 -0.3036864311690493 
0.88 -0.6117515455275438 -0.549454522291336 -0.49696959627485116 -0.45272047111651725 -0.41519106152509455 -0.38310478583752966 -0.3554372837694433 -0.33138009340053304 -0.31029688457162824 -0.29168492784520395 
0.885 -0.5894272434903254 -0.5285218149003728 -0.47752647175869606 -0.43470244264783137 -0.39847585800867125 -0.3675580749062566 -0.3409311190571182 -0.3177993242458131 -0.29754043883752157 -0.2796650404645805 
0.89 -0.5666958650278701 -0.50733211261501 -0.4579164445718538 -0.4165725324620095 -0.38168332736621424 -0.35195640674695 -0.32638491047804324 -0.3041887270390175 -0.284761337198004 -0.2676276450005639 
0.895 -0.5435757236973703 -0.48589805555969995 -0.4381480164932002 -0.3983364994191847 -0.3648174451228715 -0.3363025881568692 -0.31180068487650964 -0.29054979685536786 -0.27196070419807816 -0.2555736023831459 
0.9 -0.5200850625757666 -0.4642320801803864 -0.4182295108188307 -0.37999997287234183 -0.34788209784646495 -0.3205993655595372 -0.2971804279218707 -0.276884000351582 -0.259139644477986 -0.24350375938321916 
0.905 -0.49624205466615706 -0.4423464303512812 -0.39816908344945195 -0.3615684610281097 -0.33088108892372975 -0.3048494288913412 -0.28252608671935214 -0.2631927775358647 -0.24629924399000602 -0.2314189494623092 
0.91 -0.4720648037582018 -0.4202531682267663 -0.37797473351493716 -0.3430473589128407 -0.31381814405867614 -0.2890554153054282 -0.2678395723033244 -0.24947754346243092 -0.23344057116637695 -0.2193199935902788 
0.915 -0.4475713457052434 -0.3979641848490982 -0.35765431357017513 -0.32444195597560627 -0.2966969165157086 -0.2732199127076486 -0.25312276202237827 -0.2357396898563999 -0.2205646780420571 -0.2072077010333661 
0.92 -0.4227796500832893 -0.37549121052306494 -0.3372155393942968 -0.3057574433574616 -0.27952099212846915 -0.2573454631382451 -0.23837750182486703 -0.22198058667451392 -0.20767260133578044 -0.19508287011476244 
0.925 -0.39770762219929623 -0.35284582496915 -0.3166659994235675 -0.28699892085429957 -0.26229389409386994 -0.24143456601201074 -0.2236056084529801 -0.20820158360680094 -0.19476536349264092 -0.18294628894981912 
0.93 -0.3723731054183917 -0.33003946726704964 -0.29601316384647136 -0.2681714035987988 -0.24501908756941954 -0.22548968122874744 -0.2088088715529064 -0.19440401152394604 -0.18184397369124755 -0.17079873615785301 
0.935 -0.3467938837816227 -0.3070834456015994 -0.27526439338800546 -0.2492798284852976 -0.22769998409070924 -0.2095132321651168 -0.19398905570814018 -0.18058918387484643 -0.1689094288183388 -0.15864098155243703 
0.94 -0.3209876848876857 -0.2839889468233243 -0.25442694780879727 -0.23032906035991338 -0.2103399458248713 -0.19350760855822666 -0.17914790240254005 -0.16675839803859155 -0.15596271441357343 -0.1464737868119057 
0.945 -0.29497218301380007 -0.26076704583597415 -0.23350799414333528 -0.21132389799690116 -0.19294228967481644 -0.1774751692906624 -0.1642871319193889 -0.15291293663486522 -0.14300480558705442 -0.13429790613176387 
0.95 -0.2687650024524129 -0.23742871482344077 -0.21251461470044947 -0.1922690798810357 -0.1755102912481468 -0.16141824508613406 -0.1494084451823478 -0.1390540687965158 -0.1300366679120113 -0.12211408686060019 
0.955 -0.2423837210419087 -0.2139848323285256 -0.19145381484812307 -0.17316928981468938 -0.15804718870391696 -0.14533914112438756 -0.13451352554384344 -0.12518305140787855 -0.11705925829499378 -0.10992307012102963 
0.96 -0.21584587387075657 -0.19044619219600709 -0.17033253060374232 -0.1540291623673625 -0.14055618648967252 -0.12924013958354139 -0.1196040405261783 -0.11130113031227759 -0.10407352582577628 -0.09772559141712366 
0.965 -0.18916895713571977 -0.16682351239249066 -0.149157636050074 -0.1348532881845228 -0.12304045898054759 -0.11312350211764496 -0.10468164352042507 -0.0974095414919563 -0.09108041260910123 -0.08552238122972475 
0.97 -0.16237043213580377 -0.14312744371548478 -0.12793595059646487 -0.11564621917183986 -0.10550315403170613 -0.09699147227690431 -0.08974797544789824 -0.08350951222354824 -0.07808085458029199 -0.07331416560099589 
0.975 -0.13546772938454787 -0.11936857840413637 -0.10667424610407675 -0.09641247357027687 -0.0879473964549104 -0.08084627787766942 -0.07480466638882312 -0.06960226221209778 -0.06507578230671796 -0.06110166670952637 
0.98 -0.1084782528241217 -0.09555745866400171 -0.08537925389342332 -0.07715654093689596 -0.07037629142956037 -0.06469013332903943 -0.059853337182673785 -0.0556890047065391 -0.05206612177701022 -0.048885603437234595 
0.985 -0.08141938412535137 -0.07170458511822778 -0.06405767165193439 -0.05788288704573236 -0.0527929278582211 -0.048525241922706484 -0.04489560100446907 -0.041770947599423174 -0.03905279517986433 -0.036666691929314786 
0.99 -0.0543084870584584 -0.04782042519746213 -0.04271617025885117 -0.038595958722692704 -0.035200381676332056 -0.03235379809244125 -0.029933064921221872 -0.027849294513641935 -0.026036721674249853 -0.02444564614842831 
0.995 -0.02716291191976055 -0.02391542148079916 -0.02136140054441791 -0.019300188628073024 -0.017601719125555665 -0.01617798964949082 -0.014967331432630142 -0.013925245878822707 -0.013018818152785718 -0.012223178424319192 
1.0 0.0 0.0 0.0 0.0 0.0 0.0 0.0 0.0 0.0 0.0 
