0.0 0.0 0.0 0.0 0.0 0.0 0.0 0.0 0.0 0.0 0.0 
0.005 0.027148654927369224 0.02390461950966361 0.021352921515098124 0.019293349201591453 0.017596081648285383 0.01617326041794252 0.014963305767220283 0.013921776632751605 0.013015796743928042 NaN 
0.01 0.0542800100849379 0.047798841174166364 0.042699223909116304 0.038582287214066605 0.035189111563470245 0.03234434294966572 0.02992501594189605 0.02784235773216673 0.026030680129698548 NaN 
0.015 0.08137676114666427 0.0716722588816382 0.06403228140823654 0.05786239815183016 0.052776034799494234 0.04851106751402513 0.04488353341759829 0.041760546706322045 0.039043736047723494 NaN 
0.02 0.10842159468762137 0.0955144499745053 0.08534545491691105 0.0771292567234217 0.0703537899754277 0.06467124963409904 0.0598372580562512 0.055675144843576135 0.05205404888386809 NaN 
0.025 0.135397183668652 0.1193149669459261 0.10663208531630194 0.09637842349624735 0.08791930603561521 0.08082269822444604 0.07478458516258986 0.06958495024633908 0.06506070076296432 NaN 
0.03 0.16228618296221453 0.14306332909934258 0.12788548671369013 0.1156054401223318 0.10546949898278234 0.09696321336045736 0.08972390394690305 0.08348875675715507 0.07806277078723066 NaN 
0.035 0.1890712249336064 0.16674901415881357 0.14909893962617748 0.13480582451176196 0.12300126857486683 0.11309058402369246 0.10465359597207677 0.09738535287450337 0.09105933426790014 NaN 
0.04 0.21573491509218773 0.19036144981779587 0.17026568408174234 0.1539750659402594 0.14051149497612908 0.12920258581693084 0.11957203358083517 0.11127352065562356 0.10404946194826645 NaN 
0.045 0.24225982782764952 0.21389000521395318 0.19137891262035553 0.17310862007696556 0.1579970353528948 0.14529697864258181 0.13447757829903498 0.12515203460365446 0.11703221921636449 NaN 
0.05 0.2686285022470807 0.2373239823175667 0.21243176317738682 0.19220190391807865 0.1754547204039225 0.16137150433782876 0.14936857921071625 0.13901966053630213 0.13000666530545651 NaN 
0.055 0.294823438129223 0.26065260722110944 0.2334173118310924 0.21125029061151637 0.19288135081506763 0.17742388425967992 0.16424337130044198 0.15287515443311117 0.14297185248040115 NaN 
0.06 0.32082709201316795 0.2838650213174482 0.2543285653953424 0.23024910415719074 0.21027369362750367 0.19345181681286433 0.17910027375837262 0.16671726125839445 0.1559268252079757 NaN 
0.065 0.34662187343966244 0.3069502723541708 0.2751584538380816 0.24919361396680534 0.22762847850822757 0.2094529749130974 0.19393758824321505 0.18054471375666317 0.16887061930909383 NaN 
0.07 0.37219014136429274 0.3298973053514486 0.2958998225052549 0.26807902926636845 0.24494239391114014 0.22542500337804605 0.20875359709808333 0.19435623121735363 0.18180226109080794 NaN 
0.075 0.3975142007629405 0.352694953370908 0.316545424129045 0.2869004933236408 0.26221208311620986 0.24136551623774882 0.22354656151396587 0.20815051820543654 0.19472076645592262 NaN 
0.08 0.42257629945122327 0.37533192812295174 0.33708791059840865 0.305653077481971 0.2794341401336897 0.2572720939559294 0.23831471963526976 0.22192626325432355 0.2076251399878372 NaN 
0.085 0.44735862514108843 0.39779681039995685 0.3575198244686553 0.3243317749806405 0.29660510545944596 0.27314228055305334 0.253056284601591 0.23568213751736755 0.22051437400826138 NaN 
0.09 0.4718433027592954 0.42007804032298207 0.3778335901858831 0.34293149454087873 0.31372146166666465 0.28897358062144024 0.26776944251946727 0.24941679337392625 0.23338744760520963 NaN 
0.095 0.49601239205415576 0.44216390738952016 0.3980215050005221 0.36144705369515867 0.3307796288181638 0.30476345622212936 0.282452350357552 0.2631288629858148 0.246243325628565 NaN 
0.1 0.5198478855188923 0.4640425403102229 0.4180757295430562 0.37987317183602626 0.3477759596824716 0.320509323652437 0.29710313375815917 0.27681695679968193 0.2590809576503855 NaN 
0.105 0.5433317066617972 0.48570189662247115 0.437988278033308 0.39820446295899997 0.36470673473563603 0.33620855007242767 0.3117198847576603 0.29047966199053576 0.27189927688688237 NaN 
0.11 0.566445708655739 0.5071297520691956 0.45775100809296315 0.41643542807221584 0.38156815692931256 0.3518584499776031 0.32630065940770797 0.3041155408413487 0.28469719907886987 NaN 
0.115 0.589171673401642 0.5283136897315324 0.47735561012927613 0.43456044724357124 0.3983563462042753 0.3674562815041754 0.3408434752886448 0.3177231290533131 0.2974736213272309 NaN 
0.12 0.6114913110433056 0.5492410889044765 0.4967935962556715 0.4525737712536891 0.41506733372672006 0.3829992425521971 0.35534630890582247 0.33130093398092514 0.3102274208797134 NaN 
0.125 0.6333862599733104 0.569899113705295 0.5160562887130059 0.4704695128207288 0.4316970558230076 0.3984844667106411 0.36980709295879094 0.34484743278564645 0.32295745386518204 NaN 
0.13 0.6548380873728105 0.5902747014050683 0.5351348077526057 0.48824163736013665 0.4482413475863062 0.41390901896724874 0.3842237134726035 0.35836107050138566 0.3356625539710262 NaN 
0.135 0.6758282903308587 0.6103545504748692 0.5540200589397869 0.5058839532395104 0.46469593612640864 0.429269891184402 0.3985940067794966 0.3718402580045982 0.3483415310592538 NaN 
0.14 0.6963382975921233 0.6301251083389405 0.5727027198336181 0.5233901014852683 0.4810564334314322 0.44456399732075497 0.41291575633830346 0.3852833698811292 0.3609931697164052 NaN 
0.145 0.7163494719852613 0.6495725588287768 0.5911732259956761 0.5407535448941282 0.4973183288072491 0.459788168376473 0.42718668937781806 0.3986887421813063 0.3736162277319925 NaN 
0.15 0.7358431135876136 0.668682809333483 0.6094217562772084 0.5579675564982407 0.5134769808574345 0.47493914703796103 0.44140447334916244 0.41205467005417173 0.3862094344998564 NaN 
0.155 0.7548004636857596 0.687441477643825 0.6274382173304673 0.5750252073281457 0.529527608962899 0.4900135819956898 0.45556671217080097 0.425379405250776 0.3987714893362634 NaN 
0.16 0.773202709595138 0.7058338784895782 0.6452122272861646 0.5919193534127234 0.5454652842165846 0.5050080219062554 0.46967094224847583 0.4386611534858 0.4113010597081634 NaN 
0.165 0.7910309904061618 0.7238450097725497 0.6627330985347237 0.6086426219494607 0.5612849197641482 0.519918908966966 0.48371462825048644 0.451898071645613 0.4237967793643832 NaN 
0.17 0.8082664037282775 0.741459538500865 0.6799898195444298 0.6251873965721638 0.5769812604967001 0.5347425720682398 0.4976951586171026 0.46508826482995486 0.43625724636198715 NaN 
0.175 0.8248900135078437 0.7586617864338286 0.696971035644725 0.6415458016361455 0.5925488720361332 0.549475219485434 0.511609840780674 0.47822978321311205 0.4486810209792787 NaN 
0.18 0.8408828590000688 0.7754357154511218 0.7136650286975526 0.6577096854329987 0.6079821289476305 0.5641129310679719 0.5254558960707751 0.49132061870928456 0.46106662350620764 NaN 
0.185 0.8562259649797642 0.7917649126653068 0.7300596955739892 0.6736706022383453 0.623275202106692 0.5786516498791501 0.5392304542760696 0.5043587014252279 0.4734125319021521 NaN 
0.19 0.8709003532802941 0.8076325753025979 0.7461425253471397 0.6894197930862414 0.638422045140643 0.5930871732350811 0.5529305478318227 0.5173418958816514 0.48571717930997915 NaN 
0.195 0.8848870557546815 0.8230214953839118 0.7619005751059461 0.7049481651526429 0.6534163798555416 0.6074151430856735 0.5665531055985744 0.5302679969831325 0.4979789514143991 NaN 
0.2 0.8981671287573545 0.8379140442463615 0.777320444287267 0.7202462696184547 0.6682516805496842 0.6216310356742466 0.5800949461939522 0.5431347257140285 0.5101961836314398 NaN 
0.205 0.9107216692496054 0.8522921569549426 0.7923882474161993 0.7353042778684873 0.6829211571036948 0.6357301504052875 0.5935527708355165 0.5559397245358151 0.5223671581144697 NaN 
0.21 0.9225318326361391 0.8661373166649876 0.8070895851366789 0.7501119558674556 0.697417736724462 0.6497075978418672 0.6069231556476973 0.5686805524585662 0.5344901005609466 NaN 
0.215 0.9335788524442618 0.8794305390087584 0.8214095134057623 0.7646586365365471 0.7117340442059198 0.6635582867449871 0.620202543381 0.5813546797563147 0.5465631768024615 NaN 
0.22 0.9438440619610349 0.8921523565941948 0.8353325107162857 0.7789331899344437 0.7258623805532717 0.6772769100568612 0.633387234485403 0.5939594822929759 0.5585844891585706 NaN 
0.225 0.9533089179472813 0.9042828037206271 0.8488424432030625 0.7929239910246418 0.7397946997985255 0.6908579297183253 0.6464733774732226 0.6064922354217906 0.5705520725333274 NaN 
0.23 0.9619550265501228 0.9158014014357777 0.861922527478206 0.8066188847856928 0.7535225838140849 0.7042955601969558 0.6594569584992594 0.6189501074167628 0.5824638902309662 NaN 
0.235 0.969764171538053 0.9266871430805549 0.8745552910310719 0.8200051483926969 0.7670372149066752 0.7175837505871041 0.6723337900771807 0.6313301523904045 0.5943178294645115 NaN 
0.24 0.9767183449840403 0.9369184804937732 0.8867225300181623 0.8330694501663274 0.7803293459457659 0.7307161651254096 0.6850994988409492 0.6436293026463745 0.606111696528551 NaN 
0.245 0.9827997805226052 0.9464733110780953 0.8984052642582246 0.8457978049489744 0.7933892677487322 0.7436861619448357 0.6977495122492897 0.655844360409505 0.6178432116040455 NaN 
0.25 0.9879909893061657 0.9553289659619616 0.9095836892377179 0.8581755255261626 0.8062067734076847 0.7564867698666901 0.7102790441175414 0.6679719888690966 0.6295100031592412 NaN 
0.255 0.9922747987839885 0.9634621995302827 0.920237124922496 0.8701871696642398 0.8187711191999631 0.7691106630033266 0.7226830788464943 0.6800087024631903 0.6411096019069863 NaN 
0.26 0.9956343944233694 0.9708491806400409 0.9303439611631108 0.8818164822811199 0.8310709816745749 0.7815501329121312 0.7349563542006371 0.6919508563224981 0.6526394342737633 NaN 
0.265 0.998053364487297 0.9774654858860798 0.9398815994742079 0.8930463322053704 0.8430944104490914 0.7937970580052951 0.7470933424678871 0.7037946347825205 0.6640968153305207 NaN 
0.27 0.9995157479752628 0.9832860953381322 0.9488263909636965 0.9038586429083143 0.8548287761837344 0.8058428698768305 0.759088229809946 0.7155360388601555 0.6754789411294067 NaN 
0.275 1.0000060858239204 0.9882853912328969 0.9571535701859714 0.9142343165128421 0.8662607131209581 0.8176785161584071 0.7709348935853935 0.7271708725775204 0.6867828803833683 NaN 
0.28 0.9995094754516 0.9924371601758782 0.9648371846961401 0.9241531502896839 0.8773760554857075 0.8292944194570453 0.7826268773959874 0.7386947279998003 0.6980055654177796 NaN 
0.285 0.9980116287150512 0.9957145994870699 0.971850020091138 0.9335937447450735 0.8881597669331306 0.8406804318584657 0.7941573635701117 0.7501029688353261 0.7091437823140453 NaN 
0.29 0.9954989333276918 0.9980903284132329 0.9781635203401611 0.9425334022803893 0.8985958621014738 0.8518257843983859 0.8055191427538626 0.7613907124248229 0.7201941601545122 NaN 
0.295 0.9919585177658462 0.9995364050283086 0.983747703234233 0.950948015262708 0.9086673191755874 0.8627190308072411 0.8167045802294435 0.7725528099215476 0.7311531592660762 NaN 
0.3 0.9873783196628411 1.0000243497524928 0.9885710708258184 0.9588119421807206 0.9183559821850799 0.8733479847185172 0.8277055785204226 0.7835838244348194 0.7420170583455024 NaN 
0.305 0.981747157659487 0.9995251765406639 0.9926005147884172 0.9660978703711663 0.9276424515446566 0.8836996493930378 0.838513535771867 0.7944780068751305 0.7527819403332549 NaN 
0.31 0.9750548066438929 0.9980094329215744 0.9958012167086913 0.9727766635813092 0.9365059610844968 0.8937601388460664 0.8491192993085215 0.8052292691981897 0.7634436768835746 NaN 
0.315 0.967292076272788 0.9954472502109722 0.9981365434366591 0.9788171923787601 0.9449242395060514 0.9035145890646323 0.8595131136723086 0.8158311546975856 0.7739979112562199 NaN 
0.32 0.9584508926206589 0.9918084053732996 0.9995679377707386 0.9841861451254271 0.952873353820955 0.9129470577605856 0.8696845623182005 0.8262768049387408 0.7844400394291501 NaN 
0.325 0.9485243827521029 0.9870623961664613 1.0000548049563207 0.9888478168913096 0.9603275318717537 0.9220404108103974 0.8796225020002995 0.836558922858965 0.7947651892006335 NaN 
0.33 0.9375069619561447 0.9811785313703796 0.9995543957413725 0.9927638732886696 0.967258960473106 0.9307761931726367 0.8893149887008983 0.8466697314772418 0.8049681970134662 NaN 
0.335 0.9253944233196906 0.9741260380687822 0.9980216870786429 0.9958930857503339 0.9736375550255714 0.9391344816304298 0.8987491937375848 0.8566009275598772 0.8150435821878037 NaN 
0.34 0.9121840292505068 0.9658741881198416 0.9954092620125032 0.9981910342490709 0.9794306956071365 0.9470937161574083 0.9079113084165871 0.8663436294703606 0.8249855182175914 NaN 
0.345 0.8978746044883735 0.9563924461087977 0.9916671908669259 0.999609772849151 0.9846029234980688 0.9546305060224706 0.9167864352718867 0.8758883182887633 0.8347878006219377 NaN 
0.35 0.8824666300673363 0.9456506412146873 0.9867429165921495 1.0000974527886166 0.989115590785916 0.9617194058920938 0.9253584635223143 0.8852247711119433 0.8444438112062452 NaN 
0.355 0.8659623376126441 0.933619165532757 0.9805811480731539 0.9995978970056021 0.9929264540558989 0.9683326561083404 0.9336099258712238 0.8943419852321793 0.8539464771451819 NaN 
0.36 0.848365803273851 0.9202692014587571 0.9731237664029089 0.9980501191415416 0.9959892010991943 0.9744398799474876 0.9415218331362518 0.9032280916279808 0.8632882243669449 NaN 
0.365 0.829683040512466 0.9055729807434647 0.9643097506369883 0.9953877790843524 0.9982528969379288 0.9800077289048942 0.9490734823914763 0.9118702558785967 0.8724609483426897 NaN 
0.37 0.8099220908791506 0.8895040777420911 0.9540751314450542 0.9915385660750174 0.9996613320943841 0.9849994647804309 0.9562422332795824 0.9202545641866796 0.8814557781832468 NaN 
0.375 0.7890931118341544 0.8720377391884759 0.9423529834395225 0.9864234993335629 1.0001522516848222 0.9893744643795075 0.9630032458363423 0.9283658917461629 0.8902640845913254 NaN 
0.38 0.7672084605870844 0.853151252486767 0.9290734698829954 0.9799561351457823 0.9996564382692539 0.9930876287533532 0.9693291714680082 0.936187749995308 0.8988718365885341 NaN 
0.385 0.7442827728606451 0.8328243539996611 0.9141639570476239 0.9720416685345239 0.9980966139856104 0.9960886737326629 0.9751897865002982 0.9437021072460494 0.9072852444659998 NaN 
0.39 0.7203330354201113 0.8110396780855025 0.897549219811643 0.9625759172627859 0.9953861177120793 0.9983212715669825 0.9805515547880354 0.9508891880911877 0.9154224423847214 NaN 
0.395 0.6953786511586504 0.7877832466581314 0.8791517651989424 0.9514441763884306 0.9914272999490118 0.9997220040492445 0.9853771019690833 0.9577271818003573 0.9235320142496983 NaN 
0.4 0.6694414954911309 0.7630449977778893 0.8588923065172706 0.9385199335789769 0.9861095605327875 1.0002190745241866 0.989624578706544 0.964192139238934 0.9306940417025089 NaN 
0.405 0.6425459627883884 0.7368193501981837 0.8366904274597216 0.923663439977979 0.9793069303793305 0.9997307080669042 0.9932468830176239 0.9702570272502337 0.9398037541123302 NaN 
0.41 0.6147190015832859 0.7091057988704543 0.8124654827779536 0.9067201403223665 0.9708750655789594 0.9981631434610044 0.9961907020125563 0.9758922803991416 0.942156787388826 NaN 
0.415 0.5859901373014762 0.6799095341482247 0.7861377894439977 0.8875189819912858 0.9606474764775161 0.9954080836579466 0.9983953203768166 0.9810690777597608 0.9618399506889275 NaN 
0.42 0.5563914813166175 0.6492420748512983 0.7576301687522672 0.8658706500559806 0.9484307501867032 0.9913394172150429 0.9997911125408856 0.9857115556294164 0.9369159987782694 NaN 
0.425 0.5259577252032238 0.6171219025100676 0.7268699042108901 0.8415658209509722 0.9339984337797255 0.9858089421343449 1.0002976703749624 0.9899896470371163 1.015177312158399 NaN 
0.43 0.4947261191626111 0.5835750811059028 0.6937911802743864 0.8143736014597253 0.9170831145317573 0.978640699480869 0.999821221619982 0.9928986577714534 0.8736207413221971 NaN 
0.435 0.46273643372858 0.548635843603588 0.6583380600692206 0.7840404378003004 0.8973660439383602 0.9696233296658501 0.9982514894586509 0.9981049242119665 1.1680492917211933 NaN 
0.44 0.4300309040202886 0.5123471237362099 0.6204680424435947 0.7502899639496629 0.8744633757822052 0.9584995496369236 0.9954592019788691 0.992710737304324 0.6988878021882123 NaN 
0.445 0.39665415599858367 0.47476100910291863 0.58015620537022 0.7128245386011564 0.8479076851788814 0.9449513289985025 0.9912752938297398 1.0163902955138477 1.496729341503356 NaN 
0.45 0.36265311439768527 0.4359390899693974 0.5373998892114905 0.6713296302183559 0.8171228535671712 0.9285784403164504 0.9855570670512702 0.9586335754960484 0.46012399238928736 NaN 
0.455 0.3280768922429709 0.39595267753722996 0.4922237959174789 0.625482774123755 0.7813895957654287 0.9088663467396574 0.9779192097348823 1.0980526739510375 1.9448556285228997 NaN 
0.46 0.29297666212404866 0.3548828661846208 0.4446852782008378 0.5749695222523045 0.7397978966434808 0.8851369145873988 0.9682415010383479 0.8122443131807313 0.27486669516183593 NaN 
0.465 0.25740550966514864 0.31282041654638376 0.3948794712315902 0.5195094834256971 0.691181792192709 0.8564671908239047 0.957239952415604 1.3707661543479575 2.3667471630339154 NaN 
0.47 0.2214182699162349 0.26986544047657507 0.34294379226702354 0.4588957827170588 0.6340329491109569 0.8215461542186236 0.9343420165601442 0.5181900756939114 0.16126380823165448 NaN 
0.475 0.18507134767137534 0.22612687496844328 0.2890612253918338 0.39305017659743 0.5663987709554458 0.778477462052192 0.9489815831420111 1.8882299538785128 2.7251132162241682 NaN 
0.48 0.1484225229985997 0.1817217398633805 0.2334617533608553 0.3220923212144179 0.4858125602952726 0.7240293953395962 0.8135472153827132 0.24706368445743124 0.08833145593341446 NaN 
0.485 0.11153074353026039 0.1367741833342678 0.17642133430918905 0.24641417281834788 0.38945171819221613 0.6525866872769273 1.102774530652344 2.438568122984841 3.043794680387848 NaN 
0.49 0.07445590530706682 0.09141432914903212 0.11825797785685056 0.1667400107631054 0.2750512253415452 0.5588128626841973 0.42282256474433105 0.09077606464222611 0.03791862014674137 NaN 
0.495 0.03725862418545315 0.04577694990838285 0.05932475995666647 0.08414406595114862 0.14318663035660525 0.3866584707322211 1.726231978462783 2.8872984784777196 3.237537086619288 NaN 
0.5 1.4528040529310903e-16 1.7853730657028648e-16 2.315142442365497e-16 3.290380665449685e-16 5.664030126631659e-16 1.7982853520143693e-15 1.8407923448761546e-13 3.146625304348592e-8 0.20906548152185 NaN 
0.505 -0.03725862418545284 -0.045776949908382505 -0.05932475995666604 -0.08414406595114796 -0.1431866303566046 -0.38665847073222165 -1.726231978462992 -2.887298510218687 -3.4472178930730295 NaN 
0.51 -0.07445590530706649 -0.09141432914903173 -0.1182579778568499 -0.16674001076310488 -0.2750512253415456 -0.5588128626841993 -0.4228225647443003 -0.09077606413799726 -0.0367435720303076 NaN 
0.515 -0.11153074353026023 -0.13677418333426747 -0.17642133430918921 -0.24641417281834888 -0.38945171819221813 -0.6525866872769299 -1.1027745306523509 -2.4385681232212955 -3.044358747119153 NaN 
0.52 -0.1484225229985997 -0.18172173986338097 -0.23346175336085595 -0.32209232121441855 -0.4858125602952726 -0.7240293953395968 -0.8135472153827048 -0.24706368444620305 -0.08832360221534111 NaN 
0.525 -0.18507134767137556 -0.22612687496844353 -0.28906122539183365 -0.3930501765974301 -0.5663987709554483 -0.7784774620521927 -0.94898158314201 -1.8882299538831633 -2.725116783095484 NaN 
0.53 -0.22141826991623556 -0.26986544047657524 -0.34294379226702365 -0.4588957827170602 -0.6340329491109595 -0.8215461542186174 -0.9343420165601455 -0.5181900756933832 -0.1612637125462027 NaN 
0.535 -0.25740550966514797 -0.3128204165463831 -0.3948794712315911 -0.5195094834256978 -0.6911817921927107 -0.8564671908239015 -0.9572399524156087 -1.3707661543481422 -2.3667472032906742 NaN 
0.54 -0.2929766621240488 -0.35488286618462156 -0.4446852782008384 -0.5749695222523058 -0.7397978966434808 -0.8851369145873952 -0.9682415010383462 -0.8122443131806957 -0.27486669320540735 NaN 
0.545 -0.3280768922429709 -0.39595267753722996 -0.49222379591747806 -0.6254827741237554 -0.7813895957654265 -0.9088663467396598 -0.9779192097348821 -1.0980526739510492 -1.9448556292541137 NaN 
0.55 -0.36265311439768527 -0.43593908996939773 -0.5373998892114918 -0.6713296302183589 -0.8171228535671675 -0.928578440316453 -0.9855570670512697 -0.9586335754960481 -0.46012399232549667 NaN 
0.555 -0.3966541559985832 -0.47476100910291863 -0.5801562053702201 -0.712824538601157 -0.8479076851788775 -0.9449513289985021 -0.9912752938297407 -1.0163902955138562 -1.4967293415232668 NaN 
0.56 -0.4300309040202886 -0.5123471237362099 -0.620468042443596 -0.7502899639496616 -0.8744633757822076 -0.9584995496369217 -0.995459201978867 -0.9927107373043281 -0.6988878021853677 NaN 
0.565 -0.46273643372858 -0.5486358436035883 -0.6583380600692239 -0.7840404378002953 -0.8973660439383621 -0.9696233296658539 -0.998251489458651 -0.9981049242119716 -1.1680492917219196 NaN 
0.57 -0.4947261191626111 -0.5835750811059042 -0.6937911802743864 -0.8143736014597248 -0.9170831145317568 -0.9786406994808694 -0.9998212216199869 -0.9928986577714537 -0.8736207413220561 NaN 
0.575 -0.5259577252032238 -0.6171219025100679 -0.7268699042108883 -0.8415658209509729 -0.9339984337797247 -0.9858089421343411 -1.0002976703749666 -0.989989647037119 -1.0151773121584309 NaN 
0.58 -0.5563914813166178 -0.6492420748512996 -0.7576301687522686 -0.8658706500559771 -0.9484307501867074 -0.9913394172150454 -0.999791112540884 -0.9857115556294141 -0.9369159987782639 NaN 
0.585 -0.5859901373014769 -0.6799095341482247 -0.7861377894439984 -0.8875189819912838 -0.9606474764775128 -0.9954080836579503 -0.9983953203768268 -0.9810690777597484 -0.9618399506889345 NaN 
0.59 -0.6147190015832859 -0.7091057988704543 -0.8124654827779522 -0.9067201403223689 -0.9708750655789572 -0.9981631434610031 -0.9961907020125639 -0.9758922803991404 -0.9421567873888167 NaN 
0.595 -0.6425459627883884 -0.7368193501981843 -0.836690427459719 -0.923663439977979 -0.9793069303793331 -0.9997307080669048 -0.9932468830176207 -0.9702570272502373 -0.9398037541123313 NaN 
0.6 -0.6694414954911309 -0.7630449977778886 -0.8588923065172708 -0.9385199335789763 -0.9861095605327868 -1.0002190745241961 -0.9896245787065413 -0.9641921392389287 -0.9306940417025096 NaN 
0.605 -0.6953786511586504 -0.7877832466581314 -0.8791517651989424 -0.9514441763884312 -0.9914272999490111 -0.9997220040492506 -0.9853771019690807 -0.9577271818003603 -0.9235320142496901 NaN 
0.61 -0.7203330354201113 -0.8110396780855025 -0.897549219811643 -0.9625759172627859 -0.99538611771208 -0.9983212715669858 -0.9805515547880327 -0.9508891880911885 -0.9154224423847225 NaN 
0.615 -0.7442827728606451 -0.8328243539996611 -0.9141639570476239 -0.9720416685345239 -0.9980966139856114 -0.9960886737326671 -0.9751897865002964 -0.9437021072460459 -0.907285244466001 NaN 
0.62 -0.7672084605870844 -0.853151252486767 -0.9290734698829954 -0.9799561351457831 -0.9996564382692571 -0.9930876287533498 -0.9693291714680115 -0.936187749995306 -0.8988718365885288 NaN 
0.625 -0.7890931118341544 -0.8720377391884759 -0.942352983439523 -0.9864234993335629 -1.0001522516848291 -0.9893744643795069 -0.963003245836343 -0.928365891746163 -0.890264084591321 NaN 
0.63 -0.8099220908791506 -0.8895040777420911 -0.9540751314450555 -0.9915385660750174 -0.9996613320943893 -0.9849994647804263 -0.9562422332795816 -0.9202545641866798 -0.8814557781832466 NaN 
0.635 -0.829683040512466 -0.9055729807434647 -0.9643097506369888 -0.9953877790843523 -0.9982528969379328 -0.980007728904894 -0.9490734823914763 -0.9118702558785944 -0.8724609483426897 NaN 
0.64 -0.848365803273851 -0.9202692014587572 -0.9731237664029092 -0.9980501191415447 -0.9959892010991945 -0.9744398799474879 -0.94152183313625 -0.9032280916279778 -0.8632882243669452 NaN 
0.645 -0.8659623376126441 -0.9336191655327585 -0.9805811480731536 -0.9995978970056053 -0.9929264540558982 -0.9683326561083411 -0.9336099258712258 -0.8943419852321742 -0.8539464771451832 NaN 
0.65 -0.8824666300673363 -0.945650641214688 -0.9867429165921489 -1.0000974527886217 -0.9891155907859125 -0.9617194058920912 -0.9253584635223122 -0.8852247711119431 -0.8444438112062452 NaN 
0.655 -0.8978746044883735 -0.9563924461087973 -0.9916671908669242 -0.999609772849154 -0.9846029234980684 -0.9546305060224713 -0.9167864352718847 -0.8758883182887643 -0.8347878006219415 NaN 
0.66 -0.9121840292505068 -0.9658741881198435 -0.9954092620125018 -0.9981910342490737 -0.9794306956071362 -0.9470937161574091 -0.9079113084165839 -0.8663436294703576 -0.8249855182175946 NaN 
0.665 -0.9253944233196906 -0.9741260380687824 -0.998021687078649 -0.9958930857503296 -0.9736375550255697 -0.939134481630429 -0.8987491937375852 -0.8566009275598779 -0.8150435821878049 NaN 
0.67 -0.9375069619561447 -0.9811785313703769 -0.9995543957413772 -0.9927638732886714 -0.967258960473104 -0.9307761931726354 -0.8893149887008974 -0.8466697314772444 -0.8049681970134657 NaN 
0.675 -0.9485243827521034 -0.98706239616646 -1.0000548049563207 -0.98884781689131 -0.9603275318717549 -0.9220404108103948 -0.8796225020002972 -0.8365589228589683 -0.7947651892006381 NaN 
0.68 -0.9584508926206586 -0.9918084053733004 -0.9995679377707399 -0.9841861451254234 -0.9528733538209564 -0.9129470577605847 -0.8696845623182016 -0.826276804938741 -0.7844400394291525 NaN 
0.685 -0.9672920762727867 -0.9954472502109715 -0.9981365434366601 -0.9788171923787621 -0.9449242395060446 -0.9035145890646333 -0.8595131136723113 -0.8158311546975857 -0.773997911256221 NaN 
0.69 -0.9750548066438935 -0.9980094329215752 -0.9958012167086923 -0.9727766635813085 -0.9365059610845001 -0.8937601388460609 -0.8491192993085255 -0.8052292691981946 -0.7634436768835691 NaN 
0.695 -0.9817471576594856 -0.9995251765406654 -0.9926005147884158 -0.966097870371165 -0.9276424515446559 -0.8836996493930417 -0.8385135357718645 -0.7944780068751347 -0.7527819403332519 NaN 
0.7 -0.9873783196628411 -1.0000243497524928 -0.9885710708258209 -0.9588119421807213 -0.9183559821850739 -0.873347984718521 -0.8277055785204236 -0.7835838244348173 -0.7420170583455045 NaN 
0.705 -0.991958517765846 -0.9995364050283073 -0.983747703234229 -0.9509480152627087 -0.9086673191755881 -0.8627190308072371 -0.8167045802294488 -0.7725528099215438 -0.7311531592660763 NaN 
0.71 -0.9954989333276911 -0.9980903284132351 -0.9781635203401595 -0.9425334022803875 -0.8985958621014747 -0.8518257843983885 -0.8055191427538613 -0.7613907124248269 -0.720194160154509 NaN 
0.715 -0.9980116287150524 -0.9957145994870699 -0.9718500200911413 -0.933593744745072 -0.8881597669331306 -0.8406804318584665 -0.7941573635701141 -0.7501029688353232 -0.7091437823140447 NaN 
0.72 -0.9995094754515996 -0.9924371601758782 -0.9648371846961401 -0.9241531502896877 -0.8773760554857089 -0.8292944194570453 -0.7826268773959887 -0.738694727999797 -0.6980055654177858 NaN 
0.725 -1.000006085823921 -0.9882853912328949 -0.9571535701859702 -0.9142343165128382 -0.8662607131209588 -0.8176785161584089 -0.7709348935853908 -0.7271708725775204 -0.686782880383367 NaN 
0.73 -0.9995157479752628 -0.9832860953381333 -0.9488263909636965 -0.9038586429083147 -0.8548287761837364 -0.8058428698768318 -0.759088229809948 -0.7155360388601528 -0.6754789411294086 NaN 
0.735 -0.998053364487297 -0.9774654858860798 -0.9398815994742079 -0.8930463322053708 -0.8430944104490895 -0.7937970580052974 -0.7470933424678835 -0.7037946347825208 -0.6640968153305193 NaN 
0.74 -0.9956343944233694 -0.9708491806400409 -0.9303439611631106 -0.8818164822811209 -0.8310709816745795 -0.7815501329121318 -0.7349563542006355 -0.6919508563225019 -0.652639434273761 NaN 
0.745 -0.9922747987839885 -0.9634621995302827 -0.9202371249224943 -0.8701871696642411 -0.818771119199962 -0.7691106630033251 -0.7226830788464959 -0.6800087024631879 -0.6411096019069876 NaN 
0.75 -0.9879909893061657 -0.9553289659619613 -0.9095836892377179 -0.8581755255261626 -0.8062067734076898 -0.7564867698666893 -0.7102790441175427 -0.6679719888690959 -0.6295100031592435 NaN 
0.755 -0.9827997805226052 -0.946473311078094 -0.8984052642582251 -0.8457978049489742 -0.7933892677487338 -0.743686161944833 -0.6977495122492913 -0.655844360409504 -0.6178432116040435 NaN 
0.76 -0.9767183449840403 -0.9369184804937727 -0.8867225300181631 -0.8330694501663284 -0.7803293459457646 -0.7307161651254144 -0.6850994988409473 -0.643629302646375 -0.6061116965285523 NaN 
0.765 -0.969764171538053 -0.9266871430805539 -0.8745552910310721 -0.8200051483926969 -0.7670372149066751 -0.7175837505871028 -0.6723337900771781 -0.6313301523904058 -0.5943178294645086 NaN 
0.77 -0.9619550265501228 -0.9158014014357785 -0.8619225274782076 -0.8066188847856928 -0.7535225838140842 -0.7042955601969565 -0.6594569584992621 -0.6189501074167608 -0.5824638902309693 NaN 
0.775 -0.9533089179472811 -0.904282803720628 -0.8488424432030637 -0.7929239910246432 -0.7397946997985233 -0.6908579297183263 -0.6464733774732175 -0.6064922354217902 -0.5705520725333261 NaN 
0.78 -0.9438440619610341 -0.8921523565941949 -0.8353325107162882 -0.7789331899344443 -0.725862380553272 -0.6772769100568612 -0.633387234485403 -0.5939594822929781 -0.558584489158564 NaN 
0.785 -0.9335788524442602 -0.8794305390087584 -0.8214095134057623 -0.7646586365365464 -0.7117340442059189 -0.6635582867449857 -0.6202025433809997 -0.5813546797563097 -0.5465631768024587 NaN 
0.79 -0.9225318326361391 -0.8661373166649886 -0.8070895851366788 -0.7501119558674552 -0.6974177367244623 -0.6497075978418647 -0.6069231556476966 -0.568680552458565 -0.5344901005609479 NaN 
0.795 -0.9107216692496036 -0.8522921569549426 -0.7923882474162033 -0.735304277868484 -0.682921157103696 -0.6357301504052848 -0.5935527708355133 -0.5559397245358109 -0.5223671581144681 NaN 
0.8 -0.8981671287573566 -0.8379140442463615 -0.7773204442872688 -0.7202462696184553 -0.6682516805496854 -0.6216310356742453 -0.5800949461939506 -0.5431347257140265 -0.5101961836314425 NaN 
0.805 -0.8848870557546811 -0.8230214953839118 -0.7619005751059459 -0.7049481651526441 -0.6534163798555374 -0.6074151430856735 -0.5665531055985695 -0.5302679969831308 -0.4979789514144004 NaN 
0.81 -0.8709003532802942 -0.8076325753026019 -0.7461425253471388 -0.68941979308624 -0.638422045140644 -0.5930871732350789 -0.5529305478318187 -0.5173418958816552 -0.48571717930998165 NaN 
0.815 -0.8562259649797629 -0.7917649126653066 -0.7300596955739892 -0.6736706022383449 -0.6232752021066909 -0.5786516498791434 -0.5392304542760679 -0.5043587014252304 -0.47341253190215027 NaN 
0.82 -0.8408828590000694 -0.7754357154511214 -0.7136650286975552 -0.6577096854329962 -0.6079821289476292 -0.5641129310679689 -0.5254558960707758 -0.49132061870928667 -0.4610666235062068 NaN 
0.825 -0.8248900135078455 -0.758661786433827 -0.6969710356447232 -0.6415458016361468 -0.59254887203613 -0.5494752194854302 -0.5116098407806764 -0.4782297832131119 -0.4486810209792762 NaN 
0.83 -0.8082664037282785 -0.7414595385008653 -0.6799898195444289 -0.6251873965721646 -0.5769812604966934 -0.5347425720682422 -0.49769515861710545 -0.4650882648299532 -0.4362572463619855 NaN 
0.835 -0.7910309904061618 -0.7238450097725497 -0.662733098534724 -0.6086426219494566 -0.5612849197641462 -0.5199189089669686 -0.483714628250484 -0.45189807164561074 -0.42379677936438376 NaN 
0.84 -0.773202709595138 -0.7058338784895782 -0.6452122272861661 -0.5919193534127194 -0.5454652842165854 -0.5050080219062552 -0.46967094224847544 -0.43866115348580054 -0.4113010597081627 NaN 
0.845 -0.7548004636857606 -0.6874414776438253 -0.6274382173304647 -0.5750252073281436 -0.5295276089628994 -0.4900135819956891 -0.45556671217080097 -0.42537940525077417 -0.39877148933626105 NaN 
0.85 -0.7358431135876133 -0.6686828093334835 -0.6094217562772077 -0.5579675564982407 -0.5134769808574345 -0.47493914703796103 -0.4414044733491613 -0.4120546700541703 -0.3862094344998564 NaN 
0.855 -0.7163494719852602 -0.6495725588287782 -0.5911732259956735 -0.5407535448941264 -0.4973183288072504 -0.4597881683764714 -0.42718668937781595 -0.3986887421813062 -0.3736162277319931 NaN 
0.86 -0.6963382975921252 -0.6301251083389402 -0.5727027198336161 -0.5233901014852707 -0.4810564334314315 -0.4445639973207524 -0.4129157563383031 -0.38528336988112855 -0.36099316971640505 NaN 
0.865 -0.6758282903308581 -0.6103545504748685 -0.5540200589397877 -0.5058839532395109 -0.46469593612640625 -0.42926989118440245 -0.398594006779497 -0.37184025800459786 -0.3483415310592538 NaN 
0.87 -0.6548380873728099 -0.5902747014050683 -0.5351348077526059 -0.48824163736013615 -0.44824134758630696 -0.41390901896724863 -0.3842237134726008 -0.3583610705013853 -0.3356625539710269 NaN 
0.875 -0.6333862599733104 -0.5698991137052941 -0.5160562887130059 -0.4704695128207288 -0.4316970558230069 -0.3984844667106391 -0.3698070929587913 -0.34484743278564833 -0.3229574538651836 NaN 
0.88 -0.6114913110433056 -0.5492410889044784 -0.4967935962556715 -0.4525737712536891 -0.41506733372671867 -0.3829992425521966 -0.35534630890582414 -0.33130093398092647 -0.3102274208797121 NaN 
0.885 -0.5891716734016427 -0.5283136897315324 -0.47735561012927613 -0.43456044724357057 -0.3983563462042741 -0.36745628150417575 -0.3408434752886453 -0.31772312905331246 -0.29747362132722954 NaN 
0.89 -0.5664457086557383 -0.5071297520691971 -0.45775100809296376 -0.416435428072215 -0.3815681569293116 -0.35185844997760446 -0.3263006594077081 -0.3041155408413486 -0.2846971990788706 NaN 
0.895 -0.5433317066617975 -0.48570189662247243 -0.4379882780333066 -0.39820446295899814 -0.36470673473563664 -0.33620855007242806 -0.3117198847576599 -0.2904796619905346 -0.27189927688688204 NaN 
0.9 -0.5198478855188929 -0.46404254031022235 -0.4180757295430549 -0.3798731718360254 -0.3477759596824726 -0.3205093236524361 -0.29710313375815794 -0.27681695679968243 -0.2590809576503875 NaN 
0.905 -0.4960123920541566 -0.4421639073895188 -0.39802150500052086 -0.36144705369515917 -0.33077962881816403 -0.3047634562221295 -0.2824523503575529 -0.2631288629858168 -0.24624332562856557 NaN 
0.91 -0.47184330275929487 -0.4200780403229801 -0.37783359018588325 -0.3429314945408793 -0.31372146166666465 -0.28897358062144024 -0.2677694425194672 -0.2494167933739262 -0.23338744760520896 NaN 
0.915 -0.44735862514108754 -0.39779681039995657 -0.3575198244686563 -0.32433177498064075 -0.29660510545944596 -0.27314228055305334 -0.253056284601591 -0.23568213751736755 -0.22051437400826218 NaN 
0.92 -0.42257629945122194 -0.3753319281229513 -0.33708791059840865 -0.305653077481971 -0.2794341401336897 -0.2572720939559292 -0.23831471963526954 -0.22192626325432332 -0.20762513998783785 NaN 
0.925 -0.3975142007629401 -0.352694953370909 -0.3165454241290459 -0.2869004933236408 -0.2622120831162092 -0.24136551623774855 -0.22354656151396668 -0.20815051820543728 -0.1947207664559238 NaN 
0.93 -0.372190141364293 -0.329897305351449 -0.295899822505254 -0.2680790292663678 -0.24494239391114042 -0.22542500337804716 -0.20875359709808464 -0.19435623121735426 -0.1818022610908081 NaN 
0.935 -0.34662187343966244 -0.3069502723541708 -0.2751584538380818 -0.24919361396680612 -0.22762847850822823 -0.20945297491309844 -0.19393758824321541 -0.18054471375666317 -0.16887061930909383 NaN 
0.94 -0.32082709201316795 -0.2838650213174482 -0.25432856539534227 -0.23024910415719113 -0.21027369362750437 -0.193451816812865 -0.17910027375837329 -0.16671726125839512 -0.15592682520797638 NaN 
0.945 -0.294823438129223 -0.26065260722110944 -0.2334173118310924 -0.21125029061151715 -0.1928813508150688 -0.17742388425968125 -0.16424337130044264 -0.15287515443311145 -0.14297185248040106 NaN 
0.95 -0.26862850224708 -0.2373239823175667 -0.21243176317738738 -0.19220190391807948 -0.17545472040392346 -0.16137150433782885 -0.14936857921071625 -0.13901966053630213 -0.13000666530545635 NaN 
0.955 -0.24225982782764963 -0.21389000521395385 -0.19137891262035722 -0.17310862007696734 -0.15799703535289594 -0.1452969786425824 -0.13447757829903553 -0.12515203460365457 -0.11703221921636432 NaN 
0.96 -0.21573491509218845 -0.19036144981779712 -0.17026568408174322 -0.15397506594025917 -0.14051149497612825 -0.12920258581692984 -0.11957203358083417 -0.11127352065562277 -0.1040494619482659 NaN 
0.965 -0.1890712249336071 -0.16674901415881357 -0.1490989396261768 -0.1348058245117613 -0.12300126857486687 -0.1130905840236929 -0.10465359597207768 -0.09738535287450437 -0.0910593342679013 NaN 
0.97 -0.16228618296221406 -0.14306332909934208 -0.1278854867136904 -0.11560544012233248 -0.105469498982783 -0.09696321336045803 -0.08972390394690372 -0.08348875675715539 -0.07806277078723094 NaN 
0.975 -0.13539718366865242 -0.1193149669459271 -0.10663208531630293 -0.09637842349624814 -0.08791930603561571 -0.0808226982244466 -0.07478458516259036 -0.06958495024633955 -0.06506070076296461 NaN 
0.98 -0.1084215946876217 -0.09551444997450563 -0.08534545491691121 -0.07712925672342179 -0.07035378997542785 -0.06467124963409904 -0.059837258056251195 -0.055675144843576004 -0.05205404888386792 NaN 
0.985 -0.0813767611466649 -0.07167225888163845 -0.0640322814082366 -0.05786239815183016 -0.05277603479949415 -0.04851106751402505 -0.044883533417598126 -0.04176054670632188 -0.03904373604772333 NaN 
0.99 -0.054280010084937734 -0.0477988411741661 -0.0426992239091161 -0.03858228721406644 -0.035189111563470085 -0.03234434294966557 -0.029925015941895887 -0.0278423577321666 -0.026030680129698464 NaN 
0.995 -0.027148654927369308 -0.02390461950966369 -0.021352921515098208 -0.019293349201591536 -0.017596081648285467 -0.016173260417942602 -0.014963305767220367 -0.013921776632751688 -0.013015796743928125 NaN 
1.0 0.0 0.0 0.0 0.0 0.0 0.0 0.0 0.0 0.0 0.0 
