0.001953125 1.0 1.0 1.0 1.0 1.0 1.0 1.0 1.0 1.0 1.0 1.0 1.0 1.0 1.0 1.0 1.0 1.0 1.0 1.0 1.0 1.0 
0.005859375 1.0 1.0 1.0 1.0 1.0 1.0 1.0 1.0 1.0 1.0 1.0 1.0 1.0 1.0 1.0 1.0 1.0 1.0 1.0 1.0 1.0 
0.009765625 1.0 1.0 1.0 1.0 1.0 1.0 1.0 1.0 1.0 1.0 1.0 1.0 1.0 1.0 1.0 1.0 1.0 1.0 1.0 1.0 1.0 
0.013671875 1.0 1.0 1.0 1.0 1.0 1.0 1.0 1.0 1.0 1.0 1.0 1.0 1.0 1.0 1.0 1.0 1.0 1.0 1.0 1.0 1.0 
0.017578125 1.0 1.0 1.0 1.0 1.0 1.0 1.0 1.0 1.0 1.0 1.0 1.0 1.0 1.0 1.0 1.0 1.0 1.0 1.0 1.0 1.0 
0.021484375 1.0 1.0 1.0 1.0 1.0 1.0 1.0 1.0 1.0 1.0 1.0 1.0 1.0 1.0 1.0 1.0 1.0 1.0 1.0 1.0 1.0 
0.025390625 1.0 1.0 1.0 1.0 1.0 1.0 1.0 1.0 1.0 1.0 1.0 1.0 1.0 1.0 1.0 1.0 1.0 1.0 1.0 1.0 1.0 
0.029296875 1.0 1.0 1.0 1.0 1.0 1.0 1.0 1.0 1.0 1.0 1.0 1.0 1.0 1.0 1.0 1.0 1.0 1.0 1.0 1.0 1.0 
0.033203125 1.0 1.0 1.0 1.0 1.0 1.0 1.0 1.0 1.0 1.0 1.0 1.0 1.0 1.0 1.0 1.0 1.0 1.0 1.0 1.0 1.0 
0.037109375 1.0 1.0 1.0 1.0 1.0 1.0 1.0 1.0 1.0 1.0 1.0 1.0 1.0 1.0 1.0 1.0 1.0 1.0 1.0 1.0 1.0 
0.041015625 1.0 1.0 1.0 1.0 1.0 1.0 1.0 1.0 1.0 1.0 1.0 1.0 1.0 1.0 1.0 1.0 1.0 1.0 1.0 1.0 1.0 
0.044921875 1.0 1.0 1.0 1.0 1.0 1.0 1.0 1.0 1.0 1.0 1.0 1.0 1.0 1.0 1.0 1.0 1.0 1.0 1.0 1.0 1.0 
0.048828125 1.0 1.0 1.0 1.0 1.0 1.0 1.0 1.0 1.0 1.0 1.0 1.0 1.0 1.0 1.0 1.0 1.0 1.0 1.0 1.0 1.0 
0.052734375 1.0 1.0 1.0 1.0 1.0 1.0 1.0 1.0 1.0 1.0 1.0 1.0 1.0 1.0 1.0 1.0 1.0 1.0 1.0 1.0 1.0 
0.056640625 1.0 1.0 1.0 1.0 1.0 1.0 1.0 1.0 1.0 1.0 1.0 1.0 1.0 1.0 1.0 1.0 1.0 1.0 1.0 1.0 1.0 
0.060546875 1.0 1.0 1.0 1.0 1.0 1.0 1.0 1.0 1.0 1.0 1.0 1.0 1.0 1.0 1.0 1.0 1.0 1.0 1.0 1.0 1.0 
0.064453125 1.0 1.0 1.0 1.0 1.0 1.0 1.0 1.0 1.0 1.0 1.0 1.0 1.0 1.0 1.0 1.0 1.0 1.0 1.0 1.0 1.0 
0.068359375 1.0 1.0 1.0 1.0 1.0 1.0 1.0 1.0 1.0 1.0 1.0 1.0 1.0 1.0 1.0 1.0 1.0 1.0 1.0 1.0 1.0 
0.072265625 1.0 1.0 1.0 1.0 1.0 1.0 1.0 1.0 1.0 1.0 1.0 1.0 1.0 1.0 1.0 1.0 1.0 1.0 1.0 1.0 1.0 
0.076171875 1.0 1.0 1.0 1.0 1.0 1.0 1.0 1.0 1.0 1.0 1.0 1.0 1.0 1.0 1.0 1.0 1.0 1.0 1.0 1.0 1.0 
0.080078125 1.0 1.0 1.0 1.0 1.0 1.0 1.0 1.0 1.0 1.0 1.0 1.0 1.0 1.0 1.0 1.0 1.0 1.0 1.0 1.0 1.0 
0.083984375 1.0 1.0 1.0 1.0 1.0 1.0 1.0 1.0 1.0 1.0 1.0 1.0 1.0 1.0 1.0 1.0 1.0 1.0 1.0 1.0 1.0 
0.087890625 1.0 1.0 1.0 1.0 1.0 1.0 1.0 1.0 1.0 1.0 1.0 1.0 1.0 1.0 1.0 1.0 1.0 1.0 1.0 1.0 1.0 
0.091796875 1.0 1.0 1.0 1.0 1.0 1.0 1.0 1.0 1.0 1.0 1.0 1.0 1.0 1.0 1.0 1.0 1.0 1.0 1.0 1.0 0.9999999999999991 
0.095703125 1.0 1.0 1.0 1.0 1.0 1.0 1.0 1.0 1.0 1.0 1.0 1.0 1.0 1.0 1.0 1.0 1.0 1.0 1.0 1.0 1.0000000000000009 
0.099609375 1.0 1.0 1.0 1.0 1.0 1.0 1.0 1.0 1.0 1.0 1.0 1.0 1.0 1.0 1.0 1.0 1.0 1.0 1.0 1.0 1.0000000000000178 
0.103515625 1.0 1.0 1.0 1.0 1.0 1.0 1.0 1.0 1.0 1.0 1.0 1.0 1.0 1.0 1.0 1.0 1.0 1.0 1.0 1.0 1.0000000000000127 
0.107421875 1.0 1.0 1.0 1.0 1.0 1.0 1.0 1.0 1.0 1.0 1.0 1.0 1.0 1.0 1.0 1.0 1.0 1.0 1.0 1.0 0.9999999999999027 
0.111328125 1.0 1.0 1.0 1.0 1.0 1.0 1.0 1.0 1.0 1.0 1.0 1.0 1.0 1.0 1.0 1.0 1.0 1.0 1.0 1.00000000000001 0.9999999999997544 
0.115234375 1.0 1.0 1.0 1.0 1.0 1.0 1.0 1.0 1.0 1.0 1.0 1.0 1.0 1.0 1.0 1.0 1.0 1.0 1.0 1.0000000000000193 0.9999999999999624 
0.119140625 1.0 1.0 1.0 1.0 1.0 1.0 1.0 1.0 1.0 1.0 1.0 1.0 1.0 1.0 1.0 1.0 1.0 1.0 1.0 0.9999999999999528 1.0000000000008167 
0.123046875 1.0 1.0 1.0 1.0 1.0 1.0 1.0 1.0 1.0 1.0 1.0 1.0 1.0 1.0 1.0 1.0 1.0 1.0 1.000000000000002 0.9999999999997989 1.0000000000011602 
0.126953125 1.0 1.0 1.0 1.0 1.0 1.0 1.0 1.0 1.0 1.0 1.0 1.0 1.0 1.0 1.0 1.0 1.0 1.0 1.0000000000000095 0.9999999999998369 0.9999999999982976 
0.130859375 1.0 1.0 1.0 1.0 1.0 1.0 1.0 1.0 1.0 1.0 1.0 1.0 1.0 1.0 1.0 1.0 1.0 1.0 0.9999999999999812 1.0000000000004747 0.9999999999929404 
0.134765625 1.0 1.0 1.0 1.0 1.0 1.0 1.0 1.0 1.0 1.0 1.0 1.0 1.0 1.0 1.0 1.0 1.0 1.0000000000000007 0.9999999999998591 1.0000000000011642 0.9999999999963048 
0.138671875 1.0 1.0 1.0 1.0 1.0 1.0 1.0 1.0 1.0 1.0 1.0 1.0 1.0 1.0 1.0 1.0 1.0 1.0000000000000016 0.9999999999997923 0.9999999999995708 1.0000000000213793 
0.142578125 1.0 1.0 1.0 1.0 1.0 1.0 1.0 1.0 1.0 1.0 1.0 1.0 1.0 1.0 1.0 1.0 1.0 0.9999999999999932 1.0000000000001863 0.999999999994654 1.0000000000450497 
0.146484375 1.0 1.0 1.0 1.0 1.0 1.0 1.0 1.0 1.0 1.0 1.0 1.0 1.0 1.0 1.0 1.0 1.0 0.9999999999999148 1.0000000000009681 0.999999999994036 0.9999999999868758 
0.150390625 1.0 1.0 1.0 1.0 1.0 1.0 1.0 1.0 1.0 1.0 1.0 1.0 1.0 1.0 1.0 1.0 1.0000000000000016 0.9999999999998068 1.0000000000003957 1.000000000012117 0.9999999998142908 
0.154296875 1.0 1.0 1.0 1.0 1.0 1.0 1.0 1.0 1.0 1.0 1.0 1.0 1.0 1.0 1.0 1.0 1.0000000000000013 0.999999999999996 0.9999999999965001 1.000000000040202 0.9999999997666523 
0.158203125 1.0 1.0 1.0 1.0 1.0 1.0 1.0 1.0 1.0 1.0 1.0 1.0 1.0 1.0 1.0 1.0 0.9999999999999603 1.000000000000677 0.9999999999934502 1.0000000000123337 1.0000000003109564 
0.162109375 1.0 1.0 1.0 1.0 1.0 1.0 1.0 1.0 1.0 1.0 1.0 1.0 1.0 1.0 1.0 1.0 0.9999999999998568 1.000000000000804 1.0000000000046174 0.9999999998671052 1.0000000013110795 
0.166015625 1.0 1.0 1.0 1.0 1.0 1.0 1.0 1.0 1.0 1.0 1.0 1.0 1.0 1.0 1.0 1.0000000000000016 0.999999999999888 0.9999999999981615 1.0000000000320894 0.9999999997561276 1.0000000009619967 
0.169921875 1.0 1.0 1.0 1.0 1.0 1.0 1.0 1.0 1.0 1.0 1.0 1.0 1.0 1.0 1.0 0.9999999999999887 1.0000000000003753 0.999999999994104 1.0000000000278346 1.0000000001195235 0.999999996977072 
0.173828125 1.0 1.0 1.0 1.0 1.0 1.0 1.0 1.0 1.0 1.0 1.0 1.0 1.0 1.0 1.0 0.9999999999999124 1.0000000000008684 0.9999999999993018 0.9999999999171768 1.0000000010657433 0.9999999918495975 
0.177734375 1.0 1.0 1.0 1.0 1.0 1.0 1.0 1.0 1.0 1.0 1.0 1.0 1.0 1.0 1.0000000000000016 0.9999999999998583 0.9999999999994387 1.0000000000225644 0.9999999997731621 1.000000001218553 0.999999996962911 
0.181640625 1.0 1.0 1.0 1.0 1.0 1.0 1.0 1.0 1.0 1.0 1.0 1.0 1.0 1.0 1.0000000000000002 1.0000000000001292 0.999999999995506 1.000000000034262 0.9999999999734386 0.999999998140518 1.0000000221773506 
0.185546875 1.0 1.0 1.0 1.0 1.0 1.0 1.0 1.0 1.0 1.0 1.0 1.0 1.0 1.0 0.9999999999999569 1.0000000000007072 0.9999999999962516 0.9999999999600911 1.0000000007983725 0.9999999928029181 1.000000046979811 
0.189453125 1.0 1.0 1.0 1.0 1.0 1.0 1.0 1.0 1.0 1.0 1.0 1.0 1.0 1.0 0.9999999999998773 1.0000000000002383 1.000000000013295 0.9999999998098944 1.0000000013109462 0.9999999948438052 1.0000000074204491 
0.193359375 1.0 1.0 1.0 1.0 1.0 1.0 1.0 1.0 1.0 1.0 1.0 1.0 1.0 1.0000000000000013 0.9999999999999752 0.9999999999971584 1.0000000000333311 0.9999999998757702 0.999999999143077 1.0000000160401528 0.9999998621670165 
0.197265625 1.0 1.0 1.0 1.0 1.0 1.0 1.0 1.0 1.0 1.0 1.0 1.0 1.0 0.9999999999999858 1.0000000000004496 0.999999999995201 0.9999999999928092 1.0000000005345537 0.999999993999926 1.0000000436921876 0.9999997359464944 
0.201171875 1.0 1.0 1.0 1.0 1.0 1.0 1.0 1.0 1.0 1.0 1.0 1.0 1.0 0.9999999999999194 1.0000000000005846 1.0000000000055775 0.9999999998576361 1.0000000012619523 0.9999999935083319 1.0000000200378507 0.9999999594303274 
0.205078125 1.0 1.0 1.0 1.0 1.0 1.0 1.0 1.0 1.0 1.0 1.0 1.0 1.000000000000001 0.9999999999999071 0.9999999999986473 1.0000000000273612 0.9999999998250245 0.999999999944742 1.000000010337064 0.9999998916092627 1.000000728599969 
0.208984375 1.0 1.0 1.0 1.0 1.0 1.0 1.0 1.0 1.0 1.0 1.0 1.0 0.9999999999999993 1.0000000000001996 0.9999999999956298 1.0000000000139804 1.000000000297146 0.999999995333008 1.000000038947623 0.9999997484618584 1.0000014326860331 
0.212890625 1.0 1.0 1.0 1.0 1.0 1.0 1.0 1.0 1.0 1.0 1.0 1.0 0.999999999999961 1.000000000000595 1.000000000000192 0.9999999999078062 1.0000000011029648 0.9999999929256221 1.000000029486146 0.9999999004575222 1.0000004464856427 
0.216796875 1.0 1.0 1.0 1.0 1.0 1.0 1.0 1.0 1.0 1.0 1.0 1.0 0.999999999999905 0.9999999999997169 1.0000000000189047 0.9999999998152811 1.0000000005212673 1.0000000052932239 0.9999999201896028 1.0000005995190868 0.9999965231716393 
0.220703125 1.0 1.0 1.0 1.0 1.0 1.0 1.0 1.0 1.0 1.0 1.0 1.0 1.0000000000000233 0.9999999999968783 1.0000000000239966 1.000000000104183 0.9999999966905555 1.0000000330937142 0.9999997673934606 1.0000013717319214 0.9999916468223873 
0.224609375 1.0 1.0 1.0 1.0 1.0 1.0 1.0 1.0 1.0 1.0 1.0 0.9999999999999863 1.0000000000004112 0.9999999999973129 0.9999999999528963 1.000000000871754 0.9999999930241349 1.0000000356708674 0.9999998525966526 1.0000006715485246 0.9999924101075971 
0.228515625 1.0 1.0 1.0 1.0 1.0 1.0 1.0 1.0 1.0 1.0 1.0 0.9999999999999377 1.000000000000287 1.000000000010347 0.9999999998368768 1.0000000008670415 1.000000001100736 0.9999999470221124 1.0000004717195947 0.9999970680301594 1.0000053802462021 
0.232421875 1.0 1.0 1.0 1.0 1.0 1.0 1.0 1.0 1.0 1.0 1.0 0.9999999999999428 0.9999999999983187 1.0000000000248448 0.9999999999669774 0.9999999979644391 1.000000026532783 0.9999997918786078 1.0000012882915712 0.9999920982623932 1.000025174951879 
0.236328125 1.0 1.0 1.0 1.0 1.0 1.0 1.0 1.0 1.0 1.0 0.9999999999999984 1.0000000000001892 0.9999999999965895 0.9999999999874672 1.0000000006092407 0.9999999936918265 1.0000000386227128 0.9999998166492994 1.0000008615219975 0.9999920719412306 1.0000212935291959 
0.240234375 1.0 1.0 1.0 1.0 1.0 1.0 1.0 1.0 1.0 1.0 0.9999999999999708 1.0000000000004206 1.000000000003494 0.9999999998776271 1.000000000996783 0.9999999979028728 0.9999999712343666 1.0000003478669504 0.999997606885627 1.0000040541125617 0.9999289282531766 
0.244140625 1.0 1.0 1.0 1.0 1.0 1.0 1.0 1.0 1.0 1.0 0.9999999999999335 0.9999999999994645 1.000000000019632 0.9999999998887131 0.9999999990589654 1.0000000197084502 0.9999998208217687 1.0000011839650886 0.9999926052264194 1.000024042473066 0.9996312860591964 
0.248046875 1.0 1.0 1.0 1.0 1.0 1.0 1.0 1.0 1.0 1.0 1.0000000000000298 0.9999999999972722 1.0000000000088454 1.0000000003551566 0.9999999947797945 1.0000000385180476 0.9999997931661493 1.0000010134152084 0.9999918163493763 1.0000230459034856 0.998921021840128 
0.251953125 1.0 1.0 1.0 1.0 1.0 1.0 1.0 1.0 1.0 0.9999999999999931 1.000000000000308 0.9999999999992982 0.9999999999247015 1.000000000945394 0.9999999957776408 0.9999999920100117 1.000000230813468 0.9999981336058458 1.0000027362550676 0.9999372426900784 0.997413720876853 
0.255859375 1.0 1.0 1.0 1.0 1.0 1.0 1.0 1.0 1.0 0.9999999999999608 1.0000000000001101 1.0000000000119136 0.9999999998640451 0.9999999999008913 1.0000000130846212 0.9999998528891629 1.0000010609645549 0.9999931658942426 1.0000227696807777 0.9996500798595794 0.9944129200939191 
0.259765625 1.0 1.0 1.0 1.0 1.0 1.0 1.0 1.0 1.0 0.9999999999999596 0.999999999998489 1.0000000000174338 1.0000000001430818 0.999999996110748 1.0000000356959555 0.9999997823657278 1.0000011244741613 0.9999916510229923 1.0000245579199782 0.9989533391999001 0.9892064612511785 
0.263671875 1.0 1.0 1.0 1.0 1.0 1.0 1.0 1.0 1.0 1.0000000000001261 0.9999999999977303 0.9999999999667398 1.0000000007650254 0.9999999947223301 1.0000000086434726 1.0000001235482459 0.9999986412808556 1.0000014374065516 0.9999453898706231 0.997459919889337 0.9817412710103716 
0.267578125 1.0 1.0 1.0 1.0 1.0 1.0 1.0 1.0 0.9999999999999861 1.0000000000002796 1.0000000000047944 0.9999999998799696 1.0000000004491327 1.0000000071152506 0.9999998865172395 1.0000009222167479 0.9999937774242437 1.0000213566571057 0.9996690378219563 0.9944516744234717 0.9724839605683123 
0.271484375 1.0 1.0 1.0 1.0 1.0 1.0 1.0 1.0 0.9999999999999603 0.9999999999995408 1.0000000000163365 0.9999999999954261 0.9999999974933086 1.0000000306675254 0.9999997840390396 1.000001192333396 0.999991583953928 1.000025815110087 0.9989863159427557 0.9891328628347094 0.9620131993026901 
0.275390625 1.0 1.0 1.0 1.0 1.0 1.0 1.0 1.0 1.0000000000000064 0.9999999999980101 0.9999999999960473 1.0000000005189456 0.9999999946420216 1.000000020607929 1.0000000291147355 0.9999991221573876 1.0000001699274044 0.9999533532443086 0.9975069597862745 0.9813934493099284 0.9508094104582919 
0.279296875 1.0 1.0 1.0 1.0 1.0 1.0 1.0 0.9999999999999986 1.0000000000001825 1.000000000000211 0.9999999999184674 1.0000000007027017 1.0000000022042965 0.9999999199434294 1.0000007714729728 0.9999944356807391 1.000019804209985 0.999688176419008 0.9944919766871084 0.9717189943131382 0.9391984950095608 
0.283203125 1.0 1.0 1.0 1.0 1.0 1.0 1.0 0.999999999999983 1.0000000000000815 1.0000000000102458 0.9999999999194785 0.9999999987426317 1.000000024111415 0.999999797441965 1.0000012152256013 0.9999916233736403 1.0000268015377833 0.9990200668670018 0.9890554356496836 0.9607350403413502 0.9273767931895502 
0.287109375 1.0 1.0 1.0 1.0 1.0 1.0 1.0 0.9999999999999719 0.9999999999990041 1.0000000000100642 1.000000000271864 0.9999999953460843 1.0000000276354721 0.9999999504820161 0.9999995675895677 0.999998948160379 0.9999611142343936 0.9975550334531402 0.9810178244493395 0.9489653437931808 0.9154579391974345 
0.291015625 1.0 1.0 1.0 1.0 1.0 1.0 1.0 1.0000000000000464 0.9999999999985397 0.9999999999606929 1.0000000007039238 0.999999998656265 0.9999999512700372 1.0000006134169908 0.9999951348750931 1.000018114107296 0.9997075135475355 0.9945339483106853 0.9708835304759126 0.9367651708099505 0.9035096615184801 
0.294921875 1.0 1.0 1.0 1.0 1.0 1.0 0.9999999999999972 1.0000000000001632 1.0000000000038125 0.9999999999060861 0.999999999706794 1.0000000168475065 0.9999998211818029 1.0000011922699485 0.9999917776289496 1.0000274993963831 0.9990547216432202 0.9889738940893819 0.9593311971973014 0.9243473320308129 0.8915748065495744 
0.298828125 1.0 1.0 1.0 1.0 1.0 1.0 0.9999999999999847 0.9999999999998123 1.0000000000114988 1.0000000000775595 0.9999999965583101 1.000000029804871 0.999999890351793 0.9999999680281205 0.9999977888926516 0.9999686517707909 0.9976043908577344 0.9806106259429261 0.9469341911429296 0.9118338684962499 0.8796818789982663 
0.302734375 1.0 1.0 1.0 1.0 1.0 1.0 0.9999999999999875 0.9999999999988239 0.999999999992023 1.0000000005337717 0.9999999966212598 0.9999999785758252 1.0000004537534966 0.9999958670939246 1.0000162894424185 0.9997270694069018 0.9945777396991207 0.9699666968617919 0.9340813310104654 0.8992968318886524 0.8678504616818009 
0.306640625 1.0 1.0 1.0 1.0 1.0 1.0 1.0000000000000655 0.9999999999999701 0.9999999999325211 1.0000000002956377 1.0000000097781967 0.9999998531119747 1.0000011238645496 0.9999920549495717 1.0000278884795395 0.9990904283936789 0.9888879303570376 0.9577813052276869 0.9210040688899034 0.8867814530295609 0.8560943129620882 
0.310546875 1.0 1.0 1.0 1.0 1.0 0.9999999999999981 1.0000000000000941 1.000000000006538 0.999999999966258 0.9999999979469297 1.0000000276252476 0.9999998508788412 1.0000003130868511 0.9999967119537495 0.9999759415592205 0.9976553535589324 0.9801673288802045 0.9446850251040656 0.9078338195218295 0.8743176385193886 0.8444232852447108 
0.314453125 1.0 1.0 1.0 1.0 1.0 0.9999999999999889 0.9999999999996185 1.0000000000062628 1.000000000296202 0.9999999960437497 1.0000000000920137 1.000000299243763 0.9999966216824969 1.000014335208918 0.9997468676575683 0.9946235448013415 0.9689551785282279 0.9311052722809506 0.8946473787074621 0.8619258234361072 0.8328445545403494 
0.318359375 1.0 1.0 1.0 1.0 1.0 0.9999999999999973 0.9999999999990693 0.9999999999703276 1.000000000505041 1.0000000037867895 0.9999998902631461 1.0000010122129852 0.9999924630333835 1.0000279455013434 0.999127358782109 0.9887972154919248 0.9560602432723587 0.9172947187484165 0.8814925607110582 0.8496202936143012 0.8213634229007816 
0.322265625 1.0 1.0 1.0 1.0 1.0 1.0000000000000533 1.00000000000151 0.9999999999365723 0.9999999991796691 1.000000022092877 0.9999998332814601 1.0000005917540524 0.9999957409807972 0.9999829549445204 0.9977083334089789 0.9796824473367092 0.942179597981266 0.9033952751754193 0.8684007761742244 0.837411232530159 0.8099838520365016 
0.326171875 1.0 1.0 1.0 1.0 0.9999999999999992 1.0000000000000249 1.000000000006736 1.0000000000908857 0.999999996632993 1.0000000144580117 1.000000157628821 0.999997384449794 1.0000122592088967 0.9997669368937091 0.9946716240470697 0.9678324738967043 0.9277853928959792 0.8894889578671793 0.8553933668137542 0.8253060258672985 0.798708825028509 
0.330078125 1.0 1.0 1.0 1.0 0.999999999999995 0.9999999999995931 0.9999999999967806 1.0000000004247243 0.9999999995869338 0.9999999288618231 1.0000008620127463 0.9999930083262781 1.000027643242998 0.9991657153031752 0.988701402749061 0.9541366389043068 0.9131546077730348 0.8756263859602891 0.8424851757503843 0.8133101078504368 0.7875405955076457 
0.333984375 1.0 1.0 1.0 1.0 1.0000000000000007 0.9999999999995254 0.9999999999580776 1.0000000000020621 1.0000000146800647 0.9999998373247325 1.0000007928635182 0.9999949043764277 0.9999896571456858 0.9977638572955143 0.9791492537721761 0.9393700205984017 0.8984409594340446 0.8618405871650597 0.8296867346442112 0.8014275204565958 0.7764808614353917 
0.337890625 1.0 1.0 1.0 1.0 1.0000000000000349 1.0000000000022933 0.999999999979657 0.999999997883229 1.000000021059428 1.000000037336869 0.9999981366713472 1.0000100734969914 0.9997873124334504 0.9947223406864306 0.9665778566291262 0.924057052992363 0.8837322259211343 0.8481538705358067 0.8170056489220928 0.789661289699929 0.7655308874605069 
0.341796875 1.0 1.0 1.0 1.0 0.9999999999999925 1.0000000000046119 1.0000000002142506 0.9999999975331927 0.999999964522271 1.0000006813151217 0.9999936947920792 1.0000269495195362 0.9992057418226781 0.9886001351976009 0.9519707668032583 0.9085027556535386 0.8690820789397851 0.8345816708229099 0.8044474901778748 0.7780136825959035 0.7546915918598366 
0.345703125 1.0 1.0 1.0 0.9999999999999988 0.9999999999997018 0.9999999999887879 1.000000000322009 1.0000000071937636 0.9999998606889524 1.0000009060183752 0.9999942364586908 0.9999960045087598 0.9978226009715524 0.9785593907105341 0.9361954928957226 0.8928741911022637 0.8545252899206267 0.8211348886199739 0.7920163812112265 0.7664863845954673 0.7439636091494616 
0.349609375 1.0 1.0 1.0 0.9999999999999993 0.9999999999998483 0.9999999999624727 0.9999999991787534 1.0000000204140762 0.9999999468057882 0.9999988539069758 1.000007796694732 0.9998080383545569 0.9947762188723897 0.9651648961133554 0.9198381536432421 0.877265516870223 0.840085204829734 0.8078213617145834 0.779715386051774 0.7550806233032298 0.733347336299729 
0.353515625 1.0 1.0 1.0 1.0000000000000144 1.0000000000020262 1.0000000000379838 0.9999999974406921 0.9999999927418168 1.0000004825045998 0.999994521831635 1.0000258260075527 0.9992477389941397 0.9884930609456961 0.9495115299209167 0.9032363653603664 0.8617337366611848 0.825777891332636 0.7946468049644031 0.7675467734544703 0.7437972559073557 0.7228429684751482 
0.357421875 1.0 1.0 1.0 0.9999999999999993 1.0000000000020972 1.0000000002566247 1.0000000014276962 0.9999998983160447 1.0000009232843172 0.9999937787218287 1.0000019401993852 0.9978854371721502 0.9779023218541774 0.932577599365008 0.8865723581843881 0.8463155104373902 0.8116146451807148 0.7816154203446031 0.7555121968050675 0.7326368325649063 0.7124505286748055 
0.361328125 1.0 1.0 1.0 0.9999999999998563 0.9999999999869419 1.000000000003373 1.000000014484707 0.9999998931629046 0.9999995047696983 1.000005457737849 0.9998291695222654 0.9948340376429446 0.9635592979297104 0.9150227780665675 0.8699473785240976 0.8310353039000427 0.797603552265668 0.7687302989541007 0.743612818670009 0.7215996446842787 0.7021698946693669 
0.365234375 1.0 1.0 1.0 0.9999999999999233 0.999999999977399 0.9999999985291446 1.0000000098598747 1.0000002831822883 0.9999954807860624 1.0000242271028896 0.999292087086679 0.9883798624742947 0.9466920164593091 0.8972229074124792 0.8534220816572418 0.8159098696762097 0.7837504757877936 0.7559936890917793 0.7318493992656405 0.7106857646667737 0.6920008253031675 
0.369140625 1.0 1.0 1.000000000000001 1.0000000000011329 1.0000000000728266 0.9999999985675088 0.9999999420159141 1.0000008421439421 0.9999935809096215 1.000007387364399 0.9979535071507478 0.9771645372115456 0.9284133728440542 0.8793775588637007 0.837035186936221 0.8009509326191424 0.7700596888988273 0.7434071777385745 0.7202223627487925 0.699895082124341 0.6819429876453454 
0.373046875 1.0 1.0 1.0000000000000013 1.0000000000008795 1.0000000001994485 1.0000000066332995 0.9999998799325657 1.000000050093899 1.0000031020149716 0.999850772926938 0.994896985537264 0.9617156643555843 0.909471821799479 0.8615958894320019 0.8208123832497484 0.7861668448886541 0.7565342855836034 0.730971816365098 0.7087318513614189 0.6892273393319733 0.6719959846234801 
0.376953125 1.0 1.0 0.9999999999999712 0.9999999999910799 0.9999999996786135 1.0000000145683063 1.0000001063454074 0.9999965491127037 1.000022099310408 0.9993392801841016 0.9882603129436608 0.9434227760509716 0.8902884725324152 0.8439425799886813 0.8047711766445423 0.7715636174159738 0.7431764516616505 0.7186882138851676 0.6973777747961154 0.6786821684539868 0.6621593825544566 
0.380859375 1.0 1.0 0.9999999999999356 0.9999999999894924 0.9999999984938044 0.9999999809975539 1.0000006703812996 0.9999937010437074 1.0000122380922578 0.99802833212064 0.9763283694923265 0.9235647794481138 0.8710828565154104 0.8264586199382294 0.7889237641787848 0.7571455703813856 0.7299876479377356 0.7065566111660737 0.6861598591138808 0.6682591282267379 0.652432735564127 
0.384765625 1.0 1.0 1.0000000000002711 1.000000000064038 1.0000000007241732 0.9999999035624516 1.000000443723798 1.0000008015318163 0.999872926610336 0.9949669205381322 0.9595724781723184 0.9029987981956908 0.8519730066293696 0.809171057981093 0.7732787799175757 0.7429157494892161 0.7169687430587316 0.6945769504076014 0.6750776980098074 0.6579577417581821 0.6428156036869949 
0.388671875 1.0 1.0 1.0000000000005764 1.0000000001095408 1.0000000096328168 0.9999999783975438 0.9999976808818904 1.000019382535032 0.9993899778981908 0.9881343865049609 0.9395813113104912 0.8822001563213674 0.8330280831178505 0.7920982446050788 0.7578423629988764 0.7288762000640399 0.7041201177577677 0.6827489426954321 0.664130803053247 0.6477775246164348 0.6333075609494282 
0.392578125 1.0 1.0 0.9999999999972058 0.9999999995875646 1.0000000045741546 1.0000004334438242 0.9999942021177496 1.0000163352384048 0.9981119951066443 0.9753701730869626 0.9178422549040526 0.8614115382618973 0.8142916215753161 0.7752528988140579 0.742618819719316 0.7150281598905006 0.6914417656753726 0.6710721413530796 0.653318654354992 0.6377180079436283 0.6239081854031735 
0.396484375 1.0 0.9999999999999961 0.9999999999942981 0.9999999989785774 0.9999999494562729 1.000000637969571 0.9999986717915975 0.9998957118382624 0.9950468194482561 0.9570440420995727 0.8953476348931204 0.8407610148138631 0.7957922170308702 0.7586439312450333 0.7276110445625594 0.7013722108982375 0.6789333850297858 0.6595460101362441 0.6426407321906175 0.6277787348030037 0.6146170357125379 
0.400390625 1.0 0.9999999999999918 1.0000000000261775 1.0000000022273572 0.9999999219578519 0.9999987921224508 1.0000160169544243 0.9994450839287462 0.9880024825848668 0.9349950203561513 0.872638555884928 0.8203228061325456 0.7775491839225002 0.7422775415125891 0.7128208090650306 0.6879084244267856 0.6665944935151675 0.6481699908971424 0.6320965445231614 0.6179592406296998 0.6054335932290494 
0.404296875 1.0 1.0000000000000528 1.0000000000554932 1.0000000084016065 1.0000001831851062 0.9999951395145619 1.000019441943627 0.9982074510721366 0.9742574122213606 0.9109779366115449 0.8499848231008336 0.8001433798821574 0.7595757933166255 0.7261578823347747 0.698248986190339 0.6746364951520915 0.6544245056262211 0.6369435389154466 0.6216855935027589 0.6082589981515985 0.5963572076303383 
0.408203125 1.0 1.0000000000000533 0.9999999997729223 0.9999999913878849 1.000000600727233 0.9999968992209906 0.9999191872466286 0.9951415828347985 0.9540069417436025 0.8861566035307825 0.8275259897630647 0.7802531354030048 0.7418811688765572 0.7102875143166729 0.6838957658291618 0.6615559149541137 0.6424228498796999 0.6258661387374275 0.6114073527826158 0.598677323874341 0.587386986640435 
0.412109375 1.0 0.9999999999991357 0.9999999994628745 0.9999999390739707 0.999999741925934 1.0000119655372293 0.9995058648069194 0.9878659067260234 0.9294122357199118 0.861153209628754 0.8053421548707871 0.7606724730283755 0.7244713729794136 0.6946677306615384 0.6697608603049294 0.6486660588086186 0.6305889543780153 0.6149372397747229 0.601261116946479 0.5892133014036154 0.5785217592625318 
0.416015625 1.0 0.9999999999998709 1.0000000017725483 0.9999999996018935 0.999996524046064 1.0000211901255853 0.9983190782091736 0.972943779052194 0.9025801305235952 0.8362697040565378 0.7834832518702498 0.7414151727169563 0.7073501631243609 0.6792989171170168 0.6558437528204362 0.635966390444689 0.6189222982052462 0.6041561686815237 0.5912459373885199 0.5798655900667266 0.5697599393649486 
0.419921875 1.0 1.0000000000119975 1.0000000050015578 1.0000003574109517 0.9999957812050523 0.9999433142614303 0.9952595444223528 0.9502760719171598 0.874897058807423 0.8116591034662719 0.7619818492209645 0.7224902997975808 0.690519437663512 0.6641808224289767 0.6421438317755633 0.6234562787588532 0.6074221926087563 0.5935219118391227 0.5813603639061908 0.5706324996105818 0.5610996287073899 
0.423828125 1.0 0.9999999999939037 0.999999987778606 1.0000003246606257 1.0000072806723566 0.9995741241329225 0.9877279516758225 0.9224503130342729 0.847087087169185 0.7874085227588997 0.7408594112169932 0.7039034508739684 0.6739799329425801 0.6493130067050058 0.6286606209531461 0.6111352605167313 0.5960876670160203 0.5830329785430922 0.5716024179465592 0.5615116238645435 0.5525385088987528 
0.427734375 1.0 0.9999999998469357 0.9999999550497237 0.9999982250569281 1.000020996408578 0.9984536979257291 0.971360637092518 0.8920514446464132 0.8194910867556123 0.7635722740256256 0.7201299475773105 0.6856574348477733 0.6577314324573145 0.6346949110598472 0.6153934514349303 0.5990021555875458 0.5849171177715204 0.5726870168843426 0.5619694805398914 0.5525005300424779 0.5440742059834529 
0.431640625 1.0 1.0000000001492397 1.0000000634966808 0.9999957582265357 0.9999677452196376 0.9954154691655576 0.9455590213829992 0.8607636207639996 0.7922782357856629 0.7401851404627824 0.6998018692533227 0.6677536122591233 0.6417738239998194 0.6203262268677792 0.6023417759966092 0.5870556387821636 0.5739079297996269 0.5624810997300267 0.5524581520437334 0.5435958796323964 0.5357042593590091 
0.435546875 1.0 1.0000000017803645 1.0000003499560755 1.0000022978949046 0.999652430716995 0.9875966464987481 0.9134962874929445 0.829441757519755 0.7655447638575981 0.7172695729521964 0.6798795681827015 0.6501917773927437 0.6261065422211287 0.6062060912962686 0.5895034249774145 0.5752924609508875 0.5630565458146581 0.5524110120929479 0.5430653786165491 0.5347954492874284 0.5274268333405638 
0.439453125 1.0 0.9999999976030298 0.9999997596210305 1.0000179532535762 0.9986225335752683 0.96940009567068 0.8784315196694864 0.7984756674977044 0.7393499123350955 0.6948384830433698 0.6603652603140536 0.6329727463357698 0.6107297839473605 0.5923335215266674 0.5768761725461425 0.5637087015883464 0.5523580625932493 0.542472824108549 0.5337867135205586 0.5260960317499728 0.51924051314001 
0.443359375 1.0 0.9999999802510472 0.9999972782208215 0.9999912055457291 0.9956369974081375 0.9393642444005794 0.8424628275045571 0.7680552081369475 0.713730862388352 0.6728991088692675 0.6412591670973451 0.616095552106068 0.5956414401680654 0.5787042691785406 0.5644535085541398 0.5522980028146435 0.5418072961554552 0.5326620023418495 0.5246212997281979 0.5174978491325848 0.51114558083264 
0.447265625 1.0 1.0000000266446205 0.9999981838108853 0.9997442669157747 0.9874918560977815 0.9014956148613618 0.8066209827061046 0.7382882169886578 0.6887087299750657 0.6514546600785338 0.6225635026859361 0.5995615748673111 0.5808402282095343 0.5653135378950342 0.5522301283961901 0.5410542418073556 0.5313985627302883 0.5229755272807748 0.515564895134886 0.5089989793371863 0.5031437709627119 
0.451171875 1.0 1.000000191230595 1.0000109208471826 0.9988450311588158 0.966882140429088 0.8600707885481481 0.77135651397715 0.7092388155733398 0.6642947905127401 0.6305075063092899 0.6042769390354907 0.5833642446986689 0.566314891407121 0.5521507699350815 0.5401938834390655 0.5299702140819507 0.5211298061324877 0.5134127082167347 0.5066240615773915 0.5006054353433543 0.49523668059930087 
0.455078125 1.0 0.9999996998170287 1.0000096759628487 0.9959799898886874 0.9307811769230782 0.817769040152385 0.7368942896683102 0.6809446819552989 0.6404957507748817 0.610060203200564 0.5864005372251178 0.567502699725865 0.5520600280048745 0.539205320737032 0.528343459527315 0.5190417332869139 0.5109969491555914 0.5039749468189971 0.49779184369788304 0.4923172083670006 0.4874303826169848 
0.458984375 1.0 0.9999979109974092 0.9998530365978238 0.9874676869865708 0.8844763400346087 0.7758993993523408 0.7033446994904948 0.6534218777884594 0.6173162518658629 0.5901136129061932 0.5689183974248443 0.5519462226024652 0.5380531958338162 0.5264668067541867 0.5166610600163003 0.5082731842449844 0.501009441107254 0.4946693590270025 0.48909423643043587 0.4841379052232908 0.4797235765908179 
0.462890625 1.0 1.000000860756899 0.9991554100389207 0.9634733138127238 0.8338264639282763 0.7349760027304368 0.6707901976598558 0.6266880146067672 0.5947607986285474 0.5706543866456102 0.5518276931785427 0.5367022410771609 0.5242854581996383 0.5139322536119659 0.5051714400780601 0.4976552532656326 0.49117009939502815 0.4854960654864938 0.4804965843732919 0.4760815793651963 0.47211119328556655 
0.466796875 1.0 1.000012243268167 0.9965709139630278 0.917906683246846 0.782537132465806 0.6952690692164689 0.6392376555002659 0.6007435894275431 0.5728261379841909 0.5516639611049844 0.5350567372080052 0.5217109708476915 0.5107562473161876 0.50159503129882 0.4938513361159372 0.48723989172267157 0.481480952862081 0.47648123554816274 0.47205819318094633 0.4681056446244955 0.4646193731942152 
0.470703125 1.0 0.9999704690586874 0.9876967277896448 0.8581890192120671 0.7321449042605506 0.6569326922733402 0.6087495201530908 0.5756142299807511 0.5514538007667213 0.5331009903520333 0.518674437551214 0.5070208847412636 0.4974569949811177 0.4895098289364145 0.4827541380645866 0.47695081428453223 0.4719799946185075 0.46755178656483887 0.46370412678729656 0.46029006265754663 0.4571708508592122 
0.474609375 1.0 0.9995998049961728 0.9584745078772103 0.7929441429963174 0.6835785805733212 0.6199416407204957 0.57928996038571 0.5512077988949046 0.5306576610815523 0.5148856621375288 0.5025134932841416 0.4925992616408653 0.4844524716925198 0.4776019674304353 0.4718716642702374 0.46692867181680975 0.46257284834893814 0.4588829507359755 0.45548675387112997 0.45252500734235984 0.4499321253320382 
0.478515625 1.0 0.9977485349531857 0.8958019290523642 0.7277688311662955 0.6367514622494517 0.584475988019614 0.5509386420446983 0.5274587958121524 0.5102454982263305 0.49719980656929774 0.4868740249138529 0.47852691253822466 0.47171479464280547 0.466081398951337 0.46112347519042335 0.4569830696446059 0.45342101732369233 0.4501450647960405 0.4474843087917009 0.4449628323717297 0.4427476547598421 
0.482421875 1.0 0.9889448814917632 0.8114722584651696 0.6648451157572548 0.5923669535063709 0.550406375220423 0.523220489598808 0.5044321031263519 0.4904161284082597 0.47973279199398644 0.4714505652769499 0.46483648544475287 0.4592868052862775 0.45458071416333085 0.45084727710646605 0.4473670934011098 0.44449584445802215 0.4420625552678776 0.43961850148495485 0.4378283900057444 0.4360290224048964 
0.486328125 1.0 0.9500939909881385 0.7196441439864191 0.6053790089372957 0.5493935284348535 0.5178115717937858 0.4965332742681544 0.48177978379354025 0.471328386584285 0.4633172046425897 0.4568100280352579 0.4514903757843539 0.44732123403905893 0.44391319647079086 0.4406074311784958 0.438343911877856 0.4359635724309619 0.43427033935280024 0.43299816096073507 0.4313884121577322 0.43071847728979223 
0.490234375 1.0 0.8477289182920683 0.6286587573985604 0.5487844700181626 0.5098648023411978 0.48503103873294173 0.4710589632913678 0.46075197580486493 0.4529055665984408 0.44692857634735284 0.44264139280066894 0.4392170020681362 0.4362011662202165 0.4341373644554848 0.43261470153140613 0.43075736365938816 0.43027176793721583 0.428673000495817 0.42807954847357377 0.42789320293771543 0.42688724583182913 
0.494140625 1.0 0.6950312542870973 0.5509020180029015 0.4943079866045227 0.4704507095833482 0.45751177707072194 0.4472575321220535 0.44126814926217545 0.4372370456498677 0.43420950056380203 0.4314472669102541 0.4297937164183196 0.42895561817378663 0.4273322072663351 0.42724711534630666 0.426898921644636 0.42640305341791 0.42698625293597303 0.42615487139698216 0.4265848986097925 0.4262661239476996 
0.498046875 1.0 0.5517131931138897 0.4681991131841185 0.4508946466457795 0.4372164745886411 0.4325993519440288 0.4299258953926803 0.4277069943021659 0.4263587661060161 0.42652724352220434 0.4266854625171924 0.42615917558188154 0.4262572357562376 0.42657011689188573 0.4258597179659421 0.4265577636757446 0.42582994143942077 0.4263672792567216 0.4263037948245345 0.4258936297549898 0.4265220036105518 
0.501953125 0.125 0.4185776377642755 0.42164536540050485 0.4211340852383641 0.4257452125384112 0.4241611119025452 0.42515281468207383 0.42581671804108995 0.4257803522030955 0.4256659636199666 0.4260616997530632 0.42621120638562354 0.4258900768329186 0.4265252385249829 0.42609919420663245 0.4262052863635355 0.42630709931899513 0.4261145424165341 0.4266570182770226 0.4259170019278039 0.42654465574034733 
0.505859375 0.125 0.3814982789506692 0.43215669108132376 0.42370585034427394 0.42756656264260806 0.4275568740465566 0.42675517547381686 0.42697730894878366 0.4269471942707447 0.42645896477542405 0.42649282015193446 0.42671353626540987 0.4263676421831277 0.42650909601346987 0.42657788639832767 0.42597922939636995 0.42649392016684184 0.425788599933493 0.4262855229653949 0.42588328269134434 0.42575296849765304 
0.509765625 0.125 0.3280428958030057 0.42598798719005565 0.42846289942987126 0.4249011671578418 0.427269131034005 0.42611563783683676 0.42608040734495733 0.42632553165389797 0.42588550218128046 0.425731975159947 0.4259968250460131 0.4258333808173481 0.4255836418322987 0.4260559555625423 0.4255026236098963 0.4258238620874078 0.4254959438432299 0.4255313792939777 0.4258592964862537 0.42515425556082675 
0.513671875 0.125 0.2673600386653199 0.39515028821967824 0.4324273091904786 0.423705524767791 0.426299840191336 0.4262846081032089 0.4255581254497707 0.4260025980396106 0.4257983401994372 0.4254965803613835 0.4256255759984289 0.4257875837357686 0.4253344201604972 0.4257988910830188 0.42563911849996283 0.42542177166773737 0.42565487930051954 0.4252928313178472 0.4259605908054019 0.42534424220591033 
0.517578125 0.125 0.1877721227313944 0.3376087514253123 0.42950594303339634 0.424993660913168 0.42433654526038767 0.426432627059079 0.425283070295066 0.42556306383501596 0.4257003630411386 0.4253856397270188 0.42530955552635635 0.4256721360183593 0.42534925603661194 0.42549453807757714 0.4258087690203274 0.42531334451142727 0.42571728357518956 0.4254384002747408 0.42579503172147914 0.42578459413907477 
0.521484375 0.125 0.1347353523273723 0.2912285661647881 0.4068480519070587 0.4283487002873548 0.42332994081882563 0.42613725616819614 0.4257210948175912 0.4253040596052391 0.42579161643903046 0.42559963489892416 0.42535831601349927 0.42567999650242383 0.42568400768486986 0.4254864930137403 0.42597966652481806 0.42567517491152645 0.4257458197145491 0.42584298922278896 0.4256851283170431 0.42616040580984593 
0.525390625 0.125 0.1260816601655174 0.2693086235167097 0.3580822403374646 0.4288598304858728 0.4249490413967818 0.4249071464219637 0.4264332677315751 0.4253281136613191 0.42584406305358186 0.4258744388134389 0.4255679778200629 0.42565237393445615 0.42592991726630913 0.4256155961851482 0.4259129349152897 0.4260308757842992 0.42573113345486474 0.4260084746728789 0.4257117374117803 0.4261355156647431 
0.529296875 0.125 0.1251035168044665 0.2559144422047565 0.30588986661663914 0.4195748907053862 0.427182279868408 0.4238768662140034 0.4265779093445147 0.4257615042185513 0.42571680149123153 0.4260505666018467 0.4258175044808486 0.42564434799923345 0.42599242165827084 0.42582694081725414 0.4258113937918175 0.42620139830207626 0.4258934711488522 0.42593484731274905 0.4259505904937239 0.42597588977328305 
0.533203125 0.125 0.12498648071139343 0.2351685184261292 0.27137965102443473 0.38217455319722343 0.4274967316990541 0.4246754897452913 0.42561842045607073 0.42643785084803004 0.4256136653676203 0.4260863440594517 0.42606775710750533 0.42573552276117577 0.42593953173087423 0.42601342337061837 0.42584163516418294 0.42615036961563085 0.4261574021849783 0.42583597170556897 0.42616146730602855 0.4259518897600591 
0.537109375 0.125 0.12499765099221187 0.16443148761748516 0.26148864645795505 0.3274741183480936 0.4222674813713899 0.42634190812876477 0.4245828942332111 0.42671986356630337 0.4258649834549922 0.42594868899942384 0.42626006072046074 0.42591315262726587 0.42588290853388494 0.42609701162529884 0.42601646677090144 0.42604044928300216 0.42635698100833114 0.4259712927993383 0.4262026190404373 0.4261669897622524 
0.541015625 0.125 0.12500226129873837 0.12951359024788162 0.2596934778248778 0.28330016465487706 0.3993336111907 0.4268661631776642 0.4249049077854765 0.4260189767144465 0.42645679332750175 0.4258097673235858 0.4263364340199209 0.42616200305049173 0.4259420616249261 0.42611804386623714 0.4262402319518508 0.42606253156399027 0.42639903705803694 0.42631930817308994 0.4261290322669793 0.42639751158430983 
0.544921875 0.125 0.12500033386705695 0.12543056452442697 0.2602065012705506 0.26210144579588796 0.3503147459128599 0.4240069209131863 0.4259805380098961 0.4251633939341355 0.42685023368409425 0.4260349064061039 0.4262582891110917 0.42644273466498106 0.4261169158729974 0.42611845812993066 0.42633779114389947 0.4261966895937961 0.4262673561961632 0.4265636657553702 0.4260597992833085 0.4263636109015887 
0.548828125 0.125 0.12499980933662541 0.1250164752756478 0.25622448795788516 0.25779115308416545 0.2992764637522705 0.4104717599806703 0.426463841791951 0.4252838913505272 0.4264009186968721 0.4265900020655805 0.42603842180359996 0.4265458124518091 0.4262546696489991 0.4260638395953233 0.42619662544074727 0.4262863535554907 0.426075134608869 0.4264997066283903 0.42611221828204027 0.42612436166746254 
0.552734375 0.125 0.12499998372570197 0.12499040548554215 0.20929580671401463 0.2592524381562364 0.2700670323345911 0.3708951735379889 0.4246333532273063 0.42590764611116194 0.4254430938384565 0.42687887506352395 0.42593579028328865 0.42633704345465306 0.4263331019629692 0.4260349611371641 0.42598528960443505 0.4263034578410076 0.4260422754417629 0.42627126034120416 0.42630247947301536 0.42598726657211916 
0.556640625 0.125 0.12500001798911903 0.12500214350026886 0.14219778875629777 0.2623533401699461 0.2617924518826009 0.31833377862739753 0.41619042932430145 0.4261730247876957 0.42517279294143456 0.42649992452608165 0.4263146845012684 0.4260510765786302 0.4264336952051024 0.4261526563451335 0.4259158766948419 0.42625941781788795 0.4261912830346721 0.42608780078168007 0.42645306977425834 0.4260821816863132 
0.560546875 0.125 0.12500000063692218 0.12500143816925083 0.12676295802803833 0.26465388590685074 0.2597064336537253 0.27784769282824623 0.3881370114467899 0.4250192212927683 0.42565673184846353 0.42568327038733145 0.42676794630935677 0.4259352025980219 0.42637759848825535 0.42632384934692835 0.42596192017866297 0.42612219746263424 0.42633084576748004 0.42604617250795834 0.42642440555054995 0.4263025656480494 
0.564453125 0.125 0.12499999857494215 0.12499974448302505 0.12516864654861867 0.26306491479729793 0.2603889433667387 0.2629562706485734 0.33830988111855215 0.4195577214562002 0.4260175339892201 0.42525433129831053 0.4266891452211799 0.4262233410467573 0.42616017053048894 0.42648722914153375 0.426123092136582 0.4260111472548558 0.4263833895182817 0.426186834687336 0.4263108911664509 0.426481670632881 
0.568359375 0.125 0.1250000000337646 0.12499987304006951 0.12499039451832478 0.2411488741765978 0.2624849753728508 0.26102699533775997 0.2916207467348015 0.4010571767528751 0.4253677888657802 0.4255216131054093 0.4260538407624781 0.4266861771257375 0.4260343634428271 0.42651472806548835 0.4263591366840666 0.42598986016883156 0.4263161614908417 0.4263567969606388 0.4262073985278028 0.4264504122431966 
0.572265625 0.125 0.1250000001038343 0.12500003940465723 0.12499631059984048 0.17000856006624665 0.2646061708809562 0.2621410518159525 0.2680011570582992 0.3581715199991253 0.42185101984757445 0.42588498280653403 0.4255689164433884 0.4268081888041436 0.42624421560343084 0.42631329949950764 0.4265476738767425 0.42603107362999043 0.4261506202202837 0.426381096672871 0.4261621484690501 0.4262466696114014 
0.576171875 0.125 0.12499999999153706 0.12500001269494226 0.1250026117655157 0.1307018593213027 0.26540122182489717 0.2641210386774408 0.2616521638866261 0.30765485169278034 0.4097873246117197 0.4254679598660606 0.4255330589888135 0.42626063184512186 0.4265856988791022 0.4260141202840159 0.426523896495845 0.4261249427510662 0.4259808189750216 0.42625626459627636 0.4261940863415403 0.4260854194594856 
0.580078125 0.125 0.12499999999338073 0.12499999530435384 0.12500047430490543 0.12558799016302236 0.26376412673561844 0.26530406912415383 0.26094857113371955 0.2736906710599611 0.37578599846423844 0.4230530947468585 0.4256959912581709 0.4256507968345978 0.42672845874483684 0.4260328327917534 0.4263167171321882 0.4263225264808655 0.4259473115789743 0.42612414923467956 0.42626922488726476 0.42611605321585 
0.583984375 0.125 0.1250000000009953 0.12499999887015475 0.12499973055325925 0.12503714424140472 0.2546925990048696 0.2654254687762589 0.26241868390368833 0.2637876741739824 0.32637089216937437 0.4150134497740327 0.4254223338166922 0.42550595159039356 0.4263605156945315 0.4263913371046189 0.42605618598942213 0.4264764314660244 0.4260517723155018 0.42604354141520273 0.4262855464699669 0.4262684961239667 
0.587890625 0.125 0.1250000000003644 0.1250000005306922 0.12499998329975823 0.12498799832957846 0.20823771794997697 0.26507416374510323 0.26461590300792065 0.26218640305411306 0.2851264516178619 0.390859601926332 0.4238119229603755 0.4256987578045471 0.4258294987174649 0.4267308637693611 0.42604520484898417 0.42645502660285745 0.4262760769554979 0.42606762931632175 0.426244896481238 0.4264161719203253 
0.591796875 0.125 0.1249999999999118 0.12500000009537426 0.12500003316612 0.1250011506315492 0.14304257083842 0.26432129465163984 0.2664480283508512 0.2628212440218307 0.2663287178884912 0.3454666617872672 0.41835973940443116 0.42562041435084264 0.4256153406692475 0.42662306947962003 0.42636378814785897 0.4262709481958425 0.4264754714185316 0.42617677807077947 0.42616791172515583 0.42643099527591694 
0.595703125 0.125 0.12499999999998335 0.12499999994450015 0.1249999992333485 0.1250018902753145 0.1269028731684623 0.26278990112940687 0.26711744703277185 0.26409182441607215 0.26192650721516403 0.29837800591863956 0.4019894136045618 0.4245469974041546 0.425757554234765 0.4261631757125172 0.42672231914615644 0.4261626497808153 0.4264839266636528 0.4263369689410199 0.4261051491179062 0.42631083859712327 
0.599609375 0.125 0.1250000000000063 0.12499999999281845 0.12499999638122046 0.12499987124373411 0.12518626953090345 0.2589631039318054 0.26637881375342193 0.2652714049334858 0.26189234192237665 0.271774432769593 0.36335210813825847 0.4206969713578566 0.4257303315580884 0.425760519757079 0.42669830323399693 0.42630149484236746 0.42627929734131415 0.4264619046580398 0.42611834798505777 0.4261498774957718 
0.603515625 0.125 0.12500000000000042 0.12500000000548503 0.12500000039666953 0.12499982970594264 0.12499127379901001 0.23893914024240412 0.2650443744652691 0.26596466164475674 0.2634000912929322 0.26441711399170426 0.3157222558568984 0.40945746890042073 0.4249769298142631 0.4257124615249707 0.4262926809843977 0.4266102395144762 0.4261239449756687 0.42647128551771885 0.4262740657604233 0.4260703039617214 
0.607421875 0.125 0.1249999999999995 0.1250000000004583 0.12500000038719786 0.12500003134042223 0.12499556351261012 0.1701648185073035 0.2639656718902544 0.2661074273000316 0.2653884071377509 0.26260837513528634 0.28002464116909065 0.37933599135318397 0.42228811108126185 0.4257189828946543 0.42588903358251046 0.4267273528505906 0.42624862212411757 0.42632055261176294 0.42650483143014273 0.426120957317048 
0.611328125 0.125 0.125 0.12499999999948751 0.1249999999287148 0.1250000169225297 0.1250027668384684 0.13075644022631847 0.2630773813655039 0.26592998902509146 0.2667453860489326 0.2628726936909231 0.2656951732037754 0.33327755779301 0.41452242437087533 0.42527499990013146 0.42582910691035947 0.4264978277061861 0.42662286305773406 0.4261789392605094 0.4266586854087458 0.42630982005336554 
0.615234375 0.125 0.125 0.1249999999999788 0.12499999996057233 0.1249999954832641 0.1250006260079651 0.12559829347065604 0.26148987770330695 0.265597242337346 0.26671378500118775 0.26404334155831694 0.2627521229628825 0.29126974713389864 0.39271566584807027 0.42347659047809366 0.4258991344445292 0.4261333253547404 0.42687077315615773 0.42622537492460905 0.42655520657426904 0.426522522185681 
0.619140625 0.125 0.125 0.12500000000004452 0.12500000001019504 0.12499999858221615 0.12499970319900544 0.12503863884087557 0.2533990822074984 0.2652092869493528 0.2659077699775882 0.265376314477405 0.26301339081919173 0.2705114987691156 0.35112687068627363 0.4179966502574852 0.425570479659833 0.4259047038711453 0.42668202524890875 0.42647174464060733 0.42627714539627404 0.42663303150109494 
0.623046875 0.125 0.125 0.12499999999999928 0.1250000000038466 0.12500000061348107 0.12499996356399104 0.12498786744059756 0.20665537697112243 0.26498214368152445 0.26498490229715244 0.2662322240845621 0.26432005067800507 0.2643612994512631 0.30600680199258484 0.4027570964648924 0.4242136314397969 0.4258747341372924 0.4262453252814559 0.4267306274107164 0.42612359191498195 0.42656392427011597 
0.626953125 0.125 0.125 0.12499999999999586 0.12499999999871188 0.12500000010159257 0.12500003792712044 0.12500113260266457 0.14230592552668433 0.26479396507248937 0.2645728331155275 0.26639303113030743 0.26574530367852034 0.26278970803481083 0.2756569076508763 0.3675176658903314 0.4202554595624849 0.4256617336085619 0.42590133240146344 0.4266930584710659 0.4262493161842425 0.42634499885704874 
0.630859375 0.125 0.125 0.12499999999999976 0.12499999999964198 0.12499999992365057 0.12500000176287723 0.12500194180662805 0.12683450674547614 0.26402923039815734 0.26485592780540285 0.26604813768139296 0.26636426437003097 0.2632730418903914 0.26552815455281553 0.3222159777887645 0.40962386251607197 0.4247445856028521 0.4258429629604741 0.4263887446164375 0.4265509446822448 0.42621463390894615 
0.634765625 0.125 0.125 0.12500000000000014 0.12500000000014902 0.12499999999560606 0.12499999576328216 0.124999868682219 0.12518116035974747 0.2599910800204859 0.2654635522997376 0.2654624683980036 0.26606001424056736 0.26460632217961927 0.26351537186744084 0.2856230932854382 0.38230975261890127 0.42198353892700824 0.425778240090988 0.4260987615251989 0.42669925449358925 0.4263121975079634 
0.638671875 0.125 0.125 0.125 0.12500000000003053 0.1250000000090259 0.12500000011983145 0.12499982070702993 0.12499078893756913 0.23629031920841806 0.26606725799542574 0.26496340560625864 0.2653950274253149 0.26594554895941347 0.26380066446099387 0.2689684418229899 0.3394872615835802 0.41448673999017716 0.42517852002114825 0.4259668077873958 0.42650034120462177 0.42652527354323905 
0.642578125 0.125 0.125 0.125 0.12499999999998247 0.12499999999972604 0.1250000004574658 0.12500003330404408 0.12499567816335899 0.16624954973218747 0.2663600968200409 0.2648144646753735 0.264887909796942 0.26660821382960004 0.26478341556536583 0.2638895417936674 0.29735083954381286 0.3944437573787565 0.42316014827183684 0.42583526897667695 0.4261409189395044 0.4266091202018307 
0.646484375 0.125 0.125 0.125 0.12499999999999634 0.12499999999897995 0.12499999995476643 0.12500001858882437 0.1250027851540723 0.1301719973814986 0.26593744309075795 0.26510792625533985 0.26487350235421453 0.26639767549121973 0.2656929088828385 0.26297380754776967 0.2728785105586122 0.355687624273034 0.41774441368363696 0.4253624897521836 0.4259246387187395 0.42642771334273494 
0.650390625 0.125 0.125 0.125 0.12500000000000136 0.12500000000010772 0.12499999995397904 0.12499999506919184 0.1250006150871845 0.12554090702924633 0.26356690029656243 0.2657057360342639 0.26523347141895187 0.26566976213032056 0.26604837857485175 0.26373241639400796 0.26574884420753303 0.31230668756929425 0.40349787146483124 0.4238945482185896 0.4258307700081769 0.4260842791197638 
0.654296875 0.125 0.125 0.125 0.1250000000000002 0.1250000000001088 0.12500000000835965 0.12499999831597694 0.12499970149826306 0.12503169481687293 0.2527018442963551 0.26630368773832064 0.2656929149357039 0.2649085848098236 0.26586127348485866 0.26512867024251546 0.2640529555796544 0.28086986137370273 0.3713336553502372 0.4200258129030193 0.42557551584267306 0.4258968384466494 
0.658203125 0.125 0.125 0.125 0.125 0.12499999999997954 0.1250000000042928 0.12500000068270198 0.12499996482785065 0.12498828461929276 0.20076707874894117 0.2666206612320651 0.26597966471021856 0.2645121194672244 0.26548049569558047 0.2663327023220088 0.2640883514144277 0.26748204408589427 0.32835290003192 0.4100715343211054 0.4246038639058816 0.42587884883889315 
0.662109375 0.125 0.125 0.125 0.125 0.12499999999998816 0.12499999999874879 0.12500000014062765 0.12500003824875752 0.12500140166682588 0.13960606286229205 0.2664006553350928 0.26603267522953655 0.26469295627167827 0.26521008817604785 0.2666325545751108 0.26470872811056423 0.26383645428526237 0.2900380573802159 0.3849731072121576 0.42176579981898926 0.42570795814794027 
0.666015625 0.125 0.125 0.125 0.125 0.12500000000000253 0.1249999999996402 0.12499999991395182 0.12500000153056237 0.1250018697689435 0.12654501250541805 0.26516011806144973 0.2659640701125653 0.2653243801788632 0.2651581813988832 0.26607596982537346 0.2653867522315883 0.26353315960365986 0.2712654817217536 0.34441208510304094 0.414553062668265 0.42500260720922356 
0.669921875 0.125 0.125 0.125 0.125 0.1250000000000009 0.1250000000001662 0.12499999999041572 0.12499999568835862 0.1249998394105 0.12515169250531202 0.26028342103867996 0.2659381741191318 0.266052208672871 0.26527216122400077 0.265253898131909 0.26579859408645035 0.26442002429572314 0.26576842131961553 0.3036422082130941 0.3960470854413415 0.42295205554560256 
0.673828125 0.125 0.125 0.125 0.125 0.12499999999999947 0.12500000000002318 0.12500000001021394 0.1250000001659754 0.12499982731655797 0.12498853820220772 0.23326873648824842 0.2659845861121299 0.26654950472505273 0.26542903994543937 0.26464967885224056 0.26583014171138464 0.26565814912188246 0.26416013963683976 0.27677624999696904 0.3602277243887296 0.41774129376510577 
0.677734375 0.125 0.125 0.125 0.125 0.12499999999999985 0.124999999999978 0.12500000000035266 0.12500000047366985 0.12500003541573743 0.12499666507269161 0.16178132485709548 0.26589462115089846 0.2665703280808861 0.2655729825385219 0.26462595292110513 0.26562428572370883 0.26643423113045833 0.2640737694290712 0.2665318604746859 0.318080237235614 0.40458741729656267 
0.681640625 0.125 0.125 0.125 0.125 0.125 0.1249999999999983 0.12499999999885383 0.1249999999465232 0.12500001784759304 0.12500280712994044 0.1294462032047947 0.26537311099227073 0.26615099983813834 0.2657159700331196 0.26512217216470274 0.26536401228021655 0.26624803573233163 0.26468692706826236 0.2641220352167325 0.2844903511452636 0.37482741575951434 
0.685546875 0.125 0.125 0.125 0.125 0.125 0.12500000000000186 0.12500000000003927 0.12499999995091081 0.12499999491515058 0.1250004813459092 0.12545735677275402 0.26337263794508103 0.2656442648943578 0.26588781541073175 0.2657874975199963 0.2651746637390296 0.2655392536584147 0.26549125714715927 0.2641332630246969 0.27017070536927656 0.33376025193154 
0.689453125 0.125 0.125 0.125 0.125 0.125 0.12499999999999961 0.12500000000011974 0.12500000000967085 0.1249999983970691 0.12499970174543767 0.1250211269552875 0.2524806081959076 0.26542345805651574 0.26606685955777243 0.26629659041546516 0.2651443429255126 0.2648320743554284 0.2660128220150918 0.2649647788415344 0.26551643978866396 0.2959062239519293 
0.693359375 0.125 0.125 0.125 0.125 0.125 0.1249999999999996 0.1249999999999858 0.12500000000481146 0.12500000069300338 0.12499997741491575 0.12498938054070223 0.19782029351042124 0.2654164236890376 0.2661614691362781 0.26639947956927845 0.2652965328334078 0.26458237271596396 0.26604752609723253 0.2658733647463795 0.26407304913722995 0.2735227441822051 
0.697265625 0.125 0.125 0.125 0.125 0.125 0.125 0.12499999999998727 0.1249999999985614 0.12500000013061638 0.12500003745684288 0.1250018492660527 0.13811733172860938 0.26525840783638455 0.2660340171701915 0.2661269837770606 0.26560066781788794 0.2649011846524117 0.26570943750536236 0.26617894271894843 0.2641354949391228 0.2662096993583629 
0.701171875 0.125 0.125 0.125 0.125 0.125 0.125 0.1250000000000016 0.12499999999956049 0.12499999991307298 0.1250000002833908 0.12500165802052768 0.12636903861683207 0.26444853648897165 0.2656908690943038 0.2657089306354683 0.265969403814396 0.2654946815753895 0.2652375492434095 0.26582938600433087 0.26491350057934737 0.2645778218768554 
0.705078125 0.125 0.125 0.125 0.125 0.125 0.125 0.1250000000000006 0.12500000000019088 0.12499999999179091 0.12499999581798829 0.12499978399993755 0.12513104893710333 0.26005218216213927 0.26542692224712894 0.26539768060945307 0.2662466784670969 0.26604397413894143 0.2649053372105973 0.2652540417458136 0.26578139900709674 0.2646603770361793 
0.708984375 0.125 0.125 0.125 0.125 0.125 0.125 0.12499999999999947 0.12500000000003447 0.12500000001034928 0.12500000027926197 0.12499985141471184 0.12498749332542786 0.23222921078020622 0.26538418581477813 0.26538972716360165 0.26631183726383256 0.2662823291367978 0.2648925751460708 0.26487189355581026 0.2662309268250704 0.2652842228059531 
0.712890625 0.125 0.125 0.125 0.125 0.125 0.125 0.12499999999999985 0.1249999999999751 0.12500000000015263 0.12500000045526688 0.12500003967623347 0.12499748683815733 0.1603997319865939 0.26532121041980705 0.2655818613360273 0.266121429653777 0.26619513798067757 0.26522618060807446 0.26491748672170295 0.2660664716804186 0.2658008462581832 
0.716796875 0.125 0.125 0.125 0.125 0.125 0.125 0.125 0.12499999999999664 0.1249999999988255 0.12499999993675585 0.12500001483358794 0.1250027323706696 0.12921331015240262 0.26487661797130274 0.26572655414780044 0.26574224490280485 0.26594864464784324 0.2657625827541405 0.26527563051353786 0.26550501604553606 0.26586243125092984 
0.720703125 0.125 0.125 0.125 0.125 0.125 0.125 0.125 0.125000000000002 0.12500000000006803 0.12499999995327915 0.1249999945897441 0.1250003558438869 0.12542814675084005 0.26289511414661776 0.26569895846292835 0.2653504030226662 0.26572704610189035 0.26624559637195605 0.2657050703896769 0.26494821125409984 0.2655748493533767 
0.724609375 0.125 0.125 0.125 0.125 0.125 0.125 0.125 0.12499999999999971 0.12500000000012515 0.1250000000104489 0.124999998737387 0.124999715246515 0.12501751033443423 0.25169274387732 0.2656201916298994 0.26513331379452865 0.265651427356724 0.2664615909363726 0.2659691704758318 0.26472315579188904 0.26523323710383 
0.728515625 0.125 0.125 0.125 0.125 0.125 0.125 0.125 0.12499999999999957 0.1249999999999813 0.12500000000450967 0.12500000071042347 0.12499999054033617 0.12498992444105303 0.1964322344366988 0.2655305098829664 0.26521321671597703 0.2656897372572204 0.26631730184127705 0.2660121587495001 0.26497406179888794 0.2650807985511008 
0.732421875 0.125 0.125 0.125 0.125 0.125 0.125 0.125 0.125 0.12499999999998586 0.12499999999850299 0.1250000000935561 0.1250000347242444 0.12500198085629802 0.1376347062531568 0.2652260315870157 0.26546611447958685 0.26573510834675207 0.26593287109686786 0.2659280335174173 0.2655513956934698 0.26516833506175236 
0.736328125 0.125 0.125 0.125 0.125 0.125 0.125 0.125 0.125 0.12500000000000216 0.12499999999959913 0.12499999991296927 0.12499999885010017 0.12500154229618007 0.12631592394960922 0.2641784343622516 0.26566837300702106 0.26566834909390535 0.2655322726522991 0.2658455000799201 0.26614604033871697 0.2654036739961323 
0.740234375 0.125 0.125 0.125 0.125 0.125 0.125 0.125 0.125 0.1250000000000008 0.12500000000019448 0.12499999999561683 0.1249999962243502 0.12499976863552804 0.12512497575277565 0.25941318954832654 0.26574106299823697 0.2654757874658173 0.2652986505419052 0.26583399774967953 0.26648370190042914 0.26563819056304006 
0.744140625 0.125 0.125 0.125 0.125 0.125 0.125 0.125 0.125 0.12499999999999939 0.1250000000000292 0.12500000001017622 0.1250000004218443 0.12499986627678923 0.12498725194142508 0.23066569267275822 0.26573831115849783 0.26528773070962913 0.2653218229773909 0.2658504102146737 0.2664076094894314 0.26580262547105404 
0.748046875 0.125 0.125 0.125 0.125 0.125 0.125 0.125 0.125 0.12499999999999982 0.12499999999997477 0.12499999999977639 0.12500000039921946 0.12500004010112797 0.12499771391486984 0.15912432167396365 0.2655986548162219 0.265242851151918 0.26551635560778664 0.2658219992676647 0.26602832075684096 0.2659103836249207 
0.751953125 0.125 0.125 0.125 0.125 0.125 0.125 0.125 0.125 0.125 0.12499999999999753 0.1249999999988626 0.12499999992332786 0.12500001280512155 0.12500269465451938 0.12903581838605116 0.26502178469411425 0.26535934312960835 0.26571252771427234 0.2656992581891587 0.26559212650488273 0.2659986308938852 
0.755859375 0.125 0.125 0.125 0.125 0.125 0.125 0.125 0.125 0.125 0.12500000000000222 0.12500000000010333 0.12499999996041276 0.1249999946796704 0.12500032196149405 0.12540983100655528 0.2627726147727411 0.26554280028046157 0.265761059080132 0.2655206605259668 0.2653185652180607 0.26606163159055407 
0.759765625 0.125 0.125 0.125 0.125 0.125 0.125 0.125 0.125 0.125 0.12499999999999971 0.12500000000011963 0.12500000001160472 0.1249999989874731 0.12499972222209509 0.12501532375854998 0.250826984666137 0.265726823373467 0.2656211918427287 0.2653751076751028 0.2653247392037726 0.2660491399544864 
0.763671875 0.125 0.125 0.125 0.125 0.125 0.125 0.125 0.125 0.125 0.12499999999999954 0.1249999999999786 0.12500000000365213 0.1250000006807234 0.12499999375784518 0.12499019372562699 0.19408421121486147 0.26582044570229624 0.26541717379491025 0.26534640857606046 0.26551545729774256 0.26591856144785864 
0.767578125 0.125 0.125 0.125 0.125 0.125 0.125 0.125 0.125 0.125 0.125 0.12499999999998697 0.1249999999984163 0.12500000006400525 0.12500003336774018 0.12500206008840828 0.1368127632654244 0.2656089345434512 0.26528785783933717 0.26545854755616777 0.2657162392780731 0.26567890825843116 
0.771484375 0.125 0.125 0.125 0.125 0.125 0.125 0.125 0.125 0.125 0.125 0.12500000000000253 0.12499999999969723 0.12499999991859118 0.1249999985454381 0.12500149526683008 0.12623437479183458 0.26452265734788616 0.2653165275757012 0.265627367089388 0.2657807138310605 0.2654268049135114 
0.775390625 0.125 0.125 0.125 0.125 0.125 0.125 0.125 0.125 0.125 0.125 0.12500000000000067 0.12500000000019967 0.12499999999892107 0.12499999643427259 0.12499976078372997 0.12511617334242478 0.2593481635603804 0.2655046012345092 0.2657405770542722 0.26566824085548274 0.2652709598906731 
0.779296875 0.125 0.125 0.125 0.125 0.125 0.125 0.125 0.125 0.125 0.125 0.12499999999999935 0.12500000000001882 0.12500000000928746 0.1250000004424713 0.12499987131951854 0.12498687254229765 0.22858552834306495 0.2657331635321505 0.2657220988762277 0.26548494013955076 0.2652830877868314 
0.783203125 0.125 0.125 0.125 0.125 0.125 0.125 0.125 0.125 0.125 0.125 0.12499999999999983 0.12499999999997478 0.12499999999942546 0.12500000036890607 0.12500004031304368 0.12499803468127794 0.15707897108697677 0.2657807082645389 0.2655863729835374 0.26536655597323056 0.26544147061450274 
0.787109375 0.125 0.125 0.125 0.125 0.125 0.125 0.125 0.125 0.125 0.125 0.125 0.12499999999999878 0.12499999999898959 0.12499999992308111 0.12500001220610923 0.12500267157462866 0.1287470147745515 0.2653106243393625 0.265425216470618 0.26540223642959354 0.2656353940183837 
0.791015625 0.125 0.125 0.125 0.125 0.125 0.125 0.125 0.125 0.125 0.125 0.125 0.12500000000000228 0.12500000000013875 0.12499999996448488 0.1249999947228228 0.1250002801198048 0.12537935916063597 0.263004257518112 0.26537110644520817 0.2655625207806562 0.2657547183078251 
0.794921875 0.125 0.125 0.125 0.125 0.125 0.125 0.125 0.125 0.125 0.125 0.125 0.12499999999999957 0.12500000000010283 0.12500000001132966 0.1249999990507464 0.12499972581849426 0.12501168521029835 0.2501978691292244 0.26549970400239065 0.26573880764435404 0.2657321732968881 
0.798828125 0.125 0.125 0.125 0.125 0.125 0.125 0.125 0.125 0.125 0.125 0.125 0.12499999999999957 0.12499999999997528 0.12500000000313374 0.12500000066692057 0.12499999751010203 0.12499070134444426 0.19137860986740174 0.26563305351337385 0.26582062758163166 0.2656067856289483 
0.802734375 0.125 0.125 0.125 0.125 0.125 0.125 0.125 0.125 0.125 0.125 0.125 0.125 0.12499999999998901 0.12499999999848706 0.12500000005782333 0.12500003269493712 0.12500220340934826 0.13586076931635216 0.26546516911797596 0.2657243773170109 0.2654841772155447 
0.806640625 0.125 0.125 0.125 0.125 0.125 0.125 0.125 0.125 0.125 0.125 0.125 0.125 0.12500000000000278 0.1249999999997603 0.12499999992119747 0.12499999819801634 0.12500140983464156 0.12613577368050427 0.2644339728702511 0.26552144940142003 0.26545204771325026 
0.810546875 0.125 0.125 0.125 0.125 0.125 0.125 0.125 0.125 0.125 0.125 0.125 0.125 0.12500000000000047 0.1250000000001871 0.1249999999994273 0.12499999652459838 0.12499974517269125 0.12510479691748203 0.25914966608900025 0.2654146575387852 0.2655439846651093 
0.814453125 0.125 0.125 0.125 0.125 0.125 0.125 0.125 0.125 0.125 0.125 0.125 0.125 0.12499999999999935 0.12500000000001127 0.1250000000088712 0.12500000046999366 0.12499988041595769 0.12498653714379838 0.2269252839443932 0.26545216999138393 0.2657015889925175 
0.818359375 0.125 0.125 0.125 0.125 0.125 0.125 0.125 0.125 0.125 0.125 0.125 0.125 0.12499999999999985 0.12499999999997692 0.12499999999939998 0.12500000035762368 0.12500004123118585 0.12499847956627048 0.15545203744796757 0.2653881939939517 0.2657984849864577 
0.822265625 0.125 0.125 0.125 0.125 0.125 0.125 0.125 0.125 0.125 0.125 0.125 0.125 0.125 0.1249999999999995 0.12499999999904968 0.12499999992137227 0.12500001114660478 0.12500261958351172 0.1285082116900223 0.26487761052906544 0.2657208783866495 
0.826171875 0.125 0.125 0.125 0.125 0.125 0.125 0.125 0.125 0.125 0.125 0.125 0.125 0.125 0.12500000000000197 0.1250000000001364 0.1249999999657668 0.12499999468394637 0.12500021919497353 0.12535279694776538 0.26259264543090916 0.26554384700999767 
0.830078125 0.125 0.125 0.125 0.125 0.125 0.125 0.125 0.125 0.125 0.125 0.125 0.125 0.125 0.12499999999999953 0.12500000000009465 0.12500000001135073 0.12499999916339254 0.12499973343342599 0.1250085558284068 0.24945108993142126 0.2654421272453406 
0.833984375 0.125 0.125 0.125 0.125 0.125 0.125 0.125 0.125 0.125 0.125 0.125 0.125 0.125 0.1249999999999996 0.12499999999997599 0.12500000000299966 0.12500000066404415 0.12500000326977048 0.12499123440657195 0.18962422530734926 0.2653781309189318 
0.837890625 0.125 0.125 0.125 0.125 0.125 0.125 0.125 0.125 0.125 0.125 0.125 0.125 0.125 0.125 0.12499999999998998 0.12499999999850496 0.12500000004626258 0.125000031384201 0.12500232007971745 0.13528954975309085 0.26509097495548245 
0.841796875 0.125 0.125 0.125 0.125 0.125 0.125 0.125 0.125 0.125 0.125 0.125 0.125 0.125 0.125 0.12500000000000247 0.12499999999977192 0.12499999992216822 0.12499999762973811 0.12500131536027145 0.12607434481510643 0.26400249954399513 
0.845703125 0.125 0.125 0.125 0.125 0.125 0.125 0.125 0.125 0.125 0.125 0.125 0.125 0.125 0.125 0.12500000000000036 0.12500000000018224 0.1250000000005439 0.124999996701502 0.1249997327578601 0.1250974050181359 0.2585834448593459 
0.849609375 0.125 0.125 0.125 0.125 0.125 0.125 0.125 0.125 0.125 0.125 0.125 0.125 0.125 0.125 0.12499999999999936 0.12500000000001038 0.12500000000870598 0.1250000005204554 0.12499989111938935 0.12498642465102787 0.22542045971703306 
0.853515625 0.125 0.125 0.125 0.125 0.125 0.125 0.125 0.125 0.125 0.125 0.125 0.125 0.125 0.125 0.12499999999999988 0.12499999999997746 0.12499999999929931 0.12500000033507302 0.12500004169536078 0.12499877775502258 0.15428806683763432 
0.857421875 0.125 0.125 0.125 0.125 0.125 0.125 0.125 0.125 0.125 0.125 0.125 0.125 0.125 0.125 0.125 0.12499999999999942 0.12499999999907217 0.12499999991724434 0.12500000984224546 0.1250025660901079 0.12834712270590706 
0.861328125 0.125 0.125 0.125 0.125 0.125 0.125 0.125 0.125 0.125 0.125 0.125 0.125 0.125 0.125 0.125 0.12500000000000178 0.12500000000014444 0.12499999996845021 0.12499999471309438 0.1250001768308822 0.1253357711219197 
0.865234375 0.125 0.125 0.125 0.125 0.125 0.125 0.125 0.125 0.125 0.125 0.125 0.125 0.125 0.125 0.125 0.1249999999999995 0.12500000000009182 0.12500000001163605 0.12499999930874028 0.12499974141672227 0.12500660074074318 
0.869140625 0.125 0.125 0.125 0.125 0.125 0.125 0.125 0.125 0.125 0.125 0.125 0.125 0.125 0.125 0.125 0.12499999999999963 0.1249999999999756 0.125000000002696 0.12500000065073616 0.12500000729632665 0.1249915828179782 
0.873046875 0.125 0.125 0.125 0.125 0.125 0.125 0.125 0.125 0.125 0.125 0.125 0.125 0.125 0.125 0.125 0.125 0.12499999999999019 0.12499999999849172 0.1250000000306318 0.12500003004285576 0.12500238532363175 
0.876953125 0.125 0.125 0.125 0.125 0.125 0.125 0.125 0.125 0.125 0.125 0.125 0.125 0.125 0.125 0.125 0.125 0.12500000000000247 0.12499999999980498 0.12499999992467563 0.12499999723798517 0.1250012548211096 
0.880859375 0.125 0.125 0.125 0.125 0.125 0.125 0.125 0.125 0.125 0.125 0.125 0.125 0.125 0.125 0.125 0.125 0.12500000000000033 0.12500000000018163 0.12500000000213737 0.1249999968872094 0.1249997267908773 
0.884765625 0.125 0.125 0.125 0.125 0.125 0.125 0.125 0.125 0.125 0.125 0.125 0.125 0.125 0.125 0.125 0.125 0.12499999999999936 0.12500000000000694 0.1250000000083238 0.12500000055262755 0.12499989791220381 
0.888671875 0.125 0.125 0.125 0.125 0.125 0.125 0.125 0.125 0.125 0.125 0.125 0.125 0.125 0.125 0.125 0.125 0.1249999999999999 0.12499999999997788 0.12499999999914509 0.12500000031072842 0.12500004166683754 
0.892578125 0.125 0.125 0.125 0.125 0.125 0.125 0.125 0.125 0.125 0.125 0.125 0.125 0.125 0.125 0.125 0.125 0.125 0.12499999999999985 0.124999999999124 0.12499999991516333 0.12500000901810954 
0.896484375 0.125 0.125 0.125 0.125 0.125 0.125 0.125 0.125 0.125 0.125 0.125 0.125 0.125 0.125 0.125 0.125 0.125 0.1250000000000018 0.12500000000015865 0.12499999997144337 0.12499999478204149 
0.900390625 0.125 0.125 0.125 0.125 0.125 0.125 0.125 0.125 0.125 0.125 0.125 0.125 0.125 0.125 0.125 0.125 0.125 0.12499999999999949 0.12500000000008535 0.12500000001167333 0.12499999939992648 
0.904296875 0.125 0.125 0.125 0.125 0.125 0.125 0.125 0.125 0.125 0.125 0.125 0.125 0.125 0.125 0.125 0.125 0.125 0.12499999999999963 0.12499999999997444 0.1250000000023453 0.12500000063469419 
0.908203125 0.125 0.125 0.125 0.125 0.125 0.125 0.125 0.125 0.125 0.125 0.125 0.125 0.125 0.125 0.125 0.125 0.125 0.125 0.12499999999999113 0.1249999999985107 0.12500000002098355 
0.912109375 0.125 0.125 0.125 0.125 0.125 0.125 0.125 0.125 0.125 0.125 0.125 0.125 0.125 0.125 0.125 0.125 0.125 0.125 0.12500000000000266 0.12499999999984471 0.12499999992736702 
0.916015625 0.125 0.125 0.125 0.125 0.125 0.125 0.125 0.125 0.125 0.125 0.125 0.125 0.125 0.125 0.125 0.125 0.125 0.125 0.12500000000000028 0.1250000000001775 0.12500000000308417 
0.919921875 0.125 0.125 0.125 0.125 0.125 0.125 0.125 0.125 0.125 0.125 0.125 0.125 0.125 0.125 0.125 0.125 0.125 0.125 0.12499999999999938 0.1250000000000029 0.12500000000792866 
0.923828125 0.125 0.125 0.125 0.125 0.125 0.125 0.125 0.125 0.125 0.125 0.125 0.125 0.125 0.125 0.125 0.125 0.125 0.125 0.1249999999999999 0.12499999999997848 0.12499999999906121 
0.927734375 0.125 0.125 0.125 0.125 0.125 0.125 0.125 0.125 0.125 0.125 0.125 0.125 0.125 0.125 0.125 0.125 0.125 0.125 0.125 0.12500000000000033 0.12499999999917744 
0.931640625 0.125 0.125 0.125 0.125 0.125 0.125 0.125 0.125 0.125 0.125 0.125 0.125 0.125 0.125 0.125 0.125 0.125 0.125 0.125 0.12500000000000172 0.12500000000016484 
0.935546875 0.125 0.125 0.125 0.125 0.125 0.125 0.125 0.125 0.125 0.125 0.125 0.125 0.125 0.125 0.125 0.125 0.125 0.125 0.125 0.12499999999999944 0.1250000000000782 
0.939453125 0.125 0.125 0.125 0.125 0.125 0.125 0.125 0.125 0.125 0.125 0.125 0.125 0.125 0.125 0.125 0.125 0.125 0.125 0.125 0.12499999999999967 0.12499999999997426 
0.943359375 0.125 0.125 0.125 0.125 0.125 0.125 0.125 0.125 0.125 0.125 0.125 0.125 0.125 0.125 0.125 0.125 0.125 0.125 0.125 0.125 0.12499999999999192 
0.947265625 0.125 0.125 0.125 0.125 0.125 0.125 0.125 0.125 0.125 0.125 0.125 0.125 0.125 0.125 0.125 0.125 0.125 0.125 0.125 0.125 0.1250000000000026 
0.951171875 0.125 0.125 0.125 0.125 0.125 0.125 0.125 0.125 0.125 0.125 0.125 0.125 0.125 0.125 0.125 0.125 0.125 0.125 0.125 0.125 0.12500000000000022 
0.955078125 0.125 0.125 0.125 0.125 0.125 0.125 0.125 0.125 0.125 0.125 0.125 0.125 0.125 0.125 0.125 0.125 0.125 0.125 0.125 0.125 0.1249999999999994 
0.958984375 0.125 0.125 0.125 0.125 0.125 0.125 0.125 0.125 0.125 0.125 0.125 0.125 0.125 0.125 0.125 0.125 0.125 0.125 0.125 0.125 0.12499999999999993 
0.962890625 0.125 0.125 0.125 0.125 0.125 0.125 0.125 0.125 0.125 0.125 0.125 0.125 0.125 0.125 0.125 0.125 0.125 0.125 0.125 0.125 0.125 
0.966796875 0.125 0.125 0.125 0.125 0.125 0.125 0.125 0.125 0.125 0.125 0.125 0.125 0.125 0.125 0.125 0.125 0.125 0.125 0.125 0.125 0.125 
0.970703125 0.125 0.125 0.125 0.125 0.125 0.125 0.125 0.125 0.125 0.125 0.125 0.125 0.125 0.125 0.125 0.125 0.125 0.125 0.125 0.125 0.125 
0.974609375 0.125 0.125 0.125 0.125 0.125 0.125 0.125 0.125 0.125 0.125 0.125 0.125 0.125 0.125 0.125 0.125 0.125 0.125 0.125 0.125 0.125 
0.978515625 0.125 0.125 0.125 0.125 0.125 0.125 0.125 0.125 0.125 0.125 0.125 0.125 0.125 0.125 0.125 0.125 0.125 0.125 0.125 0.125 0.125 
0.982421875 0.125 0.125 0.125 0.125 0.125 0.125 0.125 0.125 0.125 0.125 0.125 0.125 0.125 0.125 0.125 0.125 0.125 0.125 0.125 0.125 0.125 
0.986328125 0.125 0.125 0.125 0.125 0.125 0.125 0.125 0.125 0.125 0.125 0.125 0.125 0.125 0.125 0.125 0.125 0.125 0.125 0.125 0.125 0.125 
0.990234375 0.125 0.125 0.125 0.125 0.125 0.125 0.125 0.125 0.125 0.125 0.125 0.125 0.125 0.125 0.125 0.125 0.125 0.125 0.125 0.125 0.125 
0.994140625 0.125 0.125 0.125 0.125 0.125 0.125 0.125 0.125 0.125 0.125 0.125 0.125 0.125 0.125 0.125 0.125 0.125 0.125 0.125 0.125 0.125 
0.998046875 0.125 0.125 0.125 0.125 0.125 0.125 0.125 0.125 0.125 0.125 0.125 0.125 0.125 0.125 0.125 0.125 0.125 0.125 0.125 0.125 0.125 
