0.001953125 2.5000000000000004 2.5000000000000004 2.5000000000000004 2.5000000000000004 2.5000000000000004 2.5000000000000004 2.5000000000000004 2.5000000000000004 2.5000000000000004 2.5000000000000004 2.5000000000000004 2.5000000000000004 2.5000000000000004 2.5000000000000004 2.5000000000000004 2.5000000000000004 2.5000000000000004 2.5000000000000004 2.5000000000000004 2.5000000000000004 2.5000000000000004 
0.005859375 2.5000000000000004 2.5000000000000004 2.5000000000000004 2.5000000000000004 2.5000000000000004 2.5000000000000004 2.5000000000000004 2.5000000000000004 2.5000000000000004 2.5000000000000004 2.5000000000000004 2.5000000000000004 2.5000000000000004 2.5000000000000004 2.5000000000000004 2.5000000000000004 2.5000000000000004 2.5000000000000004 2.5000000000000004 2.5000000000000004 2.5000000000000004 
0.009765625 2.5000000000000004 2.5000000000000004 2.5000000000000004 2.5000000000000004 2.5000000000000004 2.5000000000000004 2.5000000000000004 2.5000000000000004 2.5000000000000004 2.5000000000000004 2.5000000000000004 2.5000000000000004 2.5000000000000004 2.5000000000000004 2.5000000000000004 2.5000000000000004 2.5000000000000004 2.5000000000000004 2.5000000000000004 2.5000000000000004 2.5000000000000004 
0.013671875 2.5000000000000004 2.5000000000000004 2.5000000000000004 2.5000000000000004 2.5000000000000004 2.5000000000000004 2.5000000000000004 2.5000000000000004 2.5000000000000004 2.5000000000000004 2.5000000000000004 2.5000000000000004 2.5000000000000004 2.5000000000000004 2.5000000000000004 2.5000000000000004 2.5000000000000004 2.5000000000000004 2.5000000000000004 2.5000000000000004 2.5000000000000004 
0.017578125 2.5000000000000004 2.5000000000000004 2.5000000000000004 2.5000000000000004 2.5000000000000004 2.5000000000000004 2.5000000000000004 2.5000000000000004 2.5000000000000004 2.5000000000000004 2.5000000000000004 2.5000000000000004 2.5000000000000004 2.5000000000000004 2.5000000000000004 2.5000000000000004 2.5000000000000004 2.5000000000000004 2.5000000000000004 2.5000000000000004 2.5000000000000004 
0.021484375 2.5000000000000004 2.5000000000000004 2.5000000000000004 2.5000000000000004 2.5000000000000004 2.5000000000000004 2.5000000000000004 2.5000000000000004 2.5000000000000004 2.5000000000000004 2.5000000000000004 2.5000000000000004 2.5000000000000004 2.5000000000000004 2.5000000000000004 2.5000000000000004 2.5000000000000004 2.5000000000000004 2.5000000000000004 2.5000000000000004 2.5000000000000004 
0.025390625 2.5000000000000004 2.5000000000000004 2.5000000000000004 2.5000000000000004 2.5000000000000004 2.5000000000000004 2.5000000000000004 2.5000000000000004 2.5000000000000004 2.5000000000000004 2.5000000000000004 2.5000000000000004 2.5000000000000004 2.5000000000000004 2.5000000000000004 2.5000000000000004 2.5000000000000004 2.5000000000000004 2.5000000000000004 2.5000000000000004 2.5000000000000004 
0.029296875 2.5000000000000004 2.5000000000000004 2.5000000000000004 2.5000000000000004 2.5000000000000004 2.5000000000000004 2.5000000000000004 2.5000000000000004 2.5000000000000004 2.5000000000000004 2.5000000000000004 2.5000000000000004 2.5000000000000004 2.5000000000000004 2.5000000000000004 2.5000000000000004 2.5000000000000004 2.5000000000000004 2.5000000000000004 2.5000000000000004 2.5000000000000004 
0.033203125 2.5000000000000004 2.5000000000000004 2.5000000000000004 2.5000000000000004 2.5000000000000004 2.5000000000000004 2.5000000000000004 2.5000000000000004 2.5000000000000004 2.5000000000000004 2.5000000000000004 2.5000000000000004 2.5000000000000004 2.5000000000000004 2.5000000000000004 2.5000000000000004 2.5000000000000004 2.5000000000000004 2.5000000000000004 2.5000000000000004 2.5000000000000004 
0.037109375 2.5000000000000004 2.5000000000000004 2.5000000000000004 2.5000000000000004 2.5000000000000004 2.5000000000000004 2.5000000000000004 2.5000000000000004 2.5000000000000004 2.5000000000000004 2.5000000000000004 2.5000000000000004 2.5000000000000004 2.5000000000000004 2.5000000000000004 2.5000000000000004 2.5000000000000004 2.5000000000000004 2.5000000000000004 2.5000000000000004 2.5000000000000004 
0.041015625 2.5000000000000004 2.5000000000000004 2.5000000000000004 2.5000000000000004 2.5000000000000004 2.5000000000000004 2.5000000000000004 2.5000000000000004 2.5000000000000004 2.5000000000000004 2.5000000000000004 2.5000000000000004 2.5000000000000004 2.5000000000000004 2.5000000000000004 2.5000000000000004 2.5000000000000004 2.5000000000000004 2.5000000000000004 2.5000000000000004 2.5000000000000004 
0.044921875 2.5000000000000004 2.5000000000000004 2.5000000000000004 2.5000000000000004 2.5000000000000004 2.5000000000000004 2.5000000000000004 2.5000000000000004 2.5000000000000004 2.5000000000000004 2.5000000000000004 2.5000000000000004 2.5000000000000004 2.5000000000000004 2.5000000000000004 2.5000000000000004 2.5000000000000004 2.5000000000000004 2.5000000000000004 2.5000000000000004 2.5000000000000004 
0.048828125 2.5000000000000004 2.5000000000000004 2.5000000000000004 2.5000000000000004 2.5000000000000004 2.5000000000000004 2.5000000000000004 2.5000000000000004 2.5000000000000004 2.5000000000000004 2.5000000000000004 2.5000000000000004 2.5000000000000004 2.5000000000000004 2.5000000000000004 2.5000000000000004 2.5000000000000004 2.5000000000000004 2.5000000000000004 2.5000000000000004 2.5000000000000004 
0.052734375 2.5000000000000004 2.5000000000000004 2.5000000000000004 2.5000000000000004 2.5000000000000004 2.5000000000000004 2.5000000000000004 2.5000000000000004 2.5000000000000004 2.5000000000000004 2.5000000000000004 2.5000000000000004 2.5000000000000004 2.5000000000000004 2.5000000000000004 2.5000000000000004 2.5000000000000004 2.5000000000000004 2.5000000000000004 2.5000000000000004 2.5000000000000004 
0.056640625 2.5000000000000004 2.5000000000000004 2.5000000000000004 2.5000000000000004 2.5000000000000004 2.5000000000000004 2.5000000000000004 2.5000000000000004 2.5000000000000004 2.5000000000000004 2.5000000000000004 2.5000000000000004 2.5000000000000004 2.5000000000000004 2.5000000000000004 2.5000000000000004 2.5000000000000004 2.5000000000000004 2.5000000000000004 2.5000000000000004 2.5000000000000004 
0.060546875 2.5000000000000004 2.5000000000000004 2.5000000000000004 2.5000000000000004 2.5000000000000004 2.5000000000000004 2.5000000000000004 2.5000000000000004 2.5000000000000004 2.5000000000000004 2.5000000000000004 2.5000000000000004 2.5000000000000004 2.5000000000000004 2.5000000000000004 2.5000000000000004 2.5000000000000004 2.5000000000000004 2.5000000000000004 2.5000000000000004 2.5000000000000004 
0.064453125 2.5000000000000004 2.5000000000000004 2.5000000000000004 2.5000000000000004 2.5000000000000004 2.5000000000000004 2.5000000000000004 2.5000000000000004 2.5000000000000004 2.5000000000000004 2.5000000000000004 2.5000000000000004 2.5000000000000004 2.5000000000000004 2.5000000000000004 2.5000000000000004 2.5000000000000004 2.5000000000000004 2.5000000000000004 2.5000000000000004 2.5000000000000004 
0.068359375 2.5000000000000004 2.5000000000000004 2.5000000000000004 2.5000000000000004 2.5000000000000004 2.5000000000000004 2.5000000000000004 2.5000000000000004 2.5000000000000004 2.5000000000000004 2.5000000000000004 2.5000000000000004 2.5000000000000004 2.5000000000000004 2.5000000000000004 2.5000000000000004 2.5000000000000004 2.5000000000000004 2.5000000000000004 2.5000000000000004 2.5000000000000004 
0.072265625 2.5000000000000004 2.5000000000000004 2.5000000000000004 2.5000000000000004 2.5000000000000004 2.5000000000000004 2.5000000000000004 2.5000000000000004 2.5000000000000004 2.5000000000000004 2.5000000000000004 2.5000000000000004 2.5000000000000004 2.5000000000000004 2.5000000000000004 2.5000000000000004 2.5000000000000004 2.5000000000000004 2.5000000000000004 2.5000000000000004 2.5000000000000004 
0.076171875 2.5000000000000004 2.5000000000000004 2.5000000000000004 2.5000000000000004 2.5000000000000004 2.5000000000000004 2.5000000000000004 2.5000000000000004 2.5000000000000004 2.5000000000000004 2.5000000000000004 2.5000000000000004 2.5000000000000004 2.5000000000000004 2.5000000000000004 2.5000000000000004 2.5000000000000004 2.5000000000000004 2.5000000000000004 2.5000000000000004 2.5000000000000004 
0.080078125 2.5000000000000004 2.5000000000000004 2.5000000000000004 2.5000000000000004 2.5000000000000004 2.5000000000000004 2.5000000000000004 2.5000000000000004 2.5000000000000004 2.5000000000000004 2.5000000000000004 2.5000000000000004 2.5000000000000004 2.5000000000000004 2.5000000000000004 2.5000000000000004 2.5000000000000004 2.5000000000000004 2.5000000000000004 2.5000000000000004 2.5000000000000004 
0.083984375 2.5000000000000004 2.5000000000000004 2.5000000000000004 2.5000000000000004 2.5000000000000004 2.5000000000000004 2.5000000000000004 2.5000000000000004 2.5000000000000004 2.5000000000000004 2.5000000000000004 2.5000000000000004 2.5000000000000004 2.5000000000000004 2.5000000000000004 2.5000000000000004 2.5000000000000004 2.5000000000000004 2.5000000000000004 2.5000000000000004 2.5000000000000004 
0.087890625 2.5000000000000004 2.5000000000000004 2.5000000000000004 2.5000000000000004 2.5000000000000004 2.5000000000000004 2.5000000000000004 2.5000000000000004 2.5000000000000004 2.5000000000000004 2.5000000000000004 2.5000000000000004 2.5000000000000004 2.5000000000000004 2.5000000000000004 2.5000000000000004 2.5000000000000004 2.5000000000000004 2.5000000000000004 2.5000000000000004 2.5000000000000004 
0.091796875 2.5000000000000004 2.5000000000000004 2.5000000000000004 2.5000000000000004 2.5000000000000004 2.5000000000000004 2.5000000000000004 2.5000000000000004 2.5000000000000004 2.5000000000000004 2.5000000000000004 2.5000000000000004 2.5000000000000004 2.5000000000000004 2.5000000000000004 2.5000000000000004 2.5000000000000004 2.5000000000000004 2.5000000000000004 2.5000000000000004 2.5000000000000004 
0.095703125 2.5000000000000004 2.5000000000000004 2.5000000000000004 2.5000000000000004 2.5000000000000004 2.5000000000000004 2.5000000000000004 2.5000000000000004 2.5000000000000004 2.5000000000000004 2.5000000000000004 2.5000000000000004 2.5000000000000004 2.5000000000000004 2.5000000000000004 2.5000000000000004 2.5000000000000004 2.5000000000000004 2.5000000000000004 2.5000000000000004 2.500000000000008 
0.099609375 2.5000000000000004 2.5000000000000004 2.5000000000000004 2.5000000000000004 2.5000000000000004 2.5000000000000004 2.5000000000000004 2.5000000000000004 2.5000000000000004 2.5000000000000004 2.5000000000000004 2.5000000000000004 2.5000000000000004 2.5000000000000004 2.5000000000000004 2.5000000000000004 2.5000000000000004 2.5000000000000004 2.5000000000000004 2.5000000000000004 2.500000000000066 
0.103515625 2.5000000000000004 2.5000000000000004 2.5000000000000004 2.5000000000000004 2.5000000000000004 2.5000000000000004 2.5000000000000004 2.5000000000000004 2.5000000000000004 2.5000000000000004 2.5000000000000004 2.5000000000000004 2.5000000000000004 2.5000000000000004 2.5000000000000004 2.5000000000000004 2.5000000000000004 2.5000000000000004 2.5000000000000004 2.5000000000000004 2.5000000000000457 
0.107421875 2.5000000000000004 2.5000000000000004 2.5000000000000004 2.5000000000000004 2.5000000000000004 2.5000000000000004 2.5000000000000004 2.5000000000000004 2.5000000000000004 2.5000000000000004 2.5000000000000004 2.5000000000000004 2.5000000000000004 2.5000000000000004 2.5000000000000004 2.5000000000000004 2.5000000000000004 2.5000000000000004 2.5000000000000004 2.5000000000000013 2.4999999999996714 
0.111328125 2.5000000000000004 2.5000000000000004 2.5000000000000004 2.5000000000000004 2.5000000000000004 2.5000000000000004 2.5000000000000004 2.5000000000000004 2.5000000000000004 2.5000000000000004 2.5000000000000004 2.5000000000000004 2.5000000000000004 2.5000000000000004 2.5000000000000004 2.5000000000000004 2.5000000000000004 2.5000000000000004 2.5000000000000004 2.5000000000000386 2.499999999999149 
0.115234375 2.5000000000000004 2.5000000000000004 2.5000000000000004 2.5000000000000004 2.5000000000000004 2.5000000000000004 2.5000000000000004 2.5000000000000004 2.5000000000000004 2.5000000000000004 2.5000000000000004 2.5000000000000004 2.5000000000000004 2.5000000000000004 2.5000000000000004 2.5000000000000004 2.5000000000000004 2.5000000000000004 2.5000000000000004 2.500000000000067 2.4999999999998757 
0.119140625 2.5000000000000004 2.5000000000000004 2.5000000000000004 2.5000000000000004 2.5000000000000004 2.5000000000000004 2.5000000000000004 2.5000000000000004 2.5000000000000004 2.5000000000000004 2.5000000000000004 2.5000000000000004 2.5000000000000004 2.5000000000000004 2.5000000000000004 2.5000000000000004 2.5000000000000004 2.5000000000000004 2.5000000000000004 2.4999999999998446 2.500000000002877 
0.123046875 2.5000000000000004 2.5000000000000004 2.5000000000000004 2.5000000000000004 2.5000000000000004 2.5000000000000004 2.5000000000000004 2.5000000000000004 2.5000000000000004 2.5000000000000004 2.5000000000000004 2.5000000000000004 2.5000000000000004 2.5000000000000004 2.5000000000000004 2.5000000000000004 2.5000000000000004 2.5000000000000004 2.5000000000000155 2.4999999999993254 2.5000000000040985 
0.126953125 2.5000000000000004 2.5000000000000004 2.5000000000000004 2.5000000000000004 2.5000000000000004 2.5000000000000004 2.5000000000000004 2.5000000000000004 2.5000000000000004 2.5000000000000004 2.5000000000000004 2.5000000000000004 2.5000000000000004 2.5000000000000004 2.5000000000000004 2.5000000000000004 2.5000000000000004 2.5000000000000004 2.500000000000058 2.499999999999465 2.4999999999940865 
0.130859375 2.5000000000000004 2.5000000000000004 2.5000000000000004 2.5000000000000004 2.5000000000000004 2.5000000000000004 2.5000000000000004 2.5000000000000004 2.5000000000000004 2.5000000000000004 2.5000000000000004 2.5000000000000004 2.5000000000000004 2.5000000000000004 2.5000000000000004 2.5000000000000004 2.5000000000000004 2.5000000000000004 2.4999999999999565 2.500000000001691 2.4999999999753353 
0.134765625 2.5000000000000004 2.5000000000000004 2.5000000000000004 2.5000000000000004 2.5000000000000004 2.5000000000000004 2.5000000000000004 2.5000000000000004 2.5000000000000004 2.5000000000000004 2.5000000000000004 2.5000000000000004 2.5000000000000004 2.5000000000000004 2.5000000000000004 2.5000000000000004 2.5000000000000004 2.5000000000000013 2.4999999999995355 2.5000000000041083 2.499999999987105 
0.138671875 2.5000000000000004 2.5000000000000004 2.5000000000000004 2.5000000000000004 2.5000000000000004 2.5000000000000004 2.5000000000000004 2.5000000000000004 2.5000000000000004 2.5000000000000004 2.5000000000000004 2.5000000000000004 2.5000000000000004 2.5000000000000004 2.5000000000000004 2.5000000000000004 2.5000000000000004 2.500000000000033 2.4999999999993148 2.4999999999985416 2.500000000074877 
0.142578125 2.5000000000000004 2.5000000000000004 2.5000000000000004 2.5000000000000004 2.5000000000000004 2.5000000000000004 2.5000000000000004 2.5000000000000004 2.5000000000000004 2.5000000000000004 2.5000000000000004 2.5000000000000004 2.5000000000000004 2.5000000000000004 2.5000000000000004 2.5000000000000004 2.5000000000000004 2.5000000000000098 2.5000000000006986 2.4999999999813487 2.5000000001577454 
0.146484375 2.5000000000000004 2.5000000000000004 2.5000000000000004 2.5000000000000004 2.5000000000000004 2.5000000000000004 2.5000000000000004 2.5000000000000004 2.5000000000000004 2.5000000000000004 2.5000000000000004 2.5000000000000004 2.5000000000000004 2.5000000000000004 2.5000000000000004 2.5000000000000004 2.5000000000000004 2.49999999999973 2.5000000000034186 2.4999999999791696 2.4999999999541247 
0.150390625 2.5000000000000004 2.5000000000000004 2.5000000000000004 2.5000000000000004 2.5000000000000004 2.5000000000000004 2.5000000000000004 2.5000000000000004 2.5000000000000004 2.5000000000000004 2.5000000000000004 2.5000000000000004 2.5000000000000004 2.5000000000000004 2.5000000000000004 2.5000000000000004 2.500000000000007 2.4999999999993583 2.5000000000014295 2.5000000000424616 2.4999999993500706 
0.154296875 2.5000000000000004 2.5000000000000004 2.5000000000000004 2.5000000000000004 2.5000000000000004 2.5000000000000004 2.5000000000000004 2.5000000000000004 2.5000000000000004 2.5000000000000004 2.5000000000000004 2.5000000000000004 2.5000000000000004 2.5000000000000004 2.5000000000000004 2.5000000000000004 2.500000000000016 2.500000000000003 2.4999999999877796 2.500000000140736 2.4999999991833155 
0.158203125 2.5000000000000004 2.5000000000000004 2.5000000000000004 2.5000000000000004 2.5000000000000004 2.5000000000000004 2.5000000000000004 2.5000000000000004 2.5000000000000004 2.5000000000000004 2.5000000000000004 2.5000000000000004 2.5000000000000004 2.5000000000000004 2.5000000000000004 2.5000000000000004 2.499999999999874 2.500000000002389 2.4999999999771 2.500000000043209 2.500000001088388 
0.162109375 2.5000000000000004 2.5000000000000004 2.5000000000000004 2.5000000000000004 2.5000000000000004 2.5000000000000004 2.5000000000000004 2.5000000000000004 2.5000000000000004 2.5000000000000004 2.5000000000000004 2.5000000000000004 2.5000000000000004 2.5000000000000004 2.5000000000000004 2.500000000000001 2.4999999999995106 2.5000000000028337 2.5000000000161817 2.499999999534901 2.500000004588818 
0.166015625 2.5000000000000004 2.5000000000000004 2.5000000000000004 2.5000000000000004 2.5000000000000004 2.5000000000000004 2.5000000000000004 2.5000000000000004 2.5000000000000004 2.5000000000000004 2.5000000000000004 2.5000000000000004 2.5000000000000004 2.5000000000000004 2.5000000000000004 2.5000000000000067 2.4999999999996168 2.4999999999935767 2.5000000001123306 2.499999999146465 2.50000000336702 
0.169921875 2.5000000000000004 2.5000000000000004 2.5000000000000004 2.5000000000000004 2.5000000000000004 2.5000000000000004 2.5000000000000004 2.5000000000000004 2.5000000000000004 2.5000000000000004 2.5000000000000004 2.5000000000000004 2.5000000000000004 2.5000000000000004 2.5000000000000004 2.4999999999999587 2.500000000001328 2.4999999999793916 2.5000000000974607 2.5000000004183787 2.4999999894198117 
0.173828125 2.5000000000000004 2.5000000000000004 2.5000000000000004 2.5000000000000004 2.5000000000000004 2.5000000000000004 2.5000000000000004 2.5000000000000004 2.5000000000000004 2.5000000000000004 2.5000000000000004 2.5000000000000004 2.5000000000000004 2.5000000000000004 2.5000000000000004 2.4999999999996927 2.5000000000030496 2.4999999999975726 2.4999999997101487 2.5000000037301353 2.4999999714736387 
0.177734375 2.5000000000000004 2.5000000000000004 2.5000000000000004 2.5000000000000004 2.5000000000000004 2.5000000000000004 2.5000000000000004 2.5000000000000004 2.5000000000000004 2.5000000000000004 2.5000000000000004 2.5000000000000004 2.5000000000000004 2.5000000000000004 2.5000000000000013 2.4999999999995013 2.499999999998037 2.5000000000789826 2.4999999992060804 2.500000004264959 2.499999989370215 
0.181640625 2.5000000000000004 2.5000000000000004 2.5000000000000004 2.5000000000000004 2.5000000000000004 2.5000000000000004 2.5000000000000004 2.5000000000000004 2.5000000000000004 2.5000000000000004 2.5000000000000004 2.5000000000000004 2.5000000000000004 2.5000000000000004 2.499999999999995 2.5000000000004605 2.4999999999842877 2.500000000119943 2.4999999999070717 2.4999999934918584 2.50000007762078 
0.185546875 2.5000000000000004 2.5000000000000004 2.5000000000000004 2.5000000000000004 2.5000000000000004 2.5000000000000004 2.5000000000000004 2.5000000000000004 2.5000000000000004 2.5000000000000004 2.5000000000000004 2.5000000000000004 2.5000000000000004 2.5000000000000004 2.4999999999998455 2.500000000002481 2.4999999999868914 2.499999999860342 2.5000000027943368 2.4999999748102537 2.5000001644293888 
0.189453125 2.5000000000000004 2.5000000000000004 2.5000000000000004 2.5000000000000004 2.5000000000000004 2.5000000000000004 2.5000000000000004 2.5000000000000004 2.5000000000000004 2.5000000000000004 2.5000000000000004 2.5000000000000004 2.5000000000000004 2.500000000000001 2.49999999999957 2.500000000000834 2.5000000000465383 2.499999999334644 2.500000004588332 2.4999999819533474 2.500000025971613 
0.193359375 2.5000000000000004 2.5000000000000004 2.5000000000000004 2.5000000000000004 2.5000000000000004 2.5000000000000004 2.5000000000000004 2.5000000000000004 2.5000000000000004 2.5000000000000004 2.5000000000000004 2.5000000000000004 2.5000000000000004 2.5000000000000013 2.49999999999991 2.4999999999900586 2.500000000116677 2.4999999995652193 2.4999999970007996 2.5000000561405717 2.4999995175846266 
0.197265625 2.5000000000000004 2.5000000000000004 2.5000000000000004 2.5000000000000004 2.5000000000000004 2.5000000000000004 2.5000000000000004 2.5000000000000004 2.5000000000000004 2.5000000000000004 2.5000000000000004 2.5000000000000004 2.5000000000000004 2.499999999999948 2.500000000001573 2.499999999983217 2.4999999999748557 2.5000000018709665 2.499999978999779 2.500000152922703 2.499999075812875 
0.201171875 2.5000000000000004 2.5000000000000004 2.5000000000000004 2.5000000000000004 2.5000000000000004 2.5000000000000004 2.5000000000000004 2.5000000000000004 2.5000000000000004 2.5000000000000004 2.5000000000000004 2.5000000000000004 2.5000000000000004 2.4999999999997184 2.500000000002055 2.500000000019539 2.499999999501755 2.500000004416865 2.499999977279205 2.5000000701325304 2.4999998580062366 
0.205078125 2.5000000000000004 2.5000000000000004 2.5000000000000004 2.5000000000000004 2.5000000000000004 2.5000000000000004 2.5000000000000004 2.5000000000000004 2.5000000000000004 2.5000000000000004 2.5000000000000004 2.5000000000000004 2.5000000000000013 2.4999999999996736 2.499999999995274 2.5000000000957776 2.4999999993876054 2.4999999998066262 2.5000000361797587 2.499999620632472 2.5000025501008016 
0.208984375 2.5000000000000004 2.5000000000000004 2.5000000000000004 2.5000000000000004 2.5000000000000004 2.5000000000000004 2.5000000000000004 2.5000000000000004 2.5000000000000004 2.5000000000000004 2.5000000000000004 2.5000000000000004 2.499999999999993 2.5000000000006968 2.499999999984716 2.500000000048947 2.5000000010400347 2.4999999836655635 2.5000001363167357 2.4999991196166604 2.500005014404158 
0.212890625 2.5000000000000004 2.5000000000000004 2.5000000000000004 2.5000000000000004 2.5000000000000004 2.5000000000000004 2.5000000000000004 2.5000000000000004 2.5000000000000004 2.5000000000000004 2.5000000000000004 2.5000000000000004 2.4999999999998592 2.5000000000020814 2.500000000000683 2.49999999967734 2.5000000038604013 2.499999975239708 2.5000001032015495 2.499999651601403 2.500001562700751 
0.216796875 2.5000000000000004 2.5000000000000004 2.5000000000000004 2.5000000000000004 2.5000000000000004 2.5000000000000004 2.5000000000000004 2.5000000000000004 2.5000000000000004 2.5000000000000004 2.5000000000000004 2.500000000000001 2.4999999999996723 2.499999999999022 2.5000000000661817 2.4999999993535105 2.5000000018244664 2.5000000185263214 2.4999997206636624 2.50000209831747 2.499987831121122 
0.220703125 2.5000000000000004 2.5000000000000004 2.5000000000000004 2.5000000000000004 2.5000000000000004 2.5000000000000004 2.5000000000000004 2.5000000000000004 2.5000000000000004 2.5000000000000004 2.5000000000000004 2.500000000000001 2.500000000000087 2.49999999998909 2.5000000000840057 2.500000000364668 2.4999999884169815 2.500000115828044 2.499999185877245 2.5000048010645175 2.4999707639796145 
0.224609375 2.5000000000000004 2.5000000000000004 2.5000000000000004 2.5000000000000004 2.5000000000000004 2.5000000000000004 2.5000000000000004 2.5000000000000004 2.5000000000000004 2.5000000000000004 2.5000000000000004 2.4999999999999547 2.5000000000014486 2.4999999999906137 2.499999999835161 2.500000003051175 2.4999999755845135 2.500000124848094 2.4999994840883897 2.500002350421047 2.4999734354635814 
0.228515625 2.5000000000000004 2.5000000000000004 2.5000000000000004 2.5000000000000004 2.5000000000000004 2.5000000000000004 2.5000000000000004 2.5000000000000004 2.5000000000000004 2.5000000000000004 2.5000000000000004 2.4999999999997806 2.5000000000010116 2.500000000036231 2.499999999429086 2.5000000030346716 2.5000000038526076 2.499999814577439 2.5000016510190366 2.499989738120719 2.5000188309464373 
0.232421875 2.5000000000000004 2.5000000000000004 2.5000000000000004 2.5000000000000004 2.5000000000000004 2.5000000000000004 2.5000000000000004 2.5000000000000004 2.5000000000000004 2.5000000000000004 2.5000000000000013 2.4999999999998037 2.499999999994125 2.5000000000869687 2.4999999998844395 2.4999999928755603 2.5000000928647723 2.4999992715752346 2.5000045090229808 2.499972344009601 2.5000881133105057 
0.236328125 2.5000000000000004 2.5000000000000004 2.5000000000000004 2.5000000000000004 2.5000000000000004 2.5000000000000004 2.5000000000000004 2.5000000000000004 2.5000000000000004 2.5000000000000004 2.499999999999997 2.500000000000674 2.499999999988075 2.4999999999561475 2.500000002132365 2.4999999779214277 2.500000135179533 2.499999358272647 2.5000030153284425 2.4999722518874905 2.500074528181623 
0.240234375 2.5000000000000004 2.5000000000000004 2.5000000000000004 2.5000000000000004 2.5000000000000004 2.5000000000000004 2.5000000000000004 2.5000000000000004 2.5000000000000004 2.5000000000000004 2.4999999999999023 2.500000000001493 2.5000000000122595 2.4999999995717332 2.5000000034887915 2.4999999926601135 2.499999899320357 2.5000012175346544 2.4999916241105042 2.5000141894574046 2.4997512595727085 
0.244140625 2.5000000000000004 2.5000000000000004 2.5000000000000004 2.5000000000000004 2.5000000000000004 2.5000000000000004 2.5000000000000004 2.5000000000000004 2.5000000000000004 2.5000000000000004 2.499999999999775 2.4999999999981513 2.5000000000687446 2.499999999610535 2.499999996706432 2.500000068979637 2.4999993728763075 2.5000041438799623 2.4999741183730655 2.5000841495595147 2.498709712592011 
0.248046875 2.5000000000000004 2.5000000000000004 2.5000000000000004 2.5000000000000004 2.5000000000000004 2.5000000000000004 2.5000000000000004 2.5000000000000004 2.5000000000000004 2.500000000000001 2.500000000000107 2.4999999999904623 2.5000000000309766 2.5000000012430696 2.49999998172931 2.5000001348132073 2.499999276081633 2.5000035469549626 2.4999713573208657 2.5000806615756184 2.496225307805698 
0.251953125 2.5000000000000004 2.5000000000000004 2.5000000000000004 2.5000000000000004 2.5000000000000004 2.5000000000000004 2.5000000000000004 2.5000000000000004 2.5000000000000004 2.4999999999999774 2.5000000000010876 2.4999999999975624 2.4999999997364823 2.5000000033089194 2.499999985221791 2.4999999720350976 2.5000008078473437 2.4999934676277293 2.5000095769395805 2.499780358206915 2.490957867680187 
0.255859375 2.5000000000000004 2.5000000000000004 2.5000000000000004 2.5000000000000004 2.5000000000000004 2.5000000000000004 2.5000000000000004 2.5000000000000004 2.5000000000000004 2.4999999999998628 2.5000000000003926 2.5000000000417124 2.499999999524178 2.499999999653145 2.500000045796212 2.499999485112141 2.5000037133776853 2.499976080699391 2.5000796947050006 2.4987754706876406 2.480490861170446 
0.259765625 2.5000000000000004 2.5000000000000004 2.5000000000000004 2.5000000000000004 2.5000000000000004 2.5000000000000004 2.5000000000000004 2.5000000000000004 2.500000000000001 2.4999999999998677 2.499999999994729 2.500000000061047 2.50000000050082 2.4999999863876656 2.5000001249359025 2.4999992382801834 2.50000393566158 2.4999707786816963 2.5000859537157734 2.4963383183159142 2.4623907109825343 
0.263671875 2.5000000000000004 2.5000000000000004 2.5000000000000004 2.5000000000000004 2.5000000000000004 2.5000000000000004 2.5000000000000004 2.5000000000000004 2.500000000000001 2.500000000000451 2.4999999999920792 2.499999999883618 2.5000000026776217 2.4999999815281955 2.500000030252201 2.500000432418976 2.4999952444875633 2.500005030957949 2.499808871670666 2.491119225841871 2.436569925098089 
0.267578125 2.5000000000000004 2.5000000000000004 2.5000000000000004 2.5000000000000004 2.5000000000000004 2.5000000000000004 2.5000000000000004 2.5000000000000004 2.499999999999954 2.5000000000009854 2.500000000016788 2.4999999995799125 2.5000000015719945 2.500000024903412 2.4999996028104006 2.5000032277599793 2.499978221043267 2.5000747490356727 2.4988418041894027 2.4806259374825186 2.4047659136283603 
0.271484375 2.5000000000000004 2.5000000000000004 2.5000000000000004 2.5000000000000004 2.5000000000000004 2.5000000000000004 2.5000000000000004 2.5000000000000004 2.499999999999864 2.4999999999984053 2.5000000000571965 2.499999999984019 2.499999991226619 2.5000001073363856 2.4999992441367644 2.500004173169057 2.499970543941101 2.5000903539574164 2.496453637479423 2.4621356634567 2.36908075986595 
0.275390625 2.5000000000000004 2.5000000000000004 2.5000000000000004 2.5000000000000004 2.5000000000000004 2.5000000000000004 2.5000000000000004 2.500000000000001 2.5000000000000266 2.4999999999930504 2.499999999986191 2.5000000018163444 2.49999998124712 2.5000000721277957 2.5000001019016564 2.4999969275535263 2.5000005947737556 2.4998367420287173 2.491283527179744 2.435371262943269 2.331236128991426 
0.279296875 2.5000000000000004 2.5000000000000004 2.5000000000000004 2.5000000000000004 2.5000000000000004 2.5000000000000004 2.5000000000000004 2.499999999999997 2.5000000000006484 2.500000000000755 2.499999999714667 2.5000000024594913 2.500000007715083 2.4999997198020742 2.5000027001564207 2.499980524930102 2.500069315380822 2.4989087707668305 2.480766412138161 2.402149484832605 2.292386198603838 
0.283203125 2.5000000000000004 2.5000000000000004 2.5000000000000004 2.5000000000000004 2.5000000000000004 2.5000000000000004 2.5000000000000004 2.4999999999999423 2.500000000000292 2.5000000000358824 2.4999999997182023 2.49999999559925 2.500000084390006 2.499999291047007 2.5000042532918494 2.499970681908984 2.5000938065203258 2.4965716669282827 2.4618673820473327 2.364746937182875 2.253218005428069 
0.287109375 2.5000000000000004 2.5000000000000004 2.5000000000000004 2.5000000000000004 2.5000000000000004 2.5000000000000004 2.5000000000000004 2.499999999999906 2.4999999999965357 2.500000000035254 2.50000000095157 2.499999983711349 2.5000000967242197 2.499999826687154 2.4999984865649973 2.499996318586411 2.499863904252917 2.4914514457510806 2.434077217567534 2.325042282541344 2.214123267226249 
0.291015625 2.5000000000000004 2.5000000000000004 2.5000000000000004 2.5000000000000004 2.5000000000000004 2.5000000000000004 2.5000000000000004 2.5000000000001696 2.499999999994907 2.499999999862464 2.500000002463774 2.4999999952969802 2.499999829445196 2.500002146960164 2.4999829720999647 2.5000633999297666 2.4989764330767406 2.480912708823253 2.3992938883241615 2.2842937433307813 2.1753303293347495 
0.294921875 2.5000000000000004 2.5000000000000004 2.5000000000000004 2.5000000000000004 2.5000000000000004 2.5000000000000004 2.499999999999993 2.500000000000587 2.500000000013368 2.4999999996713367 2.499999998973824 2.5000000589663243 2.4999993741364213 2.5000041729469733 2.49997122179898 2.50009624907695 2.496692860358194 2.4615848839901115 2.3599923356812686 2.2432452591063816 2.1369788977083894 
0.298828125 2.5000000000000004 2.5000000000000004 2.5000000000000004 2.5000000000000004 2.5000000000000004 2.5000000000000004 2.4999999999999463 2.499999999999352 2.5000000000402602 2.500000000271476 2.4999999879541055 2.5000001043170803 2.49999961623134 2.499999888099309 2.499992261150456 2.4998902845873947 2.4916238550868477 2.4326749089869293 2.3182311791982344 2.2023165015439257 2.0991575390904784 
0.302734375 2.5000000000000004 2.5000000000000004 2.5000000000000004 2.5000000000000004 2.5000000000000004 2.5000000000000004 2.4999999999999574 2.49999999999589 2.499999999972096 2.5000000018682202 2.499999988174434 2.499999925015423 2.500001588137648 2.499985534856337 2.5000570135112734 2.499044861837542 2.481065352361935 2.39616252584712 2.2753874754408008 2.161749220810512 2.0619230679614753 
0.306640625 2.5000000000000004 2.5000000000000004 2.5000000000000004 2.5000000000000004 2.5000000000000004 2.5000000000000004 2.5000000000002354 2.499999999999907 2.499999999763848 2.500000001034758 2.5000000342237225 2.499999485891994 2.500003933527846 2.4999721924150244 2.500097610901221 2.4968177360584467 2.4612871111780614 2.3547496280325118 2.232269395143539 2.121689620843823 2.0253116563795617 
0.310546875 2.5000000000000004 2.5000000000000004 2.5000000000000004 2.5000000000000004 2.5000000000000004 2.4999999999999947 2.50000000000034 2.5000000000229 2.4999999998819256 2.4999999928142893 2.500000096688413 2.4999994780760364 2.5000010958047305 2.4999884918686783 2.4999157979909423 2.491801878914347 2.4311488907191827 2.3107026182381927 2.1893275574441287 2.0822292673520706 1.989345706759692 
0.314453125 2.5000000000000004 2.5000000000000004 2.5000000000000004 2.5000000000000004 2.5000000000000004 2.499999999999962 2.499999999998677 2.500000000021941 2.500000001036733 2.4999999861531603 2.500000000322102 2.5000010473534213 2.4999881759080114 2.5000501736050853 2.499114139883926 2.4812250195390035 2.392710638776702 2.265535182263759 2.1468181718530985 2.0434260310797736 1.954038247302054 
0.318359375 2.5000000000000004 2.5000000000000004 2.5000000000000004 2.5000000000000004 2.5000000000000004 2.4999999999999982 2.4999999999967617 2.4999999998961653 2.500000001767669 2.500000013253796 2.499999615921065 2.5000035427470264 2.4999736206997714 2.5000978104888234 2.496946894727408 2.4609729341460658 2.34893596052604 2.2201283760315986 2.104894208849597 2.0053160087136765 1.919395796501778 
0.322265625 2.5000000000000004 2.5000000000000004 2.5000000000000004 2.5000000000000004 2.5000000000000004 2.5000000000002047 2.5000000000053095 2.4999999997780415 2.4999999971288895 2.500000077325129 2.499999416485223 2.5000020711400905 2.4999850934700985 2.499940344158216 2.4919869565468273 2.4294804498484712 2.302333126332035 2.1749671785550775 2.0636501604393738 1.9679208568776723 1.885420266777636 
0.326171875 2.5000000000000004 2.5000000000000004 2.5000000000000004 2.5000000000000004 2.4999999999999987 2.5000000000000897 2.500000000023598 2.50000000031813 2.4999999882155133 2.5000000506030906 2.5000005517010035 2.499990845586632 2.50004290752085 2.499184367320829 2.4813926191320688 2.388882841904562 2.254574069318895 2.1303233801365207 2.02314471665306 1.931252455823464 1.8521102549362216 
0.330078125 2.5000000000000004 2.5000000000000004 2.5000000000000004 2.5000000000000004 2.499999999999984 2.4999999999985856 2.49999999998875 2.500000001486562 2.499999998554299 2.4999997510164325 2.5000030170458034 2.499975529214097 2.500096752570681 2.4970810449870844 2.460641164361427 2.342448137602524 2.2066230244335414 2.0863569377954687 1.983413581259952 1.8953159308751337 1.8194619323232346 
0.333984375 2.5000000000000004 2.5000000000000004 2.5000000000000004 2.5000000000000004 2.5000000000000053 2.499999999998355 2.499999999853292 2.5000000000072418 2.500000051380262 2.4999994306366533 2.5000027750234435 2.499982165362727 2.499963801342346 2.4921809293999138 2.427646657372331 2.2929687238126966 2.159003227276827 2.043165109039978 1.9444773094192844 1.860111648185272 1.7874696677581217 
0.337890625 2.5000000000000004 2.5000000000000004 2.5000000000000004 2.5000000000000004 2.5000000000001266 2.5000000000080367 2.49999999992882 2.4999999925913277 2.5000000737080277 2.500000130679107 2.499993478356761 2.50003525745233 2.499255667789785 2.4815694187063633 2.384609689266187 2.242301324240039 2.112003222016992 2.0008070635843147 1.906346259961187 1.8256365588568542 1.7561264690261105 
0.341796875 2.5000000000000004 2.5000000000000004 2.5000000000000004 2.5000000000000004 2.4999999999999876 2.500000000016163 2.50000000074991 2.4999999913662188 2.499999875828 2.500002384603736 2.4999779318318764 2.500094324496604 2.497221040275361 2.4602905813484677 2.3351558780025243 2.191505693627723 2.0657900894453722 1.959317687588682 1.8690237821164188 1.7918851195248278 1.7254242999066862 
0.345703125 2.5000000000000004 2.5000000000000004 2.5000000000000004 2.4999999999999982 2.499999999998968 2.49999999996078 2.5000000011270647 2.5000000251782093 2.499999512411413 2.500003171065638 2.4999798276584193 2.4999860167401695 2.4923861592980145 2.425619055600457 2.282414798174634 2.141147777878721 2.0204635658431744 1.918715970754475 1.8325083054436044 1.758849931916347 1.6953543117805279 
0.349609375 2.5000000000000004 2.5000000000000004 2.5000000000000004 2.500000000000003 2.4999999999994884 2.4999999998686917 2.499999997125686 2.5000000714493207 2.4999998138203363 2.499995988677851 2.5000272885775234 2.4993281955947046 2.4817572472681224 2.3798027917549787 2.228460943545616 2.0915340698391542 1.9760828203059968 1.8790102673041138 1.7967947364367907 1.7265221934525457 1.6659070172463362 
0.353515625 2.5000000000000004 2.5000000000000004 2.5000000000000004 2.500000000000052 2.500000000007104 2.500000000132965 2.499999991042449 2.4999999745963932 2.5000016887665493 2.4999808264567265 2.500090392132472 2.497367932806316 2.4599199865587544 2.3268921706973273 2.1744645095796655 2.0428387774722205 1.932681351525215 1.8402016545314857 1.7618754073269967 1.6948920204277997 1.6370724256665743 
0.357421875 2.5000000000000004 2.5000000000000004 2.5000000000000004 2.5000000000000036 2.5000000000073577 2.5000000008982135 2.5000000049969753 2.4999996441062238 2.5000032314964575 2.499978225585375 2.500006791415594 2.4926056967569132 2.4233618053700727 2.270421632897896 2.1210392403822445 1.9951636490752214 1.8902759723069262 1.8022861164681263 1.727740730488221 1.6639486862232233 1.6088401548434985 
0.361328125 2.5000000000000004 2.5000000000000004 2.5000000000000004 2.4999999999995 2.499999999954308 2.5000000000118217 2.5000000506964963 2.49999962607021 2.4999982666952802 2.500019102173904 2.499402142800664 2.4819588231656917 2.374347710216549 2.212724967981568 2.068510740517526 1.9485671779120364 1.8488723973921333 1.7652559900229479 1.694379658409317 1.633680804683984 1.5811995293969863 
0.365234375 2.5000000000000004 2.5000000000000004 2.5000000000000004 2.4999999999997544 2.499999999920919 2.4999999948520357 2.5000000345095983 2.500000991138216 2.4999841827835927 2.5000847958626524 2.4975230534734885 2.4595283066183073 2.31743915247202 2.1551010195409037 2.017060138200121 1.9030807049319534 1.8084687765690375 1.7291009387845349 1.6617800162760568 1.6040764800032568 1.5541396720498732 
0.369140625 2.5000000000000004 2.5000000000000004 2.5000000000000013 2.5000000000039884 2.500000000254925 2.4999999949863216 2.4999997970557595 2.500002947504938 2.4999775332451835 2.5000258563649105 2.4928435311924297 2.4208290071502585 2.256663239440133 2.0982171270885472 1.9667904685936657 1.8587180482231658 1.7690579683583814 1.6938086225041769 1.6299287540944436 1.5751234386299244 1.5276495919530817 
0.373046875 2.5000000000000004 2.5000000000000004 2.5000000000000093 2.5000000000030953 2.500000000698095 2.5000000232165807 2.4999995797640397 2.500000175329204 2.500010857103905 2.499477743919032 2.4821782935293393 2.368093327628411 2.1946661372387295 2.0424190460918026 1.9177585994411284 1.81548143049638 1.7306290304135374 1.6593651701629126 1.598812151099563 1.5468091515667448 1.501718269506535 
0.376953125 2.5000000000000004 2.5000000000000004 2.499999999999897 2.4999999999687845 2.4999999988751584 2.500000050989092 2.5000003722089974 2.4999879219143795 2.500077348454669 2.4976881315585486 2.459114790811769 2.306506858880734 2.1328977787514143 1.9878942931813681 1.86999265949524 1.773365183290659 1.6931682179615448 1.6257555338863763 1.568415994858514 1.519120954000654 1.4763347353622154 
0.380859375 2.5000000000000004 2.5000000000000004 2.499999999999781 2.4999999999632374 2.499999994728346 2.4999999334914773 2.500002346335318 2.499977953712066 2.5000428338775214 2.493104980727292 2.4179607193173465 2.2407055572970926 2.072085664147071 1.9347460896937165 1.8235023535129 1.732358102850924 1.6566596725419405 1.5929637706949613 1.53872574904932 1.4920461566502818 1.4514881382361386 
0.384765625 2.5000000000000004 2.5000000000000004 2.5000000000009543 2.5000000002241385 2.5000000025346134 2.499999662468613 2.500001553033809 2.5000028053887178 2.4995552721527856 2.482422141169866 2.360835451152223 2.1737169909278977 2.012596461500985 1.8830283334274116 1.7782852324627552 1.6924449815145481 1.6210859283368666 1.560973292733658 1.5097267153346647 1.465572152628626 1.4271677904746976 
0.388671875 2.5000000000000004 2.5000000000000004 2.5000000000020255 2.500000000383407 2.50000003371489 2.499999924391454 2.49999188309657 2.5000678395788416 2.4978654757571914 2.4586793969997127 2.2937002361661167 2.107170147424622 1.954623042961007 1.8327644642869 1.7343305560136406 1.6536076382900864 1.5864283072744068 1.5297670977846962 1.4814041854663447 1.439686494164812 1.4033631896491516 
0.392578125 2.5000000000000004 2.5000000000000004 2.4999999999902305 2.499999998556495 2.5000000160095754 2.500001517053751 2.499979707462893 2.5000571739233632 2.4933973283204853 2.4146768452578025 2.2219571873824866 2.041860032045087 1.8982671631719876 1.7839584959456225 1.6916217237092155 1.6158256545692036 1.5526672794031102 1.4993279958062173 1.4537435795573317 1.4143769507696191 1.3800639893102709 
0.396484375 2.5000000000000004 2.4999999999999867 2.4999999999800604 2.499999996425042 2.499999823096986 2.5000022328941953 2.499995351289214 2.499635012006311 2.4827007523951306 2.352290571427563 2.149106842871571 1.9781744596543651 1.84357780651915 1.7366016033612444 1.6501378579421995 1.5790769504746769 1.5197827747727644 1.4696388167666503 1.426730534891776 1.3896314989434515 1.357259944351607 
0.400390625 2.5000000000000004 2.4999999999999725 2.500000000091634 2.500000007795771 2.4999997268525163 2.499995772432023 2.5000560598642383 2.498058249206504 2.4582235747823398 2.27846601242911 2.0769924987262263 1.916309845445266 1.790571596033458 1.6906761432742872 1.609854905792975 1.543338296663063 1.4877545307408004 1.4406825830024745 1.4003509707393018 1.3654382728361933 1.334940771806504 
0.404296875 2.5000000000000004 2.500000000000192 2.500000000194239 2.500000029405638 2.5000006411479734 2.499982988337901 2.500068047465236 2.4937309066910105 2.410867383893349 2.199590284612154 2.0064847311245706 1.8563639821138118 1.7392445014721494 1.64615815214069 1.5707464966328022 1.5085857740587185 1.4565623290384402 1.412442625930028 1.3745910018615832 1.3417854303358727 1.3130960256197748 
0.408203125 2.5000000000000004 2.500000000000191 2.499999999205241 2.49999996985762 2.500002102545923 2.499989147295381 2.4997171688012756 2.4830312254820477 2.342052009117585 2.1197611874772906 1.9379917490385812 1.7983780419475763 1.689578772785213 1.6030190750478257 1.5327846821352928 1.474795273625221 1.426186290478393 1.384902585573699 1.34943689948086 1.3186609407130572 1.2917148684278057 
0.412109375 2.5000000000000004 2.4999999999969846 2.4999999981200802 2.4999997867589276 2.4999990967414107 2.5000418797152655 2.498270885240437 2.4577519421423317 2.260003331436744 2.041081441220895 1.8717105342185836 1.7423585689486174 1.6415470284365623 1.5612270271623632 1.4959406624315037 1.441942785625887 1.3966068780262517 1.3580463025278497 1.3248746858424885 1.2960524118410788 1.2707859584840515 
0.416015625 2.5000000000000004 2.4999999999995577 2.5000000062039365 2.4999999986066554 2.4999878341815 2.5000741661768258 2.494121027109257 2.4063761349630175 2.172407990672954 1.9645055824638766 1.8077309406225555 1.6882898361525978 1.5951151086837956 1.520747980495043 1.4601854191131582 1.4100048859425447 1.3678049474491767 1.3318575576607516 1.3008901124094336 1.2739466888928757 1.2502972871162374 
0.419921875 2.5000000000000004 2.500000000042002 2.5000000175054717 2.5000012509385874 2.49998523424714 2.4998016076457774 2.483442637538029 2.3295127108923057 2.084134469189737 1.8904599686657824 1.7460818867136811 1.6361410212932803 1.5502438792460274 1.4815467916066605 1.425490285724495 1.378958347611742 1.3397613456134103 1.306319589656795 1.2774678732942262 1.2523300160209896 1.2302361932986519 
0.423828125 2.5000000000000004 2.4999999999786664 2.499999957225134 2.500001136312466 2.5000254825173918 2.4985096975650998 2.457276050787806 2.2371053825296157 1.997603433150694 1.8191368552080083 1.6867542957366157 1.5858708580778975 1.5068914095029906 1.443588221642494 1.391827219698712 1.3487806871738928 1.3124564643437435 1.2814149106056245 1.2545919699933827 1.231187385900756 1.2105896506405573 
0.427734375 2.5000000000000004 2.499999999464282 2.4999998426740504 2.4999937877055314 2.500073488190363 2.4945915485826267 2.4009722710328134 2.138610366376279 1.913861873226183 1.7506121570684414 1.629714849112466 1.537430576166956 1.4650140659605682 1.4068376434700514 1.3591685381107372 1.3194481517537253 1.2858696924879383 1.2571241294504243 1.2322448704647273 1.2105038254017384 1.19134422461014 
0.431640625 2.5000000000000004 2.5000000005223524 2.500000222238409 2.499985153821835 2.499887111843442 2.4839865079164447 2.3137193403193295 2.039918113396803 1.8333484307961716 1.6848937961949242 1.5749128111762967 1.490767709464983 1.424568853306082 1.371261082440566 1.3274867624769255 1.2909371383378256 1.2599783746020292 1.2334275669591173 1.210408409836016 1.1902631058964204 1.1724875941982433 
0.435546875 2.5000000000000004 2.5000000062312835 2.5000012248465056 2.5000080426789912 2.49878367950239 2.4568239554048206 2.2078606985564764 1.94384318104955 1.7562425873990304 1.6219489811575805 1.52228704048798 1.4458270556065356 1.3855129821541678 1.3368250018959096 1.2967519424801752 1.2632197052180651 1.2347583732295369 1.2103017214218703 1.1890643658439084 1.1704511490696983 1.1540073223541536 
0.439453125 2.5000000000000004 2.4999999916106135 2.499999158674012 2.500062837044484 2.4951817336008064 2.394294280008332 2.0953550378784644 1.8515331536616668 1.682592992519034 1.5617140708528423 1.4717694982401799 1.4025561120176002 1.3478052779995364 1.3034938140246173 1.2669338271335926 1.2362679498349178 1.2101828383761146 1.1877274918346694 1.1681938620764816 1.1510533305379778 1.1358951538444018 
0.443359375 2.5000000000000004 2.499999930878678 2.499990473786408 2.4999692204612614 2.4847592954868327 2.293081913757588 1.9834963435202564 1.7634277099106377 1.6123742979005635 1.5041124106706796 1.4232908920612042 1.3608998227175548 1.3114021447099544 1.2712296126636742 1.2379928167981922 1.2100477915304804 1.1862251934218673 1.165678210657132 1.1477838678291634 1.1320601112215245 1.1181423521470963 
0.447265625 2.5000000000000004 2.500000093256187 2.4999936433488354 2.499105024713131 2.456464904188541 2.1690275099458414 1.8756015085422504 1.6796744845433174 1.5455068693537672 1.4490504544591585 1.3767839716695875 1.3208089143132522 1.276257245263029 1.2399870225284448 1.2098963820599842 1.184527820438849 1.162860022389199 1.1441441550965965 1.1278169094750825 1.1134637794383841 1.100747999966413 
0.451171875 2.5000000000000004 2.5000006693071706 2.5000382233218588 2.4959596262417496 2.3857424017480344 2.0378754207121763 1.7729086116188122 1.6002726381245083 1.4818914202910685 1.3964464975093809 1.3321785751785258 1.2822188326443595 1.2423148567790563 1.2097176699492056 1.1825892786982863 1.159675660864619 1.1400630047772489 1.12309936173468 1.1082966159761662 1.095260645938154 1.0837095929903635 
0.455078125 2.5000000000000004 2.4999989493600054 2.5000338659570005 2.4859559937990663 2.2646838902355917 1.908848534229195 1.675853734760944 1.5251257889726455 1.4213975006517612 1.346200298015831 1.289408486210252 1.2450706524160187 1.2095115203136575 1.1803678856979836 1.1560572577545685 1.135464023660857 1.1178289000239245 1.102554343446543 1.0892024120298587 1.0774572532517954 1.0670255733597191 
0.458984375 2.5000000000000004 2.499992688500029 2.499485657519071 2.456387245409537 2.1146699729968272 1.7860212642941737 1.5844828019140484 1.4540978778374998 1.3639295071628112 1.2982372746478437 1.2483723436779877 1.2092670664991347 1.177781997669819 1.1518862398486693 1.1302283322160191 1.1118860525242453 1.0961285289404044 1.0824908989885185 1.0705692590263476 1.0600350244857875 1.0507041147163896 
0.462890625 2.5000000000000004 2.500003012674618 2.4970450098526333 2.3742146066137164 1.9573619835834652 1.6706092740179876 1.498718275983127 1.3870071339154222 1.3093237983571182 1.2524207474481446 1.2089900106901068 1.174738896828542 1.1470526458854569 1.1242511019996833 1.1051539335072842 1.088918597686397 1.0750232895476408 1.0629266587434947 1.0523415287588427 1.0430304784923896 1.0346997345701705 
0.466796875 2.5000000000000004 2.5000428516360405 2.488018267496929 2.222519949376707 1.8053171599059166 1.5630214782966754 1.4183133367852074 1.3237273367339708 1.2575142426334887 1.2086355996266667 1.1710829177019966 1.1413773497623534 1.1173107306398964 1.0974074897071604 1.0807403060412246 1.066612752256668 1.0543900457052702 1.0438594305332334 1.0345865805851429 1.026345410064238 1.0190942113686736 
0.470703125 2.5000000000000004 2.4998966439893495 2.4571912075232327 2.0323624801534237 1.662871693338966 1.463126848243517 1.3430850916488277 1.2640049047084083 1.2081611024163208 1.1666798919474346 1.1346471513548835 1.1091687196780855 1.088491708911543 1.0714763985434468 1.0571304397853085 1.044898509078973 1.034472862594475 1.0252224332085942 1.0171921828511015 1.0101218988652356 1.0036799772256753 
0.474609375 2.5000000000000004 2.49859953799005 2.3574369872730863 1.8358180539691937 1.532397265295018 1.3704730358466712 1.272746526119175 1.2076833347872793 1.1612550773103625 1.1264159588837876 1.0994537525153703 1.0780841863244068 1.0607242507707375 1.0462267032965162 1.0341637983096224 1.0238458662235623 1.0147777324861278 1.0071688641207355 1.0002532920152878 0.9941345362756361 0.9888744890659125 
0.478515625 2.5000000000000004 2.492130142732685 2.1513435063205995 1.6510915346570323 1.4119974161385416 1.2850667929160995 1.206898208540253 1.154126440498685 1.1161902267650181 1.0878626194228378 1.0658267919654203 1.0481994424528223 1.0338724091612015 1.022174617302805 1.0119620966612028 1.003373356594033 0.9961150941583344 0.9893547883254088 0.9837755722821018 0.9787631397193622 0.9740915969787977 
0.482421875 2.5000000000000004 2.461538495060961 1.8911207356886046 1.4842633500909594 1.3041019833881324 1.2058549444264708 1.1450618452592953 1.103571109975342 1.0735906939268562 1.050919254610727 1.0334127126850736 1.019541862219068 1.00811381975018 0.9982610318979049 0.9905188834297999 0.983542674559703 0.9774442183551766 0.9728085820009501 0.9680078858426044 0.9641298055428627 0.9609114257063042 
0.486328125 2.5000000000000004 2.3297931054410532 1.629698082799037 1.3343216926574826 1.2038134069581554 1.1325866573215841 1.086397857073166 1.0551084621512303 1.0327771965390384 1.016213098164021 1.0029284755307037 0.9920680704205352 0.983416148236881 0.9768339708070312 0.9702577073455729 0.9654228771305187 0.9611542836408796 0.9569575894749539 0.9544183305102357 0.9516311671787857 0.9490261861406142 
0.490234375 2.5000000000000004 2.002505966263553 1.393429389044248 1.2034248780459098 1.1150298834711652 1.063137640690651 1.032519502750508 1.0113732965116797 0.9954925324225422 0.9832310711288403 0.9740317366778719 0.9671064790298847 0.961267096184031 0.9557706597091864 0.9531844322730859 0.9494958921502124 0.9474468611907946 0.9467233950824863 0.9443967060152078 0.9442487512186692 0.9435074326317592 
0.494140625 2.5000000000000004 1.566249816054993 1.2062799102681858 1.0826465620568873 1.0311250443950406 1.0035883657531648 0.9837506593834592 0.9704321604802978 0.9614224295805 0.9562017129960895 0.9517130496144341 0.9478209056395563 0.9460612192967887 0.9454876117220535 0.9433567020697984 0.9434170337038585 0.942162042159558 0.9415330663336234 0.9417716778402894 0.9408444037984578 0.9410275025695144 
0.498046875 2.5000000000000004 1.2182655839889824 1.0364953419436909 0.9914447838445059 0.9668765451750708 0.9557593909605292 0.9486022432034072 0.9466486561749382 0.9444908059170867 0.9424037694034778 0.9415251714033874 0.941452860106004 0.9405404852877627 0.9406996366630906 0.9407092716195925 0.9407128064091059 0.9405504065235877 0.9408561142541849 0.9411358337858629 0.9407025927930289 0.9412368707565001 
0.501953125 0.25000000000000006 0.8991347294632434 0.9259731204806909 0.9290513177753783 0.9344803110868806 0.936896364094281 0.9387721932595114 0.9389073676509008 0.9396555037051791 0.9403667525574132 0.9406664046627579 0.9408747588353441 0.9407565140142621 0.9410694917260867 0.9410951132061826 0.9409810612667813 0.9411843667413834 0.9409856484345925 0.9413767045385787 0.9408880218190576 0.9412533909909616 
0.505859375 0.25000000000000006 0.9431195105613336 0.9364806223714549 0.9447520049197086 0.9448987285882217 0.9434836302107805 0.9434162453510395 0.9426719668784175 0.9426185781870736 0.9420584775214006 0.9419471162871047 0.9418929779259865 0.9413659437539427 0.9412075574512424 0.9412814668955211 0.9409150197013612 0.9412767227468666 0.9405469018149283 0.9406933030388599 0.9404585066649026 0.9401636691767528 
0.509765625 0.25000000000000006 0.9538905518469738 0.9365152093880427 0.9458591521245604 0.941237592018707 0.9410657104759332 0.941184413690982 0.9405622586930447 0.9408365241114958 0.9403973198907063 0.9403588414697304 0.9403305027511876 0.9402748560410061 0.9397047626695714 0.9401197239181912 0.9397354570794046 0.9401143857536768 0.9394732231253969 0.9395150079232119 0.9399227274249881 0.9392396472637471 
0.513671875 0.25000000000000006 0.8552480220211535 0.9293558867086549 0.9455797875327996 0.9398503100989732 0.9402438977018647 0.9408050690760977 0.9400520423558528 0.9403299863936119 0.9400502955540773 0.940015616797451 0.939919389819871 0.9401072826152657 0.9394089071701625 0.9399009663814291 0.9397505980422614 0.939698200640427 0.939554633307443 0.9394386718940465 0.9400944021820461 0.9394056324624903 
0.517578125 0.25000000000000006 0.49673705225079245 0.8953520578980738 0.9402860980289738 0.9387634775905063 0.9389016275643285 0.94021291013686 0.9396209924642515 0.9396562691321597 0.9396928536186103 0.9396679208558996 0.9395237215334958 0.9398519576051558 0.9393401060708608 0.9396288971707039 0.9398165663393031 0.9395140088244078 0.9397503781010856 0.9396026542410982 0.9400960298719496 0.9398137438731965 
0.521484375 0.25000000000000006 0.27954582679008216 0.8828896308859895 0.9240471213822216 0.9407923608308258 0.9386706204387394 0.9399083840878767 0.9398837142973148 0.9394780438768953 0.9398784956940126 0.9398437442478882 0.9397231671664112 0.940015868483085 0.9398367262939405 0.9398004186508641 0.9401921556519957 0.93992027470488 0.940225661207266 0.9400799583251175 0.940231160635833 0.9403562636349857 
0.525390625 0.25000000000000006 0.25305445868691095 0.8860727160131319 0.9032983834326098 0.9428451075135614 0.9399495764810314 0.9394227531389556 0.9405178178083831 0.9396726380677933 0.9401746078649816 0.9401228437479674 0.9400574532348605 0.9401639155020666 0.9402792255028611 0.939948134150683 0.9403618516473558 0.9402932602305927 0.9404864179162228 0.9402756370931399 0.9402645171564676 0.9405862147162384 
0.529296875 0.25000000000000006 0.25029005955203465 0.8663181121979323 0.8801948902489329 0.9401596578002992 0.9410797904780024 0.9389156380974208 0.9408114084704527 0.9400289893192174 0.9402937436590127 0.9403160769652563 0.9403638662943498 0.9402753622750075 0.9405582341434745 0.9401099062832539 0.9404563215513699 0.9405562341173188 0.9406517371889886 0.9403346073284518 0.9404130502570608 0.9407295768812804 
0.533203125 0.25000000000000006 0.24996214527136357 0.7314761903890745 0.8642626425887017 0.923061626748452 0.9411892539335873 0.9393328685029666 0.9405134044283209 0.9405259624180428 0.9403436561364215 0.9404727569931504 0.9406444417567449 0.9404290582648488 0.9407108573452683 0.9403078673838692 0.9405687007910605 0.9406863302781314 0.9407408032921161 0.9404245045304236 0.9406011896599504 0.9408768992983393 
0.537109375 0.25000000000000006 0.24999342295283186 0.38756118843984594 0.8697007789822949 0.8970850494421012 0.9388084995314427 0.9404235068514636 0.9400689488688102 0.9409025149863831 0.9404968287829583 0.940580354188732 0.9408437990905008 0.9406143226347169 0.9407886211588261 0.9405301692462135 0.940715066772534 0.9407957512448368 0.9408467995159511 0.9407523553305447 0.9407959110719035 0.9410952262378245 
0.541015625 0.25000000000000006 0.2500063317065337 0.26316639546681303 0.874751890885806 0.876603188648563 0.9292451973283147 0.9410978171826732 0.940116058528907 0.9408692463859715 0.940789672253461 0.9407119441860166 0.9409695378122264 0.9408764089827011 0.9409273715897413 0.9408299426538941 0.9409022575190911 0.9410063375008332 0.9410087089361672 0.9412327369023017 0.9409359847072275 0.9412445586722359 
0.544921875 0.25000000000000006 0.2500009348315467 0.2512097639080277 0.8699110678165162 0.8605715483180639 0.9093729635604239 0.9402565009110467 0.9405060492451148 0.9407954647618086 0.9410984073360178 0.9410278343337704 0.9410615908692437 0.9412142202880892 0.9411275691189112 0.9411210292692613 0.9409832630113724 0.9411885582149212 0.9410722756784271 0.9414785205353645 0.9408959830485552 0.9411116527426818 
0.548828125 0.25000000000000006 0.2499994661431403 0.2500461516948597 0.8226511042617182 0.8576985792081694 0.8849952785048614 0.9347182895714263 0.9409431709345041 0.9410285494311617 0.9410832875251998 0.9414062468721669 0.9410193873181527 0.9413509201415508 0.9411638098421719 0.9411755094604326 0.940806334419615 0.941155377966461 0.9409524820280314 0.9413062419114826 0.9407856410896142 0.9408324552726011 
0.552734375 0.25000000000000006 0.24999995443198292 0.24997313608710428 0.5762264370299167 0.8628872516025273 0.8768448566994111 0.9180620671080633 0.9400886754659842 0.9411412579553774 0.9406564148540206 0.9413494005726508 0.9408542598030761 0.9411659591013095 0.9410524826262507 0.941088234226042 0.9406123031837709 0.941051346423584 0.9409069554136475 0.941026916147579 0.9408641024747784 0.9407344465496066 
0.556640625 0.25000000000000006 0.2500000503695391 0.2500060018326733 0.3044338307528505 0.8687233155787852 0.8740891238761039 0.8953484130141278 0.9364453827846205 0.9410988279734264 0.9406148922420686 0.9410835852247919 0.9410300070344578 0.9410191037241519 0.9410878063981465 0.9411327873533721 0.9406726326492256 0.9410013022512496 0.9410289374326893 0.9408767254257612 0.9410946415934806 0.9408355173180033 
0.560546875 0.25000000000000006 0.25000000178338255 0.25000402691529233 0.25501303105791046 0.8696990643438435 0.8675449754954191 0.8747779240967027 0.9245657160798434 0.9404656159365472 0.9409053486833914 0.9406683038131473 0.9413062588912655 0.9409449754794298 0.9410964227985792 0.941182573139583 0.9408392533034471 0.9408826482276813 0.9411416451419757 0.9408642588749561 0.941273585767414 0.9409815175184258 
0.564453125 0.25000000000000006 0.24999999600983944 0.24999928455366455 0.25047276559045273 0.8529256718164706 0.8610360238981757 0.868512609321369 0.9029267956911021 0.9379928070990318 0.9412320712593718 0.9404988334596238 0.9413425971428186 0.9410325815152693 0.9410754216221553 0.9412527172398727 0.941093350736077 0.9408048664216444 0.9412488257166425 0.9410325272411594 0.9413743469668053 0.9411087896291341 
0.568359375 0.25000000000000006 0.25000000009454176 0.24999964451255302 0.2499731045764981 0.7369682938301929 0.861534676207923 0.8710193806584713 0.8842094967000628 0.9298461034808363 0.9410444413847259 0.9406043291868466 0.941108744286717 0.9412604474735876 0.9411340186617217 0.9413012088215953 0.9413639286139446 0.9408060146743353 0.9412815456396836 0.9412072930954859 0.9413151090285161 0.9410899675722396 
0.572265625 0.25000000000000006 0.25000000029073655 0.2500001103330652 0.24998967008230172 0.4111410692384323 0.8644589319661602 0.8737010703920617 0.8756408164004641 0.912332634477849 0.9396086846246642 0.9410153483576594 0.9409637570200541 0.941412978577953 0.9413090917246594 0.9412338581556694 0.9414936531500757 0.9408145378631046 0.9411486061016198 0.9412030107789824 0.9411042626633226 0.9409663117419984 
0.576171875 0.25000000000000006 0.24999999997630393 0.250000035545843 0.250007313026059 0.26673677597021966 0.8657513901743461 0.8749402052076166 0.869817745271342 0.8888664628898739 0.9342524908835736 0.9409095659646611 0.9407837262370627 0.9411414032442466 0.9413438813439211 0.9409919959592101 0.9413558347627486 0.9408207979456774 0.9409044367458513 0.9410741216610262 0.9409237408777704 0.940939173264573 
0.580078125 0.25000000000000006 0.24999999998146616 0.2499999868521923 0.2500013280623016 0.25165392604562625 0.859845566524723 0.8718245586226472 0.8674048030575175 0.8721993791790643 0.9191843417620091 0.9399158757053082 0.9407056252026488 0.9408706208522448 0.9412914323000595 0.9409565216292965 0.9411729856511725 0.9409881989168557 0.9407745937465922 0.9410227103655207 0.9409254683075008 0.9411022128293298 
0.583984375 0.25000000000000006 0.25000000000278677 0.24999999683643406 0.2499992455502994 0.2501040528111993 0.8148520739743406 0.8669893876083056 0.8685537606832506 0.8718017117689222 0.8979421543121214 0.9364619041231246 0.9405371861959069 0.940795489338295 0.9410496771815162 0.9411272993769989 0.94101381198182 0.9411963401346768 0.9407556998911759 0.9410416231143386 0.9410146681457418 0.9412867191397674 
0.587890625 0.25000000000000006 0.2500000000010205 0.2500000014859396 0.24999995323937543 0.24996639579193805 0.5803669358198519 0.8646135329009407 0.871373739677282 0.8733452213289117 0.8819019716606888 0.9262688130177111 0.9399247039387383 0.9408899179979558 0.9408591157812831 0.9413857058140126 0.941047811475832 0.9413575872161416 0.9408840157926164 0.9411406292152795 0.9411391948940828 0.941389856868425 
0.591796875 0.25000000000000006 0.24999999999975356 0.2500000002670493 0.2500000928651565 0.2500032217867974 0.30768764988092817 0.8631309941743288 0.8744000292972658 0.8733709584369113 0.8711787010071292 0.9068784924002143 0.9376955670292725 0.9409080657808158 0.9408553847229384 0.9414394486466338 0.9412373282150823 0.9413893113975983 0.9410539535574627 0.941223746892061 0.941205604875926 0.9413290107353818 
0.595703125 0.25000000000000006 0.2499999999999537 0.2499999998446013 0.24999999785337698 0.2500052928330651 0.25541738707218076 0.8595566548764382 0.8759178593633399 0.871885447613647 0.8675910341430737 0.8838794900277929 0.9307733588799024 0.9405165856669608 0.9410405835600932 0.9412939677889264 0.9414434153675053 0.9413639407715516 0.9411617365849388 0.9412369747034894 0.9412016816110869 0.9411684772896329 
0.599609375 0.25000000000000006 0.2500000000000175 0.249999999979892 0.24999998986741837 0.24999963948354864 0.25052222716225314 0.8410001190462522 0.8736818577174091 0.8703116744045696 0.8685949443037818 0.8746790231409745 0.9143921569812676 0.9387941921306496 0.9410584665428686 0.9410435633830531 0.9414212289648821 0.941336471145627 0.9411529114838049 0.9411535142386008 0.9411841477963657 0.9410322127618739 
0.603515625 0.25000000000000006 0.2500000000000009 0.25000000001535827 0.25000000111067494 0.24999952317720972 0.24997556721214426 0.72930168139649 0.869617646574356 0.8698322486382497 0.8710553249505849 0.8739881064643226 0.8947860672154935 0.9338569425048779 0.9407652128024323 0.9409415188678084 0.9412584019303545 0.9414031165079184 0.9411980931560229 0.9410671447773892 0.9412701629478765 0.9410448990036382 
0.607421875 0.25000000000000006 0.2499999999999986 0.25000000000128375 0.2500000010841551 0.2500000877532037 0.24998757833175736 0.4108365678529343 0.8664488229606672 0.8710471705463142 0.8738550710973888 0.8724521762479172 0.8786891538844745 0.9210354445277498 0.9396084850111287 0.9409116769482535 0.9411443896170609 0.941437491445298 0.9413674237617341 0.9409999857493611 0.941426440664571 0.9411890113112347 
0.611328125 0.25000000000000006 0.24999999999999997 0.2499999999985657 0.24999999980040213 0.2500000473830904 0.25000774723414193 0.2668866691286995 0.8625652678281597 0.873221628249095 0.8753068776543953 0.8701570584103117 0.8696319202405819 0.900672089191372 0.9362919847590331 0.9408461672821692 0.9411967999123548 0.9414104299146017 0.941657133021957 0.9410639295515707 0.9415641481777223 0.9414110135896986 
0.615234375 0.25000000000000006 0.25 0.24999999999994169 0.24999999988960472 0.24999998735314208 0.25000175283441395 0.25168299570859715 0.8523892821448955 0.8746664101755945 0.8740732723524555 0.8690796031840436 0.8698105109410745 0.8818981810449155 0.9268004034733441 0.9402423615017242 0.9413170237445248 0.9413503718397912 0.9418225869630574 0.9412227827450573 0.94148721595967 0.9415482187370144 
0.619140625 0.25000000000000006 0.25 0.25000000000012496 0.25000000002854705 0.2499999960302065 0.24999916895856414 0.2501082401878123 0.8038686567592433 0.8740211407659 0.8718403760148562 0.8697269598779244 0.8716983144022747 0.876772428790171 0.9095733484758862 0.9379218722696417 0.9411238361920584 0.9412442777757444 0.9416614212095827 0.9413999129052465 0.9412179384187749 0.941552500492502 
0.623046875 0.25000000000000006 0.25 0.2499999999999983 0.25000000001077133 0.250000001717749 0.24999989797926114 0.2499660292832242 0.5688244456890854 0.8721545217954445 0.8699752257621076 0.8713963251221606 0.8734834369097747 0.8735070005777275 0.8899052746425409 0.9313741126631199 0.9404855632978176 0.9412260255551077 0.9413714475428656 0.9415776180630698 0.9410138681894696 0.9414839006043904 
0.626953125 0.25000000000000006 0.25 0.24999999999998845 0.24999999999639388 0.2500000002844602 0.2500001061959619 0.2500031713083598 0.3049024171201381 0.8691015576999451 0.8700176960450797 0.8734463262263684 0.8741780996818358 0.8703762436503609 0.8739050348627433 0.9160771702789683 0.9386981626054279 0.9410915848560151 0.9411309092131538 0.9415860252453724 0.9409781117840937 0.9413506284766311 
0.630859375 0.25000000000000006 0.25 0.24999999999999967 0.24999999999899816 0.2499999997862224 0.2500000049360584 0.25000543712376194 0.25521805767188854 0.8623964940518205 0.8717591378835083 0.8747097314267119 0.8729046186979552 0.8693501364784799 0.8704419738491395 0.8959308954712739 0.9340578598297992 0.9407254846978383 0.9410769002334908 0.9415069721112912 0.9411714829115048 0.9413075413650377 
0.634765625 0.25000000000000006 0.25 0.2500000000000004 0.2500000000004173 0.24999999998769754 0.24999998813719126 0.2499996323114069 0.2505078792703249 0.8380781535638492 0.8736319477059303 0.874169945658524 0.8710021799418021 0.870342299819051 0.8721454619227661 0.8818498334205871 0.9224439235405351 0.9395976500894792 0.9411310258352286 0.9414319160968019 0.9413845567038225 0.9413305724820878 
0.638671875 0.25000000000000006 0.25 0.25 0.2500000000000855 0.25000000002527334 0.2500000003355298 0.24999949798031249 0.24997420938571535 0.712248944483643 0.8746917733230393 0.8724731173331164 0.8697580008282785 0.8721418811371656 0.8736444377644644 0.8753621774441387 0.9048708770825655 0.9363821577098327 0.9409580339439516 0.9413474274299815 0.9414201832544196 0.9413087740155 
0.642578125 0.25000000000000006 0.25 0.25 0.24999999999995215 0.2499999999992351 0.25000000128090716 0.2500000932513484 0.2499878993402423 0.395205364935491 0.8742516238638668 0.8707507682627248 0.8700398658906342 0.8738493211561777 0.8738112390908228 0.8702916756101706 0.8845999811196407 0.9276397431061475 0.9400602967794665 0.9411532439004138 0.9412928011823656 0.9411798632352478 
0.646484375 0.25000000000000006 0.25 0.25 0.24999999999999134 0.2499999999971466 0.24999999987334948 0.2500000520487202 0.2500077985199622 0.26511501300518237 0.8709394313307497 0.8702171730184354 0.8717372013426786 0.8744257548747821 0.8727038392253708 0.868740372287204 0.8729863121149967 0.9106393633928165 0.9376854318441402 0.9408564828979916 0.9412156603421178 0.9409980789610508 
0.650390625 0.25000000000000006 0.25 0.25 0.250000000000004 0.2500000000003017 0.24999999987114177 0.24999998619373842 0.2500017222559581 0.25152077345304785 0.8582336926981593 0.8713071217977053 0.8735561562069782 0.8733049094261038 0.8712526412912152 0.8697376435722519 0.8729781893887858 0.8922391897416381 0.9313950314650477 0.9401496502902124 0.9411235101994254 0.9408357324106529 
0.654296875 0.25000000000000006 0.25 0.25 0.2500000000000006 0.2500000000003055 0.2500000000234076 0.2499999952847365 0.24999916419650134 0.25008878637423465 0.7997805993695352 0.8730404157689969 0.8744103690727056 0.8714422399612062 0.8705877227122872 0.8718293818884022 0.873761601386784 0.8804124159192867 0.9179194092275317 0.9385143413208279 0.9410324885586315 0.9408815379848445 
0.658203125 0.25000000000000006 0.25 0.25 0.24999999999999978 0.2499999999999428 0.25000000001202055 0.2500000019115664 0.24999990151806542 0.24996719754077254 0.5432092781412134 0.874352134182311 0.8736700646110175 0.869847423187512 0.8711402181946581 0.8739264143482525 0.8732083035845495 0.8721816915146924 0.8993631049263402 0.934330230646227 0.9406713715286069 0.9410567319569907 
0.662109375 0.25000000000000006 0.25 0.25 0.25 0.24999999999996642 0.24999999999649633 0.2500000003937579 0.25000010709654585 0.250003924689 0.29554183719516797 0.8740418305479408 0.8721141987894029 0.869584862577415 0.8723774192729485 0.8746124889282295 0.8715726044737314 0.8691193591677273 0.8799559042435483 0.923405059082629 0.9393646840279943 0.9410343905029802 
0.666015625 0.25000000000000006 0.25 0.25 0.25 0.2500000000000071 0.24999999999899303 0.24999999975906667 0.25000000428557767 0.25000523541444347 0.25438219873087936 0.8689965485256844 0.870844723037578 0.8709397798878189 0.8734259223955972 0.8734604630927127 0.8702642854469461 0.8699460288604313 0.8745072042953473 0.906010429102434 0.9361637174384464 0.9407730461767986 
0.669921875 0.25000000000000006 0.25 0.25 0.25 0.25000000000000255 0.25000000000046746 0.2499999999731668 0.24999998792740843 0.2499995503505663 0.2504251787331821 0.8429363199552038 0.8709426997622303 0.8728612724332453 0.8735032337153329 0.8716892145294484 0.8701438657372861 0.8717874202840633 0.874303891139611 0.8894042280659148 0.9280694313213063 0.9398651008231866 
0.673828125 0.25000000000000006 0.25 0.25 0.25 0.2499999999999986 0.2500000000000663 0.25000000002860173 0.2500000004647347 0.24999951648695523 0.24996790642679712 0.6986197941228754 0.8721335471681773 0.8743299930947686 0.8724418758239012 0.8703016700948213 0.8712089582353856 0.8736808236768602 0.8731324256741599 0.8772041708145598 0.913023438664923 0.9376099191368228 
0.677734375 0.25000000000000006 0.25 0.25 0.25 0.24999999999999947 0.24999999999993935 0.2500000000009892 0.250000001326278 0.25000009916409105 0.2499906625720403 0.37774770814165504 0.8729253554140315 0.8742975536812579 0.8710050770982 0.8702966565098335 0.8727013239860272 0.8743653366436525 0.8710907346590393 0.8699773231219287 0.8939450374131976 0.9319397360376025 
0.681640625 0.25000000000000006 0.25 0.25 0.25 0.25 0.2499999999999963 0.24999999999679207 0.2499999998502671 0.25000004997327 0.25000786006061826 0.26293645550024713 0.8716119025976153 0.8727534448470711 0.8701102810394789 0.8715365729730407 0.8736790534925618 0.873087564508889 0.8699581422111713 0.8700137052715101 0.8785284354378536 0.9189515007225428 
0.685546875 0.25000000000000006 0.25 0.25 0.25 0.25 0.2500000000000061 0.25000000000011136 0.24999999986255197 0.24999998576242394 0.25000134777734156 0.25128501130083025 0.8610510087784243 0.8711241954841118 0.8704699080663306 0.8730250416010413 0.8734850187922488 0.8712196870702571 0.870375179817231 0.8716673530401229 0.8759740033366284 0.9018626507586033 
0.689453125 0.25000000000000006 0.25 0.25 0.25 0.25 0.249999999999999 0.25000000000033634 0.2500000000270799 0.24999999551179547 0.24999916488859855 0.25005918221720885 0.7998363251004825 0.870979934996937 0.8719027604254462 0.8739026005333357 0.872393938653073 0.8698750290169858 0.8716535482404307 0.8733114849842399 0.8738670141323964 0.8857172727011071 
0.693359375 0.25000000000000006 0.25 0.25 0.25 0.25 0.24999999999999883 0.24999999999996106 0.2500000000134727 0.25000000194041033 0.24999993676182639 0.24997026627489682 0.5297978382457615 0.8714651422538677 0.8735007940083628 0.8734399853093968 0.871180697566739 0.8700527959864892 0.8731275548279248 0.873980994047893 0.8711437477010853 0.8734352221670884 
0.697265625 0.25000000000000006 0.25 0.25 0.25 0.25 0.25 0.24999999999996456 0.2499999999959724 0.25000000036572684 0.25000010487918467 0.2500051779731613 0.2905007544314943 0.8711271167386252 0.8739724195094496 0.8720346012682368 0.8706938646355951 0.8715000848290643 0.8738554112814393 0.8729351438477112 0.8696350653086353 0.8704658802395544 
0.701171875 0.25000000000000006 0.25 0.25 0.25 0.25 0.25 0.25000000000000505 0.2499999999987705 0.2499999997566061 0.250000000793497 0.2500046425085387 0.25387718527237024 0.8670179969392237 0.8729133242323893 0.8705999178229784 0.871329517684566 0.873097548964104 0.8732265193680498 0.8713150353389387 0.8701543329935677 0.8718383283169117 
0.705078125 0.25000000000000006 0.25 0.25 0.25 0.25 0.25 0.250000000000002 0.2500000000005349 0.24999999997701525 0.24999998829036899 0.24999939520099285 0.25036727078767407 0.8418142410386132 0.8718089453399661 0.8700182488592635 0.872523623569883 0.8739564305217933 0.8718230934485451 0.8702679952239913 0.8716267852739866 0.8733013772226844 
0.708984375 0.25000000000000006 0.25 0.25 0.25 0.25 0.25 0.24999999999999867 0.25000000000009737 0.25000000002897915 0.25000000078193463 0.24999958396166652 0.24996498048927693 0.6935162637485875 0.871491241050762 0.8709463369470667 0.8735351956760017 0.8734858971816961 0.8705017645633412 0.8705394987260673 0.8732041360014401 0.8737831573972036 
0.712890625 0.25000000000000006 0.25 0.25 0.25 0.25 0.25 0.24999999999999953 0.2499999999999309 0.25000000000042877 0.2500000012747493 0.25000011109348236 0.24999296342267138 0.3725088884748898 0.871065233579557 0.8725125761815914 0.873625871809428 0.8722799455337006 0.8701963427820756 0.8718591315229602 0.8739377857071738 0.8728440284675003 
0.716796875 0.25000000000000006 0.25 0.25 0.25 0.25 0.25 0.25 0.24999999999999167 0.2499999999967133 0.24999999982291918 0.2500000415340551 0.25000765073540426 0.2622417956798937 0.8689877031035542 0.8734329179244124 0.872587964453592 0.8712052613450827 0.8711864452460347 0.8731992247322606 0.8732039808826854 0.8713184553609358 
0.720703125 0.25000000000000006 0.25 0.25 0.25 0.25 0.25 0.25 0.2500000000000069 0.25000000000019257 0.2499999998691838 0.24999998485128666 0.2500009963692412 0.2512026832060794 0.8579927607808288 0.8731669961830443 0.8711184342703386 0.8709552377196458 0.872681410336913 0.8737251996960211 0.8717701230490967 0.8704178698627625 
0.724609375 0.25000000000000006 0.25 0.25 0.25 0.25 0.25 0.25 0.2499999999999997 0.2500000000003518 0.2500000000292592 0.24999999646468712 0.24999920269152726 0.25004905131204835 0.795663409875092 0.8726094548400511 0.8701278040694401 0.8716790862102373 0.8738223973100285 0.8730213339456233 0.8705300056712815 0.8707683820942355 
0.728515625 0.25000000000000006 0.25 0.25 0.25 0.25 0.25 0.25 0.24999999999999897 0.24999999999994926 0.25000000001262945 0.25000000198918954 0.249999973512988 0.24997178921743565 0.5237905635466918 0.8720317007256567 0.8705036773188942 0.8727403806104583 0.8738230159941615 0.871742619936545 0.8703876307506174 0.8719709745250772 
0.732421875 0.25000000000000006 0.25 0.25 0.25 0.25 0.25 0.25 0.25 0.24999999999996167 0.2499999999958108 0.2500000002619603 0.25000009722790806 0.25000554642868134 0.2888861464884192 0.8706098033705935 0.8717416601181356 0.8734209030548757 0.8728276036963425 0.8707729634975688 0.8714731697831921 0.8731319737018516 
0.736328125 0.25000000000000006 0.25 0.25 0.25 0.25 0.25 0.25 0.25 0.25000000000000683 0.24999999999887965 0.24999999975631676 0.24999999678028464 0.2500043184749647 0.25372501546724724 0.8652289249449291 0.8728043891815253 0.8730799865135435 0.871604135387229 0.8708131300955508 0.8729332074982522 0.8734768081985902 
0.740234375 0.25000000000000006 0.25 0.25 0.25 0.25 0.25 0.25 0.25 0.25000000000000255 0.25000000000054695 0.2499999999877302 0.24999998942818427 0.24999935218063848 0.2503502376961868 0.8383038381974088 0.8732282802028254 0.871881705188559 0.870867727586581 0.8718034258891934 0.8739174522510749 0.8727726404116594 
0.744140625 0.25000000000000006 0.25 0.25 0.25 0.25 0.25 0.25 0.25 0.24999999999999836 0.2500000000000829 0.25000000002849615 0.25000000118116783 0.24999962557541658 0.24996430458359156 0.6856004185279788 0.8732053073064138 0.8707152696512838 0.8711489198072038 0.8729850356317747 0.8736698436904243 0.871663728480064 
0.748046875 0.25000000000000006 0.25 0.25 0.25 0.25 0.25 0.25 0.25 0.24999999999999947 0.24999999999993033 0.24999999999937578 0.2500000011178174 0.2500001122831864 0.24999359921119696 0.36749480458723083 0.872480178381425 0.8704257318788152 0.8721243694777245 0.8736077765262564 0.8724756848919136 0.8709515700956106 
0.751953125 0.25000000000000006 0.25 0.25 0.25 0.25 0.25 0.25 0.25 0.25 0.24999999999999406 0.24999999999681702 0.24999999978532042 0.2500000358543474 0.2500075451292399 0.2617092503081682 0.8695820848944639 0.8710923757911949 0.8730871638889119 0.8732266523385872 0.87117612406258 0.8712185049256138 
0.755859375 0.25000000000000006 0.25 0.25 0.25 0.25 0.25 0.25 0.25 0.25 0.2500000000000069 0.2500000000002903 0.24999999988915678 0.2499999851030796 0.25000090149789417 0.25115105250020686 0.856974863535154 0.872099742987557 0.8733211638762884 0.8722230174605353 0.8705460959971921 0.8722325041617565 
0.759765625 0.25000000000000006 0.25 0.25 0.25 0.25 0.25 0.25 0.25 0.25 0.2499999999999992 0.25000000000033556 0.2500000000324942 0.24999999716492605 0.24999922222309928 0.2500429264998207 0.7905307241939914 0.8730350456341112 0.8725525678284365 0.8712719949767447 0.8710579256674673 0.8732672142817972 
0.763671875 0.25000000000000006 0.25 0.25 0.25 0.25 0.25 0.25 0.25 0.25 0.2499999999999987 0.24999999999994113 0.25000000001022743 0.25000000190602795 0.24999998252200833 0.24997254323527227 0.5130028953165968 0.8734396769313643 0.8714312974302104 0.8710082137885367 0.872190969853874 0.8735956010674146 
0.767578125 0.25000000000000006 0.25 0.25 0.25 0.25 0.25 0.25 0.25 0.25 0.24999999999999997 0.24999999999996422 0.2499999999955666 0.25000000017921625 0.25000009342969354 0.2500057682812873 0.2861266649791148 0.8723937887982867 0.8706431793827331 0.8716246936337074 0.8732110590149099 0.872905844719783 
0.771484375 0.25000000000000006 0.25 0.25 0.25 0.25 0.25 0.25 0.25 0.25 0.25 0.2500000000000073 0.24999999999915387 0.24999999977205745 0.24999999592723032 0.25000418679055697 0.25349142667040925 0.8665721088764351 0.8706772676710023 0.8725726982258735 0.8734681231404442 0.8717356330610201 
0.775390625 0.25000000000000006 0.25 0.25 0.25 0.25 0.25 0.25 0.25 0.25 0.25 0.2500000000000023 0.2500000000005608 0.24999999999698114 0.2499999900159661 0.24999933019561113 0.2503255523156801 0.8373641948986996 0.8715566153648215 0.873195997062913 0.8728061068132834 0.870800498733761 
0.779296875 0.25000000000000006 0.25 0.25 0.25 0.25 0.25 0.25 0.25 0.25 0.25 0.24999999999999836 0.25000000000005285 0.25000000002600553 0.2500000012389208 0.24999963969503258 0.2499632422974737 0.6751003709628418 0.8726544137943916 0.8730010837949714 0.8718108037084403 0.8707339847055335 
0.783203125 0.25000000000000006 0.25 0.25 0.25 0.25 0.25 0.25 0.25 0.25 0.25 0.24999999999999947 0.24999999999993003 0.24999999999839218 0.2500000010329386 0.25000011287655 0.24999449732316342 0.35959841458391634 0.8729750332590145 0.8721028269655781 0.8711345725956954 0.8715468019817049 
0.787109375 0.25000000000000006 0.25 0.25 0.25 0.25 0.25 0.25 0.25 0.25 0.25 0.25 0.2499999999999968 0.24999999999717107 0.24999999978462775 0.250000034177112 0.25000748050599586 0.26084619209185306 0.8708436836926636 0.871060337610025 0.8712655254974222 0.872622757397601 
0.791015625 0.25000000000000006 0.25 0.25 0.25 0.25 0.25 0.25 0.25 0.25 0.25 0.25 0.2500000000000066 0.2500000000003887 0.24999999990055888 0.2499999852239061 0.2500007843404881 0.2510651967477991 0.8580860691765527 0.8706299844516453 0.8720218279258729 0.8733169355965312 
0.794921875 0.25000000000000006 0.25 0.25 0.25 0.25 0.25 0.25 0.25 0.25 0.25 0.25 0.2499999999999989 0.25000000000028816 0.2500000000317248 0.2499999973420919 0.24999923229299362 0.2500327348166114 0.7872104051832628 0.8712745808803374 0.8728442183856534 0.8731529226012305 
0.798828125 0.25000000000000006 0.25 0.25 0.25 0.25 0.25 0.25 0.25 0.25 0.25 0.25 0.24999999999999878 0.24999999999993128 0.2500000000087755 0.25000000186737986 0.249999993028323 0.24997396458996168 0.5011038846223183 0.8720354092776119 0.8731796141495877 0.8723548940065774 
0.802734375 0.25000000000000006 0.25 0.25 0.25 0.25 0.25 0.25 0.25 0.25 0.25 0.25 0.25 0.2499999999999697 0.24999999999576514 0.25000000016190743 0.25000009154584457 0.2500061695857565 0.28298602360456765 0.8716034522060835 0.8725739164442823 0.8715172563413742 
0.806640625 0.25000000000000006 0.25 0.25 0.25 0.25 0.25 0.25 0.25 0.25 0.25 0.25 0.25 0.25000000000000794 0.24999999999932926 0.24999999977935355 0.2499999949544475 0.25000394757661154 0.25320967529012606 0.8664897530847107 0.8714734078313426 0.8711734875911261 
0.810546875 0.25000000000000006 0.25 0.25 0.25 0.25 0.25 0.25 0.25 0.25 0.25 0.25 0.25 0.25000000000000133 0.25000000000052375 0.24999999999839742 0.2499999902688773 0.24999928648474326 0.2502936536992293 0.8367665365892755 0.870957518788941 0.8715856970761975 
0.814453125 0.25000000000000006 0.25 0.25 0.25 0.25 0.25 0.25 0.25 0.25 0.25 0.25 0.25 0.24999999999999822 0.2500000000000323 0.2500000000248398 0.2500000013159837 0.2499996651650256 0.2499623032751459 0.6672435574470439 0.8712324235769614 0.8724275719396556 
0.818359375 0.25000000000000006 0.25 0.25 0.25 0.25 0.25 0.25 0.25 0.25 0.25 0.25 0.25 0.24999999999999953 0.2499999999999353 0.24999999999832026 0.25000000100134734 0.25000011544734874 0.24999574295756802 0.35343006495108875 0.8711722509726678 0.8730412733133024 
0.822265625 0.25000000000000006 0.25 0.25 0.25 0.25 0.25 0.25 0.25 0.25 0.25 0.25 0.25 0.25 0.24999999999999883 0.24999999999734002 0.24999999977984338 0.2500000312104988 0.25000733493008237 0.2601359817635435 0.8690704366841615 0.8727412127884714 
0.826171875 0.25000000000000006 0.25 0.25 0.25 0.25 0.25 0.25 0.25 0.25 0.25 0.25 0.25 0.25 0.2500000000000056 0.2500000000003836 0.2499999999041487 0.24999998511505245 0.25000061375007554 0.2509904041248716 0.8564191596891668 0.8719203913014424 
0.830078125 0.25000000000000006 0.25 0.25 0.25 0.25 0.25 0.25 0.25 0.25 0.25 0.25 0.25 0.25 0.24999999999999858 0.2500000000002651 0.25000000003178185 0.2499999976574997 0.2499992536147516 0.250023969508983 0.783480471451626 0.8714794347758508 
0.833984375 0.25000000000000006 0.25 0.25 0.25 0.25 0.25 0.25 0.25 0.25 0.25 0.25 0.25 0.25 0.24999999999999886 0.24999999999993366 0.2500000000084011 0.2500000018593266 0.2500000091553901 0.2499754571634164 0.49340528988784005 0.871230957049738 
0.837890625 0.25000000000000006 0.25 0.25 0.25 0.25 0.25 0.25 0.25 0.25 0.25 0.25 0.25 0.25 0.25 0.24999999999997274 0.24999999999581565 0.2500000001295374 0.2500000878757828 0.2500064962680897 0.2811239625787743 0.8700725541573697 
0.841796875 0.25000000000000006 0.25 0.25 0.25 0.25 0.25 0.25 0.25 0.25 0.25 0.25 0.25 0.25 0.25 0.25000000000000777 0.24999999999936387 0.24999999978207346 0.2499999933632696 0.2500036830443692 0.2530344705324102 0.8643970706237618 
0.845703125 0.25000000000000006 0.25 0.25 0.25 0.25 0.25 0.25 0.25 0.25 0.25 0.25 0.25 0.25 0.25 0.250000000000001 0.25000000000051165 0.25000000000152506 0.24999999076420823 0.249999251723252 0.25027293016707475 0.8336270458527333 
0.849609375 0.25000000000000006 0.25 0.25 0.25 0.25 0.25 0.25 0.25 0.25 0.25 0.25 0.25 0.25 0.25 0.2499999999999983 0.25000000000003003 0.25000000002437817 0.25000000145727697 0.24999969513459186 0.2499619883743518 0.6597138710005115 
0.853515625 0.25000000000000006 0.25 0.25 0.25 0.25 0.25 0.25 0.25 0.25 0.25 0.25 0.25 0.25 0.25 0.24999999999999964 0.24999999999993783 0.24999999999803935 0.2500000009382062 0.25000011674703904 0.24999657785857193 0.3489838823486032 
0.857421875 0.25000000000000006 0.25 0.25 0.25 0.25 0.25 0.25 0.25 0.25 0.25 0.25 0.25 0.25 0.25 0.25 0.24999999999999928 0.24999999999740274 0.2499999997682851 0.25000002755829137 0.25000718514676573 0.2596571339060855 
0.861328125 0.25000000000000006 0.25 0.25 0.25 0.25 0.25 0.25 0.25 0.25 0.25 0.25 0.25 0.25 0.25 0.25 0.2500000000000056 0.2500000000004061 0.2499999999116637 0.2499999851966685 0.2500004951300523 0.2509424766109653 
0.865234375 0.25000000000000006 0.25 0.25 0.25 0.25 0.25 0.25 0.25 0.25 0.25 0.25 0.25 0.25 0.25 0.25 0.24999999999999875 0.2500000000002582 0.2500000000325822 0.24999999806447518 0.24999927596792895 0.25001849348156385 
0.869140625 0.25000000000000006 0.25 0.25 0.25 0.25 0.25 0.25 0.25 0.25 0.25 0.25 0.25 0.25 0.25 0.25 0.24999999999999897 0.24999999999993266 0.2500000000075498 0.2500000018220622 0.25000002042974334 0.2499764327096705 
0.873046875 0.25000000000000006 0.25 0.25 0.25 0.25 0.25 0.25 0.25 0.25 0.25 0.25 0.25 0.25 0.25 0.25 0.25 0.24999999999997377 0.24999999999577888 0.25000000008577206 0.2500000841200161 0.2500066789544732 
0.876953125 0.25000000000000006 0.25 0.25 0.25 0.25 0.25 0.25 0.25 0.25 0.25 0.25 0.25 0.25 0.25 0.25 0.25 0.2500000000000079 0.24999999999945596 0.24999999978909454 0.24999999226636202 0.2500035135321975 
0.880859375 0.25000000000000006 0.25 0.25 0.25 0.25 0.25 0.25 0.25 0.25 0.25 0.25 0.25 0.25 0.25 0.25 0.25 0.2500000000000012 0.25000000000051087 0.2500000000059879 0.2499999912841898 0.24999923501571614 
0.884765625 0.25000000000000006 0.25 0.25 0.25 0.25 0.25 0.25 0.25 0.25 0.25 0.25 0.25 0.25 0.25 0.25 0.25 0.24999999999999836 0.2500000000000208 0.25000000002330863 0.2500000015473601 0.2499997141544471 
0.888671875 0.25000000000000006 0.25 0.25 0.25 0.25 0.25 0.25 0.25 0.25 0.25 0.25 0.25 0.25 0.25 0.25 0.25 0.24999999999999964 0.2499999999999388 0.24999999999760783 0.25000000087004154 0.25000011666717403 
0.892578125 0.25000000000000006 0.25 0.25 0.25 0.25 0.25 0.25 0.25 0.25 0.25 0.25 0.25 0.25 0.25 0.25 0.25 0.25 0.25000000000000033 0.24999999999754843 0.24999999976245912 0.25000002525071197 
0.896484375 0.25000000000000006 0.25 0.25 0.25 0.25 0.25 0.25 0.25 0.25 0.25 0.25 0.25 0.25 0.25 0.25 0.25 0.25 0.2500000000000055 0.2500000000004458 0.2499999999200432 0.24999998538971852 
0.900390625 0.25000000000000006 0.25 0.25 0.25 0.25 0.25 0.25 0.25 0.25 0.25 0.25 0.25 0.25 0.25 0.25 0.25 0.25 0.2499999999999987 0.25000000000024003 0.2500000000326869 0.2499999983197962 
0.904296875 0.25000000000000006 0.25 0.25 0.25 0.25 0.25 0.25 0.25 0.25 0.25 0.25 0.25 0.25 0.25 0.25 0.25 0.25 0.24999999999999897 0.24999999999992978 0.25000000000656813 0.25000000177714643 
0.908203125 0.25000000000000006 0.25 0.25 0.25 0.25 0.25 0.25 0.25 0.25 0.25 0.25 0.25 0.25 0.25 0.25 0.25 0.25 0.25 0.2499999999999761 0.24999999999583203 0.25000000005875633 
0.912109375 0.25000000000000006 0.25 0.25 0.25 0.25 0.25 0.25 0.25 0.25 0.25 0.25 0.25 0.25 0.25 0.25 0.25 0.25 0.25 0.2500000000000083 0.2499999999995661 0.2499999997966285 
0.916015625 0.25000000000000006 0.25 0.25 0.25 0.25 0.25 0.25 0.25 0.25 0.25 0.25 0.25 0.25 0.25 0.25 0.25 0.25 0.25 0.2500000000000009 0.25000000000049794 0.2500000000086373 
0.919921875 0.25000000000000006 0.25 0.25 0.25 0.25 0.25 0.25 0.25 0.25 0.25 0.25 0.25 0.25 0.25 0.25 0.25 0.25 0.25 0.24999999999999836 0.2500000000000091 0.2500000000222014 
0.923828125 0.25000000000000006 0.25 0.25 0.25 0.25 0.25 0.25 0.25 0.25 0.25 0.25 0.25 0.25 0.25 0.25 0.25 0.25 0.25 0.24999999999999967 0.24999999999994088 0.2499999999973732 
0.927734375 0.25000000000000006 0.25 0.25 0.25 0.25 0.25 0.25 0.25 0.25 0.25 0.25 0.25 0.25 0.25 0.25 0.25 0.25 0.25 0.25 0.2500000000000015 0.24999999999769854 
0.931640625 0.25000000000000006 0.25 0.25 0.25 0.25 0.25 0.25 0.25 0.25 0.25 0.25 0.25 0.25 0.25 0.25 0.25 0.25 0.25 0.25 0.2500000000000052 0.2500000000004631 
0.935546875 0.25000000000000006 0.25 0.25 0.25 0.25 0.25 0.25 0.25 0.25 0.25 0.25 0.25 0.25 0.25 0.25 0.25 0.25 0.25 0.25 0.24999999999999864 0.25000000000022077 
0.939453125 0.25000000000000006 0.25 0.25 0.25 0.25 0.25 0.25 0.25 0.25 0.25 0.25 0.25 0.25 0.25 0.25 0.25 0.25 0.25 0.25 0.24999999999999903 0.24999999999992886 
0.943359375 0.25000000000000006 0.25 0.25 0.25 0.25 0.25 0.25 0.25 0.25 0.25 0.25 0.25 0.25 0.25 0.25 0.25 0.25 0.25 0.25 0.25 0.2499999999999784 
0.947265625 0.25000000000000006 0.25 0.25 0.25 0.25 0.25 0.25 0.25 0.25 0.25 0.25 0.25 0.25 0.25 0.25 0.25 0.25 0.25 0.25 0.25 0.25000000000000816 
0.951171875 0.25000000000000006 0.25 0.25 0.25 0.25 0.25 0.25 0.25 0.25 0.25 0.25 0.25 0.25 0.25 0.25 0.25 0.25 0.25 0.25 0.25 0.2500000000000006 
0.955078125 0.25000000000000006 0.25 0.25 0.25 0.25 0.25 0.25 0.25 0.25 0.25 0.25 0.25 0.25 0.25 0.25 0.25 0.25 0.25 0.25 0.25 0.24999999999999842 
0.958984375 0.25000000000000006 0.25 0.25 0.25 0.25 0.25 0.25 0.25 0.25 0.25 0.25 0.25 0.25 0.25 0.25 0.25 0.25 0.25 0.25 0.25 0.24999999999999967 
0.962890625 0.25000000000000006 0.25 0.25 0.25 0.25 0.25 0.25 0.25 0.25 0.25 0.25 0.25 0.25 0.25 0.25 0.25 0.25 0.25 0.25 0.25 0.25 
0.966796875 0.25000000000000006 0.25 0.25 0.25 0.25 0.25 0.25 0.25 0.25 0.25 0.25 0.25 0.25 0.25 0.25 0.25 0.25 0.25 0.25 0.25 0.25 
0.970703125 0.25000000000000006 0.25 0.25 0.25 0.25 0.25 0.25 0.25 0.25 0.25 0.25 0.25 0.25 0.25 0.25 0.25 0.25 0.25 0.25 0.25 0.25 
0.974609375 0.25000000000000006 0.25 0.25 0.25 0.25 0.25 0.25 0.25 0.25 0.25 0.25 0.25 0.25 0.25 0.25 0.25 0.25 0.25 0.25 0.25 0.25 
0.978515625 0.25000000000000006 0.25 0.25 0.25 0.25 0.25 0.25 0.25 0.25 0.25 0.25 0.25 0.25 0.25 0.25 0.25 0.25 0.25 0.25 0.25 0.25 
0.982421875 0.25000000000000006 0.25 0.25 0.25 0.25 0.25 0.25 0.25 0.25 0.25 0.25 0.25 0.25 0.25 0.25 0.25 0.25 0.25 0.25 0.25 0.25 
0.986328125 0.25000000000000006 0.25 0.25 0.25 0.25 0.25 0.25 0.25 0.25 0.25 0.25 0.25 0.25 0.25 0.25 0.25 0.25 0.25 0.25 0.25 0.25 
0.990234375 0.25000000000000006 0.25 0.25 0.25 0.25 0.25 0.25 0.25 0.25 0.25 0.25 0.25 0.25 0.25 0.25 0.25 0.25 0.25 0.25 0.25 0.25 
0.994140625 0.25000000000000006 0.25 0.25 0.25 0.25 0.25 0.25 0.25 0.25 0.25 0.25 0.25 0.25 0.25 0.25 0.25 0.25 0.25 0.25 0.25 0.25 
0.998046875 0.25000000000000006 0.25 0.25 0.25 0.25 0.25 0.25 0.25 0.25 0.25 0.25 0.25 0.25 0.25 0.25 0.25 0.25 0.25 0.25 0.25 0.25 
