0.001953125 0.0 0.0 0.0 0.0 0.0 0.0 0.0 0.0 0.0 0.0 0.0 0.0 0.0 0.0 0.0 0.0 0.0 0.0 0.0 0.0 0.0 
0.005859375 0.0 0.0 0.0 0.0 0.0 0.0 0.0 0.0 0.0 0.0 0.0 0.0 0.0 0.0 0.0 0.0 0.0 0.0 0.0 0.0 0.0 
0.009765625 0.0 0.0 0.0 0.0 0.0 0.0 0.0 0.0 0.0 0.0 0.0 0.0 0.0 0.0 0.0 0.0 0.0 0.0 0.0 0.0 0.0 
0.013671875 0.0 0.0 0.0 0.0 0.0 0.0 0.0 0.0 0.0 0.0 0.0 0.0 0.0 0.0 0.0 0.0 0.0 0.0 0.0 0.0 0.0 
0.017578125 0.0 0.0 0.0 0.0 0.0 0.0 0.0 0.0 0.0 0.0 0.0 0.0 0.0 0.0 0.0 0.0 0.0 0.0 0.0 0.0 0.0 
0.021484375 0.0 0.0 0.0 0.0 0.0 0.0 0.0 0.0 0.0 0.0 0.0 0.0 0.0 0.0 0.0 0.0 0.0 0.0 0.0 0.0 0.0 
0.025390625 0.0 0.0 0.0 0.0 0.0 0.0 0.0 0.0 0.0 0.0 0.0 0.0 0.0 0.0 0.0 0.0 0.0 0.0 0.0 0.0 0.0 
0.029296875 0.0 0.0 0.0 0.0 0.0 0.0 0.0 0.0 0.0 0.0 0.0 0.0 0.0 0.0 0.0 0.0 0.0 0.0 0.0 0.0 0.0 
0.033203125 0.0 0.0 0.0 0.0 0.0 0.0 0.0 0.0 0.0 0.0 0.0 0.0 0.0 0.0 0.0 0.0 0.0 0.0 0.0 0.0 0.0 
0.037109375 0.0 0.0 0.0 0.0 0.0 0.0 0.0 0.0 0.0 0.0 0.0 0.0 0.0 0.0 0.0 0.0 0.0 0.0 0.0 0.0 0.0 
0.041015625 0.0 0.0 0.0 0.0 0.0 0.0 0.0 0.0 0.0 0.0 0.0 0.0 0.0 0.0 0.0 0.0 0.0 0.0 0.0 0.0 0.0 
0.044921875 0.0 0.0 0.0 0.0 0.0 0.0 0.0 0.0 0.0 0.0 0.0 0.0 0.0 0.0 0.0 0.0 0.0 0.0 0.0 0.0 0.0 
0.048828125 0.0 0.0 0.0 0.0 0.0 0.0 0.0 0.0 0.0 0.0 0.0 0.0 0.0 0.0 0.0 0.0 0.0 0.0 0.0 0.0 0.0 
0.052734375 0.0 0.0 0.0 0.0 0.0 0.0 0.0 0.0 0.0 0.0 0.0 0.0 0.0 0.0 0.0 0.0 0.0 0.0 0.0 0.0 0.0 
0.056640625 0.0 0.0 0.0 0.0 0.0 0.0 0.0 0.0 0.0 0.0 0.0 0.0 0.0 0.0 0.0 0.0 0.0 0.0 0.0 0.0 0.0 
0.060546875 0.0 0.0 0.0 0.0 0.0 0.0 0.0 0.0 0.0 0.0 0.0 0.0 0.0 0.0 0.0 0.0 0.0 0.0 0.0 0.0 0.0 
0.064453125 0.0 0.0 0.0 0.0 0.0 0.0 0.0 0.0 0.0 0.0 0.0 0.0 0.0 0.0 0.0 0.0 0.0 0.0 0.0 0.0 0.0 
0.068359375 0.0 0.0 0.0 0.0 0.0 0.0 0.0 0.0 0.0 0.0 0.0 0.0 0.0 0.0 0.0 0.0 0.0 0.0 0.0 0.0 0.0 
0.072265625 0.0 0.0 0.0 0.0 0.0 0.0 0.0 0.0 0.0 0.0 0.0 0.0 0.0 0.0 0.0 0.0 0.0 0.0 0.0 0.0 0.0 
0.076171875 0.0 0.0 0.0 0.0 0.0 0.0 0.0 0.0 0.0 0.0 0.0 0.0 0.0 0.0 0.0 0.0 0.0 0.0 0.0 0.0 0.0 
0.080078125 0.0 0.0 0.0 0.0 0.0 0.0 0.0 0.0 0.0 0.0 0.0 0.0 0.0 0.0 0.0 0.0 0.0 0.0 0.0 0.0 0.0 
0.083984375 0.0 0.0 0.0 0.0 0.0 0.0 0.0 0.0 0.0 0.0 0.0 0.0 0.0 0.0 0.0 0.0 0.0 0.0 0.0 0.0 -5.0211686660380424e-17 
0.087890625 0.0 0.0 0.0 0.0 0.0 0.0 0.0 0.0 0.0 0.0 0.0 0.0 0.0 0.0 0.0 0.0 0.0 0.0 0.0 0.0 -1.3310833916572517e-16 
0.091796875 0.0 0.0 0.0 0.0 0.0 0.0 0.0 0.0 0.0 0.0 0.0 0.0 0.0 0.0 0.0 0.0 0.0 0.0 0.0 0.0 1.503982124025545e-15 
0.095703125 0.0 0.0 0.0 0.0 0.0 0.0 0.0 0.0 0.0 0.0 0.0 0.0 0.0 0.0 0.0 0.0 0.0 0.0 0.0 0.0 -2.3447910280083327e-15 
0.099609375 0.0 0.0 0.0 0.0 0.0 0.0 0.0 0.0 0.0 0.0 0.0 0.0 0.0 0.0 0.0 0.0 0.0 0.0 0.0 -1.676880856393837e-16 -2.2234776982562206e-14 
0.103515625 0.0 0.0 0.0 0.0 0.0 0.0 0.0 0.0 0.0 0.0 0.0 0.0 0.0 0.0 0.0 0.0 0.0 0.0 0.0 6.97279271359245e-16 -1.6086213842451433e-14 
0.107421875 0.0 0.0 0.0 0.0 0.0 0.0 0.0 0.0 0.0 0.0 0.0 0.0 0.0 0.0 0.0 0.0 0.0 0.0 0.0 6.243302171545392e-16 1.0999296288597783e-13 
0.111328125 0.0 0.0 0.0 0.0 0.0 0.0 0.0 0.0 0.0 0.0 0.0 0.0 0.0 0.0 0.0 0.0 0.0 0.0 -8.052817671947803e-17 -1.2848507443171299e-14 2.8503563953563527e-13 
0.115234375 0.0 0.0 0.0 0.0 0.0 0.0 0.0 0.0 0.0 0.0 0.0 0.0 0.0 0.0 0.0 0.0 0.0 0.0 1.070551055211885e-16 -2.3575334277362913e-14 3.786103282739789e-14 
0.119140625 0.0 0.0 0.0 0.0 0.0 0.0 0.0 0.0 0.0 0.0 0.0 0.0 0.0 0.0 0.0 0.0 0.0 0.0 1.5238773206268274e-15 5.134192330539618e-14 -9.767338345530639e-13 
0.123046875 0.0 0.0 0.0 0.0 0.0 0.0 0.0 0.0 0.0 0.0 0.0 0.0 0.0 0.0 0.0 0.0 0.0 0.0 -5.038221691696285e-15 2.2667734356218702e-13 -1.3911526745384101e-12 
0.126953125 0.0 0.0 0.0 0.0 0.0 0.0 0.0 0.0 0.0 0.0 0.0 0.0 0.0 0.0 0.0 0.0 0.0 -7.673861546209075e-17 -1.9634190569680242e-14 1.7915908756549418e-13 1.993645071252106e-12 
0.130859375 0.0 0.0 0.0 0.0 0.0 0.0 0.0 0.0 0.0 0.0 0.0 0.0 0.0 0.0 0.0 0.0 0.0 8.663884424701484e-16 1.450549310296389e-14 -5.739622110922941e-13 8.331919332249523e-12 
0.134765625 0.0 0.0 0.0 0.0 0.0 0.0 0.0 0.0 0.0 0.0 0.0 0.0 0.0 0.0 0.0 0.0 0.0 -1.856885016119743e-16 1.5576565222848626e-13 -1.3923208067960015e-12 4.353703767871276e-12 
0.138671875 0.0 0.0 0.0 0.0 0.0 0.0 0.0 0.0 0.0 0.0 0.0 0.0 0.0 0.0 0.0 0.0 -4.073778351691242e-17 -1.1260681276326057e-14 2.296658863087938e-13 4.893095706393092e-13 -2.5318430137607102e-11 
0.142578125 0.0 0.0 0.0 0.0 0.0 0.0 0.0 0.0 0.0 0.0 0.0 0.0 0.0 0.0 0.0 0.0 1.449507180950604e-16 -3.8468783714051595e-15 -2.3846761602423347e-13 6.30076707845243e-12 -5.333598570208168e-11 
0.146484375 0.0 0.0 0.0 0.0 0.0 0.0 0.0 0.0 0.0 0.0 0.0 0.0 0.0 0.0 0.0 0.0 1.2268704570791053e-15 9.01479779713554e-14 -1.1595910602106108e-12 7.036413289066925e-12 1.5500642310447343e-11 
0.150390625 0.0 0.0 0.0 0.0 0.0 0.0 0.0 0.0 0.0 0.0 0.0 0.0 0.0 0.0 0.0 0.0 -2.6114814014969556e-15 2.150448115874797e-13 -4.870798875344909e-13 -1.436091423556719e-11 2.197085014662054e-10 
0.154296875 0.0 0.0 0.0 0.0 0.0 0.0 0.0 0.0 0.0 0.0 0.0 0.0 0.0 0.0 0.0 1.0421293457814803e-17 -7.634544848163679e-15 -2.2306304951301065e-15 4.127091794240794e-12 -4.758492574789361e-11 2.7608060785648027e-10 
0.158203125 0.0 0.0 0.0 0.0 0.0 0.0 0.0 0.0 0.0 0.0 0.0 0.0 0.0 0.0 0.0 4.249045559845397e-16 4.015703325421782e-14 -8.098017663845289e-13 7.736287462497157e-12 -1.4614023768899535e-11 -3.679526912492297e-10 
0.162109375 0.0 0.0 0.0 0.0 0.0 0.0 0.0 0.0 0.0 0.0 0.0 0.0 0.0 0.0 0.0 6.465938895416902e-16 1.6246938609280416e-13 -9.63475107103779e-13 -5.476491082845329e-12 1.572257048110259e-10 -1.5513158771796039e-9 
0.166015625 0.0 0.0 0.0 0.0 0.0 0.0 0.0 0.0 0.0 0.0 0.0 0.0 0.0 0.0 0.0 -3.768718670471571e-15 1.2507920625163584e-13 2.163764160438103e-12 -3.797985167845275e-11 2.8853866590831443e-10 -1.138272018863512e-9 
0.169921875 0.0 0.0 0.0 0.0 0.0 0.0 0.0 0.0 0.0 0.0 0.0 0.0 0.0 0.0 1.236344360222574e-16 1.0973148315921817e-14 -4.517805981170875e-13 6.9597329381091724e-12 -3.295496545282114e-11 -1.414473819257493e-10 3.576746110430429e-9 
0.173828125 0.0 0.0 0.0 0.0 0.0 0.0 0.0 0.0 0.0 0.0 0.0 0.0 0.0 0.0 8.351245620967035e-16 9.995015185874454e-14 -1.0350788670621105e-12 8.138385965139388e-13 9.797756016875311e-11 -1.2610254150520936e-9 9.643659183685334e-9 
0.177734375 0.0 0.0 0.0 0.0 0.0 0.0 0.0 0.0 0.0 0.0 0.0 0.0 0.0 0.0 -1.1757113801043808e-15 1.6340872358947886e-13 6.584509530209007e-13 -2.670850041871138e-11 2.6838236664161695e-10 -1.4418295255798772e-9 3.593511211382355e-9 
0.181640625 0.0 0.0 0.0 0.0 0.0 0.0 0.0 0.0 0.0 0.0 0.0 0.0 0.0 1.6105635343895605e-17 -1.251502605252116e-15 -1.6112456554158924e-13 5.304625953309972e-12 -4.055544356636647e-11 3.140448304369063e-11 2.2001409220706624e-9 -2.624062656101009e-8 
0.185546875 0.0 0.0 0.0 0.0 0.0 0.0 0.0 0.0 0.0 0.0 0.0 0.0 0.0 4.386417155425683e-16 4.812695427366023e-14 -8.444724623283636e-13 4.422856629086394e-12 4.720663374276542e-11 -9.446690626191408e-10 8.515673320156714e-9 -5.558729309787688e-8 
0.189453125 0.0 0.0 0.0 0.0 0.0 0.0 0.0 0.0 0.0 0.0 0.0 0.0 0.0 5.475916016924491e-16 1.4147474303172186e-13 -2.8845145531401094e-13 -1.574269674620155e-11 2.249226042749796e-10 -1.5511513282717698e-9 6.100866936738668e-9 -8.780024058315334e-9 
0.193359375 0.0 0.0 0.0 0.0 0.0 0.0 0.0 0.0 0.0 0.0 0.0 0.0 0.0 -3.421026425106296e-15 2.5606539111322217e-14 3.3533334923655893e-12 -3.945417338021186e-11 1.469707749871905e-10 1.0139032932935794e-9 -1.8978992915208457e-8 1.6308613641058408e-7 
0.197265625 0.0 0.0 0.0 0.0 0.0 0.0 0.0 0.0 0.0 0.0 0.0 0.0 1.4400332778071358e-16 1.4785446940853335e-14 -5.37762427181102e-13 5.6657820361275814e-12 8.490280360244276e-12 -6.325160877433216e-10 7.099359321216521e-9 -5.169732462254232e-8 3.124321923702185e-7 
0.201171875 0.0 0.0 0.0 0.0 0.0 0.0 0.0 0.0 0.0 0.0 0.0 0.0 6.987003568307651e-16 9.225876359172001e-14 -7.02188647968189e-13 -6.612529546146122e-12 1.6842844748528773e-10 -1.4931879495823795e-9 7.681018642339629e-9 -2.3709139214152593e-8 4.8002747849313754e-8 
0.205078125 0.0 0.0 0.0 0.0 0.0 0.0 0.0 0.0 0.0 0.0 0.0 0.0 -1.374663346117208e-15 1.0636682645781513e-13 1.5896764201291572e-12 -3.238667621493122e-11 2.070168870697365e-10 6.535756729893967e-11 -1.2231006166511349e-8 1.282496118719224e-7 -8.620909478897449e-7 
0.208984375 0.0 0.0 0.0 0.0 0.0 0.0 0.0 0.0 0.0 0.0 0.0 1.6105635343895605e-17 3.7895612573872086e-16 -2.4145236920958294e-13 5.16083294617904e-12 -1.6557503101921533e-11 -3.516085077611329e-10 5.522033870401324e-9 -4.6083485638348496e-8 2.976238123887732e-7 -1.6951730556182054e-6 
0.212890625 0.0 0.0 0.0 0.0 0.0 0.0 0.0 0.0 0.0 0.0 0.0 3.8700894341066773e-16 4.3905856728088084e-14 -7.09817982169624e-13 -2.370398988205257e-13 1.0906651889778616e-10 -1.305065327983356e-9 8.3704931649701e-9 -3.4888510676012004e-8 1.1778031284800664e-7 -5.283003714519403e-7 
0.216796875 0.0 0.0 0.0 0.0 0.0 0.0 0.0 0.0 0.0 0.0 0.0 3.221127068779113e-16 1.0729858483197538e-13 3.2332773495606343e-13 -2.238192990944298e-11 2.1854060605619416e-10 -6.167941279500124e-10 -6.263053932779432e-9 9.443289711299496e-8 -7.093605809548844e-7 4.113807406477104e-6 
0.220703125 0.0 0.0 0.0 0.0 0.0 0.0 0.0 0.0 0.0 0.0 0.0 -2.6015338031963125e-15 -3.3652725051070125e-14 3.679804194689494e-12 -2.84083697010828e-11 -1.2329151672929634e-10 3.91576124390743e-9 -3.9157041744412405e-8 2.7522365178829937e-7 -1.6230509841818722e-6 9.883106957682244e-6 
0.224609375 0.0 0.0 0.0 0.0 0.0 0.0 0.0 0.0 0.0 0.0 1.0989727646422882e-16 1.2944193864920328e-14 -4.947158534681267e-13 3.164782450918813e-12 5.571562648280335e-11 -1.0314956677840799e-9 8.253924947609894e-9 -4.22063745115034e-8 1.744100218459713e-7 -7.94597295103941e-7 8.981357356428983e-6 
0.228515625 0.0 0.0 0.0 0.0 0.0 0.0 0.0 0.0 0.0 0.0 5.41433564649196e-16 7.010783065197752e-14 -3.4747387189781744e-13 -1.2256562816522398e-11 1.9299319783764667e-10 -1.0259160314755395e-9 -1.3024372994626472e-9 6.26842501309474e-8 -5.581462668189377e-7 3.4691355732420025e-6 -6.3623880922459215e-6 
0.232421875 0.0 0.0 0.0 0.0 0.0 0.0 0.0 0.0 0.0 0.0 -9.483377046611483e-16 6.185037667213069e-14 1.979915017121432e-12 -2.9410072481065666e-11 3.9054053502240374e-11 2.408487906772434e-9 -3.139403995504607e-8 2.462524546454384e-7 -1.5243232659850965e-6 9.348982429959552e-6 -2.9704941757246685e-5 
0.236328125 0.0 0.0 0.0 0.0 0.0 0.0 0.0 0.0 0.0 0.0 -1.14634228035962e-16 -2.322380510122457e-13 4.0236500353785145e-12 1.481525752448461e-11 -7.208839699994009e-10 7.46390612770634e-9 -4.569903831755553e-8 2.1694346780378669e-7 -1.0193748672927874e-6 9.381322823522446e-6 -2.476837387696986e-5 
0.240234375 0.0 0.0 0.0 0.0 0.0 0.0 0.0 0.0 0.0 2.657429831742773e-16 3.059170694541534e-14 -5.102554230991998e-13 -4.152559540671073e-12 1.4477079256873061e-10 -1.1794400127958687e-9 2.481319420155591e-9 3.403591638336453e-8 -4.1160185243853744e-7 2.831560963685816e-6 -4.793815527936385e-6 8.467703138386425e-5 
0.244140625 0.0 0.0 0.0 0.0 0.0 0.0 0.0 0.0 0.0 3.628504903948236e-16 7.348338234199511e-14 6.204956548572232e-13 -2.324793181666488e-11 1.3165270047466e-10 1.113416160573406e-9 -2.3319390528323917e-8 2.1200645794389542e-7 -1.4008831182996076e-6 8.7491799573082e-6 -2.8371961544145097e-5 0.0004344422137087187 
0.248046875 0.0 0.0 0.0 0.0 0.0 0.0 0.0 0.0 0.0 -1.7744620587715573e-15 -3.9797972325080564e-14 3.219021493805483e-12 -1.048121210563593e-11 -4.202459123803236e-10 6.176607800038405e-9 -4.55752003981994e-8 2.44729063501362e-7 -1.199094477032737e-6 9.683549993264719e-6 -2.684666622766836e-5 0.0012725659747305255 
0.251953125 0.0 0.0 0.0 0.0 0.0 0.0 0.0 0.0 2.51058433301902e-17 6.22624914588717e-15 -3.7202312341833025e-13 8.177536869879893e-13 8.907616072898839e-11 -1.1186313751447098e-9 4.995933175659187e-9 9.453843254429357e-9 -2.7310223878724163e-7 2.2083398559620604e-6 -3.234862477200827e-6 7.491815491705587e-5 0.00305198022542703 
0.255859375 0.0 0.0 0.0 0.0 0.0 0.0 0.0 0.0 3.7137700322394522e-16 4.3129470365480875e-14 -1.3709874716975332e-13 -1.4108483507394947e-11 1.6084681628096075e-10 1.1724433382672537e-10 -1.5481959718025944e-8 1.7406383256428622e-7 -1.2553477480025772e-6 8.085850636822058e-6 -2.6873124136038012e-5 0.0004121466701042698 0.006586105572814905 
0.259765625 0.0 0.0 0.0 0.0 0.0 0.0 0.0 0.0 -1.8900436771218738e-16 4.209728861799998e-14 1.7753758167297443e-12 -2.0645740998285547e-11 -1.6931688596362948e-10 4.601795495773333e-9 -4.223605962891952e-8 2.5750825046723416e-7 -1.330497906354345e-6 9.878945903068823e-6 -2.864333037598682e-5 0.0012341787255327693 0.012685349712826371 
0.263671875 0.0 0.0 0.0 0.0 0.0 0.0 0.0 0.0 -1.0894988614988196e-15 -1.5657993420366748e-13 2.6705947675509342e-12 3.933617023221817e-11 -9.052106809311524e-10 6.2445960921308945e-9 -1.0227128777273635e-8 -1.4618423187992472e-7 1.6076492871183284e-6 -1.6982446357938589e-6 6.536244962548268e-5 0.0029973079728013883 0.02136177456977045 
0.267578125 0.0 0.0 0.0 0.0 0.0 0.0 0.0 5.87381994895016e-17 1.3934216743412729e-14 -3.3619045325394815e-13 -5.6831680694813345e-12 1.420070257533248e-10 -5.31442238601204e-10 -8.418903901959635e-9 1.342745677315331e-7 -1.0911800370431971e-6 7.362352423842817e-6 -2.520844723745956e-5 0.0003896577714691775 0.006540334724602128 0.03200973864267465 
0.271484375 0.0 0.0 0.0 0.0 0.0 0.0 0.0 3.192705359348714e-16 4.371874714100457e-14 5.350997867026311e-13 -1.9344130919307625e-11 5.392494510184735e-12 2.9659321768349416e-9 -3.6286334616401445e-8 2.55528342703333e-7 -1.4107867422471997e-6 9.958065590003643e-6 -3.014144926128538e-5 0.001194974172958103 0.012771076788045841 0.04390405627210343 
0.275390625 0.0 0.0 0.0 0.0 0.0 0.0 0.0 -7.489120434911453e-16 -1.1876484980651581e-14 2.344409229711646e-12 4.6601556391579435e-12 -6.140469778870284e-10 6.3396181076313846e-9 -2.4383660937606448e-8 -3.444893800358834e-8 1.0386646223172646e-6 -1.986124705008593e-7 5.602883594597005e-5 0.0029416225909938724 0.021763767755761946 0.056453781672338534 
0.279296875 0.0 0.0 0.0 0.0 0.0 0.0 0.0 8.42229989454306e-16 -2.2258130153810871e-13 -2.619126841333795e-13 9.64532588909605e-11 -8.314722710641321e-10 -2.608186916575064e-9 9.47241706806305e-8 -9.128184123194201e-7 6.583572944864593e-6 -2.337879457297875e-5 0.0003669585970939245 0.006492719810442372 0.03288360791124645 0.06926411081362882 
0.283203125 0.0 0.0 0.0 0.0 0.0 0.0 2.794801427323061e-17 1.7996626411331798e-14 -1.0282832363372984e-13 -1.2136310563922354e-11 9.525646286571498e-11 1.4877128293733232e-9 -2.852904198533678e-8 2.396697858462931e-7 -1.4378704382205366e-6 9.91118456041134e-6 -3.1322333912472734e-5 0.0011548118009372759 0.012861234405922272 0.045344396870217775 0.08210043243029262 
0.287109375 0.0 0.0 0.0 0.0 0.0 0.0 2.1600499167107038e-16 3.0056431417809373e-14 1.1660835260348292e-12 -1.1924513880027586e-11 -3.216983571974197e-10 5.506557529599825e-9 -3.269876903146946e-8 5.8590554466300957e-8 5.116176763010612e-7 1.2470285020009975e-6 4.693830151258428e-5 0.0028846885036013905 0.022197670978529118 0.05850088121023445 0.09482898912182704 
0.291015625 0.0 0.0 0.0 0.0 0.0 0.0 -7.167007728033543e-16 -6.065713857121107e-14 1.7162927671658168e-12 4.648938206249416e-11 -8.329175225677916e-10 1.5898997100786395e-9 5.765803130183642e-8 -7.258046280142594e-7 5.756354410480447e-6 -2.1386152469075168e-5 0.0003440311919570162 0.006443116949925948 0.03383699828651255 0.07192249689384415 0.10737176158306211 
0.294921875 0.0 0.0 0.0 0.0 0.0 0.0 2.266157631917546e-15 -2.0151892006955042e-13 -4.524126495653039e-12 1.1110041574132373e-10 3.4690020764098255e-10 -1.9934267509806133e-8 2.1158044915476142e-7 -1.410707248434067e-6 9.728445414561299e-6 -3.216503940847603e-5 0.0011135330824443971 0.012956147309129062 0.04692355383849712 0.08535514238852042 0.11968101734808505 
0.298828125 0.0 0.0 0.0 0.0 0.0 9.473903143468003e-19 1.7456613932154134e-14 2.1660705821583793e-13 -1.3616123813638582e-11 -9.178490074646127e-11 4.072244439138708e-9 -3.526562262218622e-8 1.2973756568328502e-7 3.78092644207152e-8 2.61877133974429e-6 3.811438822072742e-5 0.00282620059449254 0.02266778283076094 0.060749774393616375 0.09865548912547865 0.13172653542386983 
0.302734375 0.0 0.0 0.0 0.0 0.0 1.5347723092418155e-16 1.2100542789994467e-14 1.385544597572636e-12 9.4271517999308e-12 -6.31583106288265e-10 3.997759777500196e-9 2.534939883294866e-8 -5.368884932304735e-7 4.89005244723302e-6 -1.923406268400736e-5 0.0003208557088698736 0.00639134803932199 0.034882024823028907 0.07484422950924786 0.11174092152581672 0.1434889842385223 
0.306640625 0.0 0.0 0.0 0.0 0.0 -4.727477668590531e-16 -8.251248573287742e-14 2.6644878895843677e-14 7.982780421874239e-11 -3.498222203764563e-10 -1.1569742903816412e-8 1.7380019231533567e-7 -1.3297685308889593e-6 9.400131613373694e-6 -3.264573105147686e-5 0.0010709571129729552 0.013056163758541649 0.04866356962595831 0.08893081056523544 0.12456148016952451 0.1549561214917501 
0.310546875 0.0 0.0 0.0 0.0 0.0 1.838884600147139e-15 -1.1774545782827753e-13 -7.747669883428897e-12 3.990973264459755e-11 2.429203536754207e-9 -3.2686662845075386e-8 1.7644251434300377e-7 -3.704699204054841e-7 3.8931015939614775e-6 2.9583972241304044e-5 0.0027657667564365764 0.023179256428250566 0.06323283366097993 0.10285559013380208 0.137085924654811 0.166120444600403 
0.314453125 0.0 0.0 0.0 0.0 0.0 1.0499453158748406e-14 4.439409432658674e-13 -7.423779398626091e-12 -3.50486993738741e-10 4.681075823498297e-9 -1.0890515843198189e-10 -3.540701019190357e-7 3.9972666883315364e-6 -1.6928304224171613e-5 0.0002974092955858422 0.006337183266844232 0.036033491989157236 0.0780713712716948 0.11653099289356458 0.14929457864711682 0.1769776895425003 
0.318359375 0.0 0.0 0.0 0.0 8.905468954859924e-17 -6.072771914963149e-16 1.0907304689074697e-12 3.50956739225694e-11 -5.975894832014693e-10 -4.480611274478486e-9 1.2984235950455056e-7 -1.19766159641396e-6 8.917156065144136e-6 -3.2736867962759655e-5 0.0010268743996108547 0.01316165366506774 0.050591528947451905 0.09287809353765962 0.12990474040327954 0.1611752515622499 0.1875258531736307 
0.322265625 0.0 0.0 0.0 0.0 -2.6242711707406366e-16 -7.049957654695994e-14 -1.8005915573364001e-12 7.502895726929634e-11 9.706032704078408e-10 -2.6140676562628538e-8 1.9726394131538402e-7 -7.001898271269601e-7 5.041995498063525e-6 2.1378490982007317e-5 0.0027028854161745353 0.023738331845941298 0.06598985226749111 0.10748730208992613 0.14294460072194962 0.17272073117641265 0.1977645436594103 
0.326171875 0.0 0.0 0.0 0.0 6.99647747145112e-16 -3.260633244887376e-14 -7.982551153418168e-12 -1.075548567541774e-10 3.98387319648918e-9 -1.7106979738912234e-8 -1.865088502029271e-7 3.0947827789584445e-6 -1.4477972901897375e-5 0.0002736647320413641 0.0062803135634713686 0.03730970280510149 0.08165552523364175 0.12180607483392011 0.1556306399247614 0.18392719088746434 0.2076945400383129 
0.330078125 0.0 0.0 0.0 0.0 5.6374460655206325e-15 4.754999357222307e-13 3.798067875019732e-12 -5.025583741750471e-10 4.887248531796639e-10 8.417180049633548e-8 -1.0199442138841158e-6 8.271909709599367e-6 -3.24061727710495e-5 0.0009810379610368214 0.013273003797967786 0.052741109047922966 0.09725894054276407 0.13577973922358563 0.167950836935198 0.19479315848752946 0.21731748808598794 
0.333984375 0.0 0.0 0.0 0.0 -2.2178407258858668e-15 5.534441053593269e-13 4.959086605064533e-11 -2.4585664467234876e-12 -1.7369709856041026e-8 1.924798488502685e-7 -9.381387907666269e-7 6.0317930440835905e-6 1.3535855844610074e-5 0.002636915807952899 0.024352651207932053 0.06907031695903204 0.112621289600703 0.14937513142565528 0.17989840385138903 0.20531883504859602 0.2266356869178533 
0.337890625 0.0 0.0 0.0 -9.473903143468003e-19 -4.463108401372055e-14 -2.720269283903084e-12 2.4056779087307596e-11 2.504579000136194e-9 -2.4917872554889624e-8 -4.417730289105776e-8 2.2047538563271037e-6 -1.1897200304091882e-5 0.0002495888861088412 0.00622030698515654 0.0387335840878674 0.08566071158593348 0.12764389801740555 0.16257218511523794 0.19147009471973753 0.21550563586705143 0.23565193697710674 
0.341796875 0.0 0.0 0.0 -9.758120237772038e-17 2.7782220968220893e-15 -5.468429264965372e-12 -2.535230152034273e-10 2.91874140051125e-9 4.19777864640499e-8 -8.061420841518913e-7 7.459712038857434e-6 -3.161537115686836e-5 0.0009331504507538248 0.013390607834943207 0.05515474487522602 0.10214992355786381 0.14226965312465986 0.17535920738913333 0.20266511783500074 0.22535587537996185 0.24436942994225125 
0.345703125 0.0 0.0 0.0 9.459692288752798e-16 3.4703949343869056e-13 1.3254088078914117e-11 -3.8102408126405794e-10 -8.511798979782272e-9 1.6483494637119135e-7 -1.0720168675049974e-6 6.821848062524302e-6 6.103432098196094e-6 0.00256703733424505 0.025031693755414645 0.07253657419934581 0.11834450206679929 0.15646456459779445 0.18773001124005684 0.21348442218153918 0.234872547263276 0.2527916673193299 
0.349609375 0.0 0.0 0.0 -1.0468662973532277e-16 1.6926122725635593e-13 4.43852712805892e-11 9.71687994422155e-10 -2.4154288948826258e-8 6.294055691758587e-8 1.3561009880139862e-6 -9.207911536083694e-6 0.0002251411869002344 0.006156539095479878 0.04033428388502648 0.0901673527938809 0.13413960645611298 0.17020861167533824 0.19968211893755658 0.22393021976736424 0.2440591682403543 0.2609223984803013 
0.353515625 0.0 0.0 0.0 -1.6951181199450118e-14 -2.405225056160511e-12 -4.495581957068383e-11 3.0281966128124293e-9 8.587972279390997e-9 -5.709079056307089e-7 6.48126720323318e-6 -3.031873643995671e-5 0.0008828453204306725 0.013514847172107896 0.05788671578099403 0.10764681533956402 0.14947568520196278 0.18349064460241196 0.21121561542625336 0.23400565985186553 0.2529196646803863 0.26876557169111376 
0.357421875 0.0 0.0 0.0 -1.0298132716949642e-15 -2.489493529841028e-12 -3.036577889285275e-10 -1.6892945263672763e-9 1.2031401835912443e-7 -1.0924388688569761e-6 7.363052350114635e-6 -8.572854939817826e-7 0.0024921918031821223 0.02578738922369173 0.07646832967475885 0.12476511674135822 0.16431809299010655 0.1963053128950771 0.22233240192799006 0.24371460248197893 0.26145828771552954 0.27632529348116697 
0.361328125 0.0 0.0 6.394884621840902e-17 1.680263039816054e-13 1.5445413718377188e-11 -4.004466328902694e-12 -1.7138552138362685e-8 1.2641156666954103e-7 5.859704494170623e-7 -6.4442920461654006e-6 0.0002002725831675609 0.006088080525679459 0.04214949288731664 0.09527789914398965 0.14141084587456718 0.17864710689266633 0.20865115694311803 0.23303570005768456 0.2530614574376588 0.2696795470127472 0.28360579340167713 
0.365234375 0.0 0.0 5.229594535194335e-16 8.164278142430674e-14 2.6731350999398225e-11 1.7403211264384776e-9 -1.1666387162752745e-8 -3.3506709960467666e-7 5.34679570245089e-6 -2.8461619594363186e-5 0.000829658961296648 0.01364605475020006 0.0610076493990604 0.11387099378229695 0.1575220885151891 0.1924524145636382 0.22052940092745013 0.24332971532269054 0.2620510658553627 0.2775881562952334 0.29061139206485154 
0.369140625 0.0 0.0 -1.2936614742405558e-15 -1.350681581394989e-12 -8.618444506206895e-11 1.6949257239199709e-9 6.86076723136845e-8 -9.964288608301778e-7 7.5965855500740355e-6 -7.263228651246315e-6 0.0024109976869779014 0.026635003374361033 0.08096918719780564 0.13201937496797575 0.17306381223533465 0.20572982193309633 0.23194317394961536 0.2532194034034609 0.27068860922810256 0.2851889863029904 0.2973464719370465 
0.373046875 0.0 0.0 -4.023092969873686e-15 -1.05003389686923e-12 -2.360040838311758e-10 -7.848642683446394e-9 1.4206573601853712e-7 -5.9283947138528245e-8 -3.6601015812257034e-6 0.00017492601867161086 0.006013512396384328 0.04422890949304667 0.10112493913687683 0.14960469817604927 0.18801695091850687 0.21847922795854632 0.24289699604682558 0.26271030157644953 0.2789795352973519 0.2924870220085843 0.3038154505454336 
0.376953125 0.0 0.0 3.208526777598308e-14 1.0548783298721299e-11 3.802592772217399e-10 -1.723746992657499e-8 -1.2583050663153045e-7 4.082924197887412e-6 -2.5979534387184334e-5 0.0007729891298027011 0.013784446462606405 0.0646112698587976 0.12097857571734728 0.1665628801115876 0.20237243898916538 0.23070335681146506 0.2533964302475491 0.2718084018530865 0.28692949409494245 0.29948732419973284 0.31002275730585355 
0.380859375 0.0 0.0 7.082832098603825e-14 1.242435748357213e-11 1.782137670147675e-9 2.2483990148221758e-8 -7.93197824049229e-7 7.453899268287964e-6 -1.2997649275178448e-5 0.0023216168981788294 0.027594452033166305 0.08617639620480233 0.14028119612765763 0.18285891145353012 0.2161276833949537 0.24240694713461916 0.26344783741891475 0.28052004770547206 0.2945442803336911 0.3061949934158705 0.31597281527401433 
0.384765625 0.0 2.7000623958883804e-17 -3.261215889930706e-13 -7.57787698072813e-11 -8.568637672586523e-10 1.1410640982679364e-7 -5.250392504549934e-7 -9.407636522809295e-7 0.00014904068254662558 0.0059306167220733955 0.046639574171523285 0.10788317335829778 0.15890725453712964 0.1984749002556396 0.22928441918830986 0.2535962187686666 0.273058195670582 0.2888518468051404 0.3018297811800233 0.3126151421209532 0.3216700287041324 
0.388671875 0.0 2.0368891758456205e-17 -6.887612850429521e-13 -1.2962256761284134e-10 -1.1397720170691622e-8 2.5559955684191688e-8 2.743940480663318e-6 -2.279940445239769e-5 0.0007120326270589047 0.013929987934335763 0.06882482299701109 0.12917372496767593 0.17679087583499592 0.2134036102299487 0.24184738151135857 0.26427850808125825 0.28223495336693044 0.29681059056459724 0.30879192902360936 0.318752869755821 0.32711878090450863 
0.392578125 0.0 -5.419072598063697e-16 3.2991574509348223e-12 4.87984730076126e-10 -5.4122254520431235e-9 -5.128530778103858e-7 6.860623513540527e-6 -1.788989940068666e-5 0.0022215381678512424 0.028692313933276193 0.09227581126703333 0.14977594057743215 0.1938977012765739 0.22764468871471147 0.25382346201594475 0.2744620029603345 0.2909859095755993 0.30440318391972954 0.3154366660299808 0.3246132553156105 0.33232343655527213 
0.396484375 0.0 3.961038904283971e-15 6.737790177642931e-12 1.208550848256586e-9 5.980412649269812e-8 -7.548680147555339e-7 1.5766220671816466e-6 0.0001225650672638584 0.005835842407483234 0.049474384817289566 0.11578757651324403 0.16955699258274773 0.2102117727355638 0.24120239936217305 0.26522114880487596 0.28415553329215654 0.29931909478583274 0.3116365819812533 0.32176991331996513 0.33020135247499127 0.3372883628848045 
0.400390625 0.0 8.242295734817158e-15 -3.098184227686337e-11 -2.635471613624911e-9 9.23403768515147e-8 1.4291648300674837e-6 -1.8847392664891532e-5 0.0006456923335124002 0.014082125382390303 0.07382576442153643 0.13872850427290723 0.18844988106319963 0.22572854641313111 0.2540842390575795 0.2760501296848593 0.2933683964063969 0.30724268620601103 0.3185177436979842 0.3277975736717914 0.3355222090488906 0.34201794145832165 
0.404296875 0.0 -6.542677510879003e-14 -6.566701766056813e-11 -9.940896606508425e-9 -2.167445555201654e-7 5.7513813996848715e-6 -2.1680659212665828e-5 0.0021072093055835095 0.029965032040026866 0.09952564316985084 0.16080048103035843 0.20642187035391643 0.24045086044308886 0.2663000415521339 0.2863209845899256 0.3021101886706719 0.314764900637257 0.3250536041118174 0.33352551759834603 0.34058089200829217 0.346516613064041 
0.408203125 0.0 -6.527187679239422e-14 2.686692421131435e-10 1.018990816135103e-8 -7.107986964996365e-7 3.670944983252378e-6 9.549042381241669e-5 0.005723350363047212 0.05286628615807602 0.12516179789869725 0.18186364548747316 0.22346009587272048 0.25438656749933825 0.2778613780836156 0.2960449230382484 0.3103906900937582 0.3218939738362366 0.3312510740048574 0.3389596565675621 0.34538251219537563 0.35078887476915654 
0.412109375 0.0 1.0182271618456676e-12 6.355370771871088e-10 7.20884635976896e-8 3.0535572716985423e-7 -1.40756150872548e-5 0.0005724422072188352 0.01423921413797736 0.07986962203998836 0.15001328030134056 0.20185104018045422 0.23956403793083697 0.26754703738192614 0.2887810718784424 0.30523355339716673 0.318219699113487 0.3286380825224304 0.3371170642598864 0.3441059098331955 0.3499322967168835 0.3548393359184104 
0.416015625 0.0 1.4809179068227592e-13 -2.0973439750567497e-9 4.742404011417801e-10 4.113317158891048e-6 -2.3960633034740856e-5 0.0019733872775634497 0.0314642330610857 0.10829568349401501 0.17375298069954345 0.22073306957586458 0.2547412391886948 0.27994624058476797 0.2990728302517477 0.31389868556646827 0.32560707892875074 0.33500543359735213 0.3426585530694733 0.34897038028055266 0.35423552374957323 0.35867265904004564 
0.419921875 0.0 -1.4199461872976822e-11 -5.917913942236428e-9 -4.229126851948687e-7 4.990323034481504e-6 6.793245636676488e-5 0.005583225540600754 0.0570131794618756 0.13646419251010664 0.19623493136118322 0.23850189003593392 0.2690047619387542 0.29159991015749864 0.30875085775135125 0.3220521722305459 0.3325625257683196 0.34100424475735647 0.3478826098899442 0.3535592059398099 0.35829771587511144 0.36229359467344957 
0.423828125 0.0 7.2072107097180175e-12 1.446057303032452e-8 -3.8408250745097334e-7 -8.542920959997968e-6 0.0004901486920046923 0.014397207383011602 0.0873389472795127 0.16354453962763668 0.2173941174428021 0.25516313060450946 0.28237163681518335 0.30252511107239966 0.3178296271459246 0.3297058926706679 0.3390960444327239 0.3466428986406768 0.3527965858791217 0.3578788211909209 0.36212423246017766 0.3657068677599407 
0.427734375 0.0 1.8111673796283863e-10 5.318698920054503e-8 2.100501140406644e-6 -2.4062542690410264e-5 0.001811944450768142 0.03326618794851419 0.11913512295215525 0.18917781332249323 0.23720688227089545 0.27073160477352876 0.2948614801461385 0.3127393997375053 0.32632362243095914 0.33687162862152087 0.3452173370214251 0.35193005103046504 0.3574078136506182 0.36193566543632083 0.36572087184578683 0.3689170849927592 
0.431640625 0.0 -1.7665724953985785e-10 -7.514728883440593e-8 5.01558643637641e-6 4.033193605336298e-5 0.005397920773236901 0.06222421532200777 0.1503655534151126 0.21321376343234275 0.2556733576008614 0.285228121607859 0.3064959537031809 0.3222609048098306 0.3342473873731983 0.3435616407873754 0.35093712458936943 0.35687451194832887 0.36172433587288805 0.36573616374716666 0.3690926132220828 0.3719287780136074 
0.435546875 0.0 -2.106195919774714e-9 -4.139387998336018e-7 -2.6520578379570395e-6 0.00039591555369887933 0.01454655610361308 0.09683507610768725 0.18006237678954018 0.2355932724825947 0.272809708313102 0.2986778965856612 0.31729699002300144 0.331107378148866 0.3416155559395167 0.34978782718840945 0.3562655148934307 0.36148564832329044 0.3657531877586497 0.3692870732130357 0.37224526324315127 0.37474592432347587 
0.439453125 0.0 2.8341345156945877e-9 2.8394742485791904e-7 -2.0893180055383206e-5 0.0016095929736922355 0.03548883506608743 0.13289697718015206 0.2078331176791595 0.2563029984107962 0.28864131935323856 0.31110856114312224 0.3272879862961368 0.3392973644581799 0.3484433446972277 0.3555641373250854 0.36121432019953664 0.36577250482209134 0.36950314581513555 0.37259350442759775 0.37518270915512675 0.377372561267909 
0.443359375 0.0 2.3376313914506362e-8 3.2209349818581715e-6 1.3970950106193936e-5 0.005134616258291918 0.0690161356767775 0.16788551885073746 0.23352762827096657 0.2753583387508738 0.3032019565586971 0.32254863719348714 0.3364905359713348 0.3468488433105147 0.35474640145556385 0.360902289412063 0.36579398639593214 0.3697444476367425 0.37297952023126935 0.3756629133367317 0.37791047696721164 0.3798115562315954 
0.447265625 0.0 -3.1544408497552486e-8 2.187036854351724e-6 0.0002863756842103554 0.014663540385760761 0.1093592148925447 0.2006598231860855 0.25709965386974337 0.29279077532119013 0.3165264171207626 0.3330281506623106 0.3449300778744916 0.3537827733642881 0.36054177480672767 0.3658194781418926 0.3700164966235161 0.37340978136589115 0.3761914526194582 0.3784966311931297 0.3804305992227887 0.38206670895852063 
0.451171875 0.0 -2.264149576689077e-7 -1.291793765530258e-5 0.0013434344118372328 0.03832945670899844 0.15098691887746774 0.2307887926641408 0.2785574812109948 0.3086461900426896 0.3286551889950583 0.3425751957855031 0.35262764450802236 0.36011778211139794 0.3658465987744966 0.3703231970969805 0.3738914515348674 0.37677624852970315 0.37914089642702964 0.3811054834422463 0.3827482748944791 0.3841392717238248 
0.455078125 0.0 3.577847807321179e-7 -7.538645423050138e-6 0.004726996844871468 0.07831994758561092 0.190642445930998 0.25814142878601637 0.29794161296981786 0.3229704104559035 0.3396233382754833 0.3512247659005895 0.35961681044308996 0.36587928728789215 0.37067790401706185 0.37443752195507085 0.37742718332701675 0.379850832829796 0.381837138300098 0.38348044867056885 0.3848660249569977 0.38603380775208274 
0.458984375 0.0 2.458426269604766e-6 0.0001606429701150356 0.01468464873481583 0.12674148897930787 0.22699686010606954 0.2826907724148495 0.3153145504444213 0.335821961644264 0.34947769451682936 0.35900362629944554 0.36591313596343206 0.3710859715342146 0.375050556494799 0.3781525135847511 0.3806363278927765 0.38263505619092525 0.3842797279500508 0.38564911094122106 0.3867818285963628 0.3877553157500508 
0.462890625 0.0 -9.148690289696547e-7 0.000972784059789545 0.0421459120790153 0.1758501506331215 0.2595521980502834 0.30450442260860433 0.33074153887261754 0.3472415879951756 0.3582538585142021 0.3659674065026586 0.3715668334808932 0.3757560387510482 0.37898270991930355 0.3815108430008446 0.3835079623892861 0.38514793809848596 0.38647323531427946 0.3875740594068491 0.3885225091303209 0.38929379020126853 
0.466796875 0.0 -1.3523710621898024e-5 0.004025395165079127 0.09204054257345533 0.22140472020220436 0.2882415826045709 0.32364780475475396 0.3443032486119471 0.35731675412836 0.36601599354499786 0.37211220477753015 0.37657038743612775 0.3799170001958426 0.38246368606734626 0.38446854313808326 0.38608829429717967 0.3873530114742072 0.38844087278635464 0.389325164305983 0.39003791210184074 0.3907019477251922 
0.470703125 0.0 3.6000871724288193e-5 0.014409421230131308 0.1526887924583215 0.2615304255421787 0.3131405452477655 0.34025105764636393 0.3560739186638438 0.36606146921361693 0.37280717327615653 0.3775570671337957 0.38098242151504663 0.3835487358822817 0.3855591241799065 0.3870956254610048 0.38830503341792333 0.389361564956953 0.3901257057625121 0.3908291281690623 0.39143765892083215 0.3918683834003577 
0.474609375 0.0 0.0004388989928013148 0.047693136595924536 0.21225742306425371 0.2961879638348125 0.3342987394200581 0.35439711110914807 0.36616712509162247 0.3736664924734456 0.37864306773047945 0.3821680119727458 0.3847740506307044 0.3867173055795813 0.38814121207988406 0.3893480571328322 0.39029624919165073 0.3909777977923567 0.3917082785023096 0.3921533966648245 0.3925722438493947 0.3930234678104429 
0.478515625 0.0 0.0026391465819897296 0.11475841737952867 0.26479219975403534 0.324764994213368 0.3520372685188448 0.36628753506614836 0.3746295331144528 0.3799823663553639 0.3836775863352824 0.3862109133753974 0.3879861062170269 0.38935152971673476 0.39052417832044367 0.3912315153860306 0.3919175915728105 0.39253878778783907 0.39283655182963245 0.39332811004165535 0.39359896242332637 0.3938024795512704 
0.482421875 0.0 0.012952278592370756 0.19623163252327405 0.30810047890181697 0.3486486905864416 0.3663604857736519 0.37596327571876076 0.38180053932552793 0.38531726811230393 0.3876203015618101 0.3893366511992687 0.3906481557153546 0.3915597094007564 0.3921752333700655 0.3929525880148019 0.3932682573183436 0.3936456466674116 0.39414654549878386 0.3941268077838312 0.3944678009337134 0.3946256774987576 
0.486328125 0.0 0.05648087489947736 0.2707596982147323 0.3415286176708336 0.3661782421114798 0.3780245958319383 0.38371474172403824 0.38708028280087065 0.38942819651247934 0.3911015955202394 0.39205777741136305 0.3926788890408605 0.3933345665145311 0.3939867631286519 0.39396035017133846 0.3944905914395751 0.3945412857488155 0.3946181483738363 0.3951043466917878 0.39486426851361756 0.395171448998704 
0.490234375 0.0 0.16352769625924807 0.32644371667001765 0.366990253552071 0.3805670765609996 0.3858814300180619 0.38972499851425 0.39153472744717077 0.3924797823451494 0.3931410644369433 0.39382522821208427 0.3943496368813355 0.39444015978786756 0.39462206757858226 0.39530865676104404 0.3948291984268121 0.3954634252968969 0.39522555835706075 0.3950431565161557 0.3956089247944674 0.3950875021175727 
0.494140625 0.0 0.2801402785915803 0.3696593431442003 0.38298909443859985 0.39009490905581534 0.3928092905520625 0.3929531527830972 0.39383458161601903 0.394660192783653 0.39524248721366656 0.3950326696797913 0.39498116155123336 0.39550399175165046 0.39511829448158314 0.39520386114572753 0.3955357833883239 0.3950960475132693 0.3956708383948535 0.3952418282335097 0.39543585449644053 0.3953242385898454 
0.498046875 0.0 0.3764815581504451 0.3887180083957398 0.39670774548814236 0.39367330222214686 0.39510208347741277 0.39545732202270567 0.3955117232123534 0.39501038314283604 0.39524690296625525 0.3955408687936081 0.3953335111342036 0.39526202259791626 0.3956469086274509 0.3950982781876226 0.39565920073247113 0.3950292020229624 0.3955306248909846 0.39555528147288177 0.3950797472166431 0.3957229913457399 
0.501953125 0.0 0.38338422488265184 0.3938543735779955 0.39257610429552875 0.39668465775015826 0.39499692948900206 0.39546910730097995 0.3955380604635456 0.39538613569429265 0.3952462614110834 0.3954785352141706 0.395540487286202 0.39514850448490346 0.39567122406166366 0.39528783753889063 0.39529241244886965 0.39540885591618474 0.3951910835627032 0.39575179733610527 0.395049755128482 0.3957093679407187 
0.505859375 0.0 0.358113008993658 0.3967278145062807 0.39242426993855895 0.3956760668319517 0.3956283879105479 0.3952350630066271 0.3954068620788452 0.3955543290318943 0.3951603354649414 0.39527285519736044 0.3955301698659765 0.3952022029537943 0.3953741851472041 0.3955567445769869 0.3950964800523214 0.39574680090152076 0.3950970122391936 0.3956672530576993 0.39539839933811455 0.39532187487640086 
0.509765625 0.0 0.31744865291458263 0.39331096800325144 0.39828403533201584 0.39423775631755686 0.3962034755519189 0.3954035868882959 0.3952810430576508 0.39565147909260334 0.39525992079927563 0.3952137739641012 0.3955046072943431 0.3954443643144808 0.3951559201154095 0.39573383944752943 0.39524634575057793 0.3956731692796538 0.3952781024781472 0.3953610693514967 0.39578018380101304 0.39503983527342135 
0.513671875 0.0 0.2432539508162634 0.3671472780371015 0.40191161757761434 0.3932992065441323 0.39558309006977005 0.39581625194814984 0.3950959785839834 0.39560917045558586 0.39543639745639897 0.39525108297692646 0.39538577478050557 0.3956212069936625 0.39509687294685647 0.3956458261756403 0.39549799124288465 0.3953237526107347 0.39547494857066784 0.39514915303927206 0.3958662169950101 0.39515463768145737 
0.517578125 0.0 0.0964841825639778 0.31172402861722526 0.3985134786548436 0.3945227844254543 0.39410311200470033 0.3962279718324862 0.39517909594541994 0.39545430369202655 0.39560301821951493 0.3953600918456686 0.39526356093883 0.3956478666601011 0.3952279015520444 0.3954093459198544 0.39569148352898553 0.39517422982588357 0.3955328194429489 0.3952278494586419 0.3956181146115086 0.3954865683245283 
0.521484375 0.0 0.0113991606347451 0.2712819798051287 0.37594345416244246 0.3980696579515579 0.3934150470337097 0.3960231244511355 0.3956673148904503 0.3951891573638574 0.3956683770475147 0.39547040428452174 0.3952043479419464 0.39550861567027595 0.3954191427024486 0.39520962107352586 0.39567959684691767 0.3953172612931495 0.39542584955019777 0.3954261624866685 0.3953109864037189 0.39569882980521487 
0.525390625 0.0 0.0011513803110517198 0.25377411017869045 0.33081173053077706 0.3989543468698914 0.39494036229113233 0.394716152405249 0.3962241274050358 0.39505368314648776 0.39557811889956973 0.39555236862968063 0.39525366330135503 0.3953204562020367 0.3955468999899105 0.39516961799561967 0.3955027424600143 0.3955529501322642 0.3953459667241882 0.3954856167765397 0.3952242583867682 0.3956392771585897 
0.529296875 0.0 9.140691520353871e-5 0.23787348760400043 0.28216799430006956 0.39051149480671565 0.39686380158390283 0.3935472730905858 0.3962380864543747 0.3953253216867665 0.39533925766520883 0.3955874418552338 0.3953893533688513 0.39520065599443116 0.39554003604312243 0.3952547835139542 0.3953230505504463 0.3956455961942482 0.39540739159069416 0.3953290356747072 0.3953456390262174 0.3954389899060704 
0.533203125 0.0 -1.0805773490124195e-5 0.18831922415368108 0.25009766898920044 0.35530287410790684 0.39698796374440604 0.39415637444379725 0.395233598919267 0.3958721159343322 0.3951355782028008 0.39553181110200303 0.3955475991131031 0.39519950196419157 0.3954275503783435 0.3953513631029323 0.39527168595451356 0.395534875296637 0.395536397039157 0.39516426592531306 0.39545351921255445 0.39534064388773843 
0.537109375 0.0 -2.5997774303797072e-6 0.05469047105335239 0.2428181829955774 0.30372612670830085 0.39196374539802403 0.39568547372931895 0.39415406719728896 0.3960945080940257 0.39527372196314337 0.3953487815040459 0.39565821986230537 0.3952938441296542 0.3952994300090017 0.39537222291550383 0.39533572700320574 0.395350181310396 0.3955890429163434 0.39522117698938924 0.3953878100438939 0.3954158338063567 
0.541015625 0.0 2.4066594293156357e-6 0.005032759555916182 0.2425473089309415 0.26220013362687494 0.37067279317517254 0.3962125919932836 0.39433230231429556 0.39542727629901847 0.39573196199974686 0.3951623941933255 0.3956299996529613 0.395430615231922 0.39523504486918304 0.395313482269162 0.39539942158123836 0.3952566155416125 0.39549958673902363 0.3954777811009975 0.395220100126958 0.3955124302794846 
0.544921875 0.0 3.551182009778369e-7 0.00043424139099048855 0.24164647144049003 0.24087342677729157 0.32544141138699756 0.3935447284805426 0.39517242094619565 0.39455989707555567 0.39595978117803643 0.3952494316750723 0.3954050432051348 0.39556968276273774 0.3952609740177808 0.3952446012605387 0.39537112679183706 0.3953150197537598 0.3953403161591086 0.39570444178428205 0.39514152953156056 0.3954623508618782 
0.548828125 0.0 -2.0213021365436856e-7 1.834587301238363e-5 0.22681222101156084 0.2365710350502568 0.27719271834001147 0.380841117511466 0.3954529868345043 0.39451607951573414 0.3954258235877168 0.3956739784166056 0.39512590976080914 0.3956415988179978 0.3953689847123237 0.39523724151424977 0.3952548946781994 0.3954482407724797 0.3952383322942364 0.3956991403430869 0.39525139705931384 0.3952875588893497 
0.552734375 0.0 -1.7174938278389627e-8 -9.596035099857283e-6 0.13078345033234112 0.238995280989975 0.25127492090014075 0.3442180761723423 0.3937812770586005 0.3951284256358056 0.3946303219716181 0.396000123115053 0.39511508441724436 0.3955421502705926 0.39551805834211395 0.3952991643234331 0.39512736165073586 0.395515126589569 0.3952652639573534 0.39548338221060464 0.3954582629556036 0.39516317449260524 
0.556640625 0.0 1.903509480563058e-8 2.3521540522304784e-6 0.021333397823407783 0.2429372755815072 0.24370083081236624 0.2954813190265548 0.38602324021061063 0.39539849291246326 0.394461047208578 0.3956668182762446 0.395504589028512 0.3952898632117966 0.39561502401949994 0.39539966723511777 0.3950711203229146 0.39543753481315597 0.3953852079360787 0.3952513386896305 0.3956009253917697 0.3952201463824685 
0.560546875 0.0 6.738157445932807e-10 1.5123896610228131e-6 0.0019052995273031528 0.24504425709387573 0.2404707481550278 0.2571495088246357 0.3600800747178093 0.39430048531362055 0.3949375851358096 0.39488414747606637 0.3959348642949897 0.3951559787527596 0.39554923831431377 0.3955250909976089 0.3951275301087582 0.3952608543132523 0.3954949578155692 0.3951756076058005 0.39558754947570024 0.3953927784222579 
0.564453125 0.0 -1.5080238839596892e-9 -2.69053439015702e-7 0.00015079397752408151 0.23961190031725865 0.23939852786399896 0.2434025854939449 0.3137629965880639 0.38916394059911025 0.3952829786960868 0.3944509762358639 0.39584338425320126 0.39537184201478764 0.39532380795188277 0.3956266205513342 0.395275522506774 0.3950879692012688 0.3955025824819199 0.3952687149541187 0.39545607678584005 0.3955051216494847 
0.568359375 0.0 3.5709901347047264e-11 -1.344324180232449e-7 -5.70770167040753e-6 0.193786243122564 0.24125785803758784 0.24234593606211377 0.27075133491449493 0.37192658573563614 0.3946780291014057 0.39466128012345214 0.3952151080647224 0.3957479278479256 0.3951723201447013 0.3955922375231315 0.3954745141947232 0.3950073545582623 0.3954034546772621 0.39541350420289106 0.39532795405498194 0.39546307074175613 
0.572265625 0.0 1.0989287263877637e-10 4.169978598511645e-8 -4.1342714300056974e-6 0.06383746694748935 0.24371040502026187 0.24393183783066286 0.24918645401982037 0.3323130168354956 0.39132702718706125 0.39495813614790237 0.3946879533301554 0.3958159210845087 0.3953387932926251 0.3953808172104377 0.3956562307221284 0.39505722129409215 0.3952660602367448 0.39548326684418594 0.3952958240991908 0.3953400895800592 
0.576171875 0.0 -8.956486337770747e-12 1.3436489907074172e-8 2.8110561016024598e-6 0.006412078798421868 0.2446822318441256 0.24584418196097987 0.2425816076318035 0.28499355816686545 0.38011376527530066 0.3946488878922391 0.3946782559802751 0.39538034385565446 0.395715144158013 0.3951689742994672 0.3956982814154739 0.3952354199553989 0.3951563412559141 0.3954369365525967 0.39535122027525277 0.39527445140264944 
0.580078125 0.0 -7.004576119129521e-12 -4.969597728414024e-9 5.006993832981388e-7 0.000607074307948477 0.24189728361259943 0.24608930675379798 0.24143026221626646 0.2530716535473509 0.34851328922958746 0.3924925332224627 0.39485410617816874 0.39487705289811875 0.3958738659637611 0.39522540737632234 0.3955214718465163 0.39547496575737734 0.39511227743936866 0.39532502110737716 0.3954092558789596 0.395332384259478 
0.583984375 0.0 1.05370011975007e-12 -1.195703696351321e-9 -2.853165261197905e-7 3.580128082608964e-5 0.22356040090538537 0.24500376817378494 0.2429241751841877 0.24486385168103025 0.3027382468104388 0.38508685183466873 0.39463110745959734 0.394772937687351 0.3955283117070427 0.3955700413545949 0.3952606834597923 0.3956421879246626 0.3951625533479789 0.3952277328179572 0.3954010521793835 0.3954531413744426 
0.587890625 0.0 3.859095561627631e-13 5.616352076742712e-10 -1.761222803888058e-8 -1.1316351212431047e-5 0.1310231879340125 0.24415255763609234 0.24541961456935285 0.2438814803414246 0.2648207505972854 0.36270927801281627 0.3931208611418233 0.3949045346305916 0.3949891560503748 0.39585389928630443 0.39519219628309055 0.3955972625001846 0.3953009683184239 0.39519438225061904 0.39532208896694726 0.3955195202789459 
0.591796875 0.0 -9.29765893905217e-14 1.0093498357122147e-10 3.5091807451514965e-8 1.2698143755917078e-6 0.022584387113603062 0.24316441696760635 0.2476651910298423 0.24442247639111325 0.24676825356809567 0.3205924968401185 0.3880351980975075 0.39478233861286527 0.3947483682335652 0.39571100564658757 0.3954298319698236 0.3953873686906856 0.3954429043823402 0.39524472282261724 0.3952261711562192 0.3954692840919581 
0.595703125 0.0 -1.7285728404203837e-14 -5.873441963899493e-11 -8.106843695306472e-10 1.991756783173551e-6 0.002059373418211253 0.24103587059800088 0.24857630794061836 0.24509466947889227 0.24225647012263915 0.2761129411311457 0.3728041963227816 0.3937234282788487 0.3948383929216795 0.39523536567214135 0.39572714148574356 0.3952564594027574 0.39545776327194915 0.39536618469548096 0.39517529218280206 0.39533648850809794 
0.599609375 0.0 6.7795250894657006e-15 -7.59963819281969e-12 -3.829765162362738e-9 -1.3420105525098532e-7 0.0001684563827090589 0.23336200965875822 0.24741373370866104 0.2456667902842236 0.24245541132168386 0.2520507411694483 0.33702335184365356 0.39013906281783195 0.39484161997273437 0.3948661791547648 0.3957330967065215 0.3953953481143069 0.3953289849457868 0.3954802176441567 0.39521768895168397 0.3952015339863493 
0.603515625 0.0 4.721556479125869e-16 5.805513048073861e-12 4.197906112205861e-10 -1.8040114740435575e-7 -4.678398081830373e-6 0.1901403476635981 0.24531071443081748 0.24610279725382136 0.24427475424924452 0.24578507902819935 0.2930770193047443 0.37970709781391826 0.3941721029205958 0.394815764197343 0.3953763918638386 0.39567485934216706 0.39522494744383546 0.3954632324469387 0.3953604732460316 0.39512498909014493 
0.607421875 0.0 -4.490630090003831e-16 4.856503939739322e-13 4.097739990290468e-10 3.31763536436232e-8 -4.920888480608102e-6 0.06380030487628938 0.24363035313847728 0.24650079483273032 0.2465766205416625 0.24392287344387595 0.25976414385256624 0.35182130434944325 0.3916859789729196 0.3948142852221319 0.39501138484427845 0.3957599249180756 0.39534385924632304 0.395279896610643 0.39553646408500714 0.39514241871023376 
0.611328125 0.0 -4.559315887794001e-18 -5.417312820554793e-13 -7.544010021121025e-11 1.7910286671115233e-8 2.983345270471044e-6 0.0064707925759968435 0.24193844009357948 0.24686856702124524 0.2480311849688509 0.2435806350642022 0.24577431773193714 0.30891748686327436 0.3844371307480511 0.3943727272838831 0.39490206492256347 0.3954801445525353 0.3956333571390022 0.3950869013034421 0.39560245725169624 0.3952653495819425 
0.615234375 0.0 1.5513516397428853e-17 -2.16013873455268e-14 -4.1724613986104936e-11 -4.7803749905502465e-9 6.603714394508725e-7 0.0006183319822792178 0.238129895702608 0.24692997416878762 0.24768952412179157 0.24425745394296358 0.24336066587852515 0.26970880222012567 0.3640816338569464 0.3926483482480113 0.3948912037420981 0.3950833992324074 0.39581042514207304 0.39511772948081264 0.3954616193908185 0.39545770489068766 
0.619140625 0.0 -4.855375361027353e-18 4.758741548963977e-14 1.0790734291295691e-11 -1.500397281499015e-9 -3.141905296428028e-7 3.7047278203769625e-5 0.2197105678038667 0.24643455402683706 0.24646387443162326 0.245497624948819 0.2440272118170862 0.25140699511042147 0.325675847731435 0.387573403595091 0.39458625674915326 0.39489542861562626 0.3956468071643446 0.39540967311698083 0.3952094853065825 0.39560220045950634 
0.623046875 0.0 0.0 -3.1056638742180544e-16 4.0718812025867615e-12 6.492459772762986e-10 -3.84972245234039e-8 -1.1392577036354661e-5 0.12694100986913492 0.24577810191440394 0.2452352456692805 0.2466015400366585 0.24553164961298865 0.24553919935852106 0.2837679730936978 0.37347355559026296 0.39334727841702427 0.3949041496253265 0.395255161121239 0.39571577059835195 0.3950751254813319 0.395575239569124 
0.626953125 0.0 0.0 -4.104390901223571e-15 -1.3622749743073334e-12 1.0751682767799293e-10 4.0129266668979336e-8 1.2476521391442665e-6 0.02148973105552861 0.2448655418012271 0.2448974553694058 0.24722425635137243 0.24686185311311554 0.24350992959149192 0.25492551186542856 0.3408105853133543 0.3897150996959269 0.39475797112583116 0.39496743061610484 0.3957391323920228 0.39520737968584435 0.3953920599698873 
0.630859375 0.0 0.0 9.947598300641145e-18 -3.779029237686399e-13 -8.079962820299135e-11 1.866495984555651e-9 2.0464734568155526e-6 0.0019830061953239847 0.24258498750209612 0.2455465580628886 0.24724556390767977 0.24706128550629752 0.24364732929735097 0.2458087789501174 0.2986211174407095 0.379851991674195 0.3939192089184719 0.3948962701669029 0.39545004130069983 0.3954712967728651 0.39522994636992864 
0.634765625 0.0 0.0 2.057613338971956e-16 1.5832881672395141e-13 -4.64932146115872e-12 -4.483741803736525e-9 -1.3686164702567266e-7 0.00016326639498357188 0.2333142911768528 0.24649855300813522 0.24662768097368135 0.246343958937019 0.24498734634263794 0.24452036056576354 0.2650798358543753 0.35451691377167316 0.3913182744291629 0.3947973120838551 0.39513255589355484 0.39559176524000217 0.39526000168892284 
0.638671875 0.0 0.0 -3.04941257430376e-17 3.265316905753937e-14 9.552857290392083e-12 1.2681208059935425e-10 -1.8993384095189463e-7 -5.18543797963051e-6 0.1838079754357496 0.24725184360433444 0.24580018009635887 0.24549327891029218 0.24653400299037095 0.24514042314811968 0.24978530668171856 0.3149827921880686 0.38432901581937906 0.39423600441845347 0.3949853794552578 0.3954424309976616 0.39543965889590393 
0.642578125 0.0 0.0 -6.158037043254201e-18 -1.7917223260610622e-14 -2.8854299690313536e-13 4.841401221848209e-10 3.525554596682428e-8 -4.799709019876929e-6 0.057517608851898834 0.24738625382292131 0.24526045140073777 0.2451523936083749 0.24750039487790385 0.2459990030620765 0.24441433928918652 0.27536808735269847 0.36574982347140644 0.392415352602267 0.39489298674507917 0.3951916481797185 0.3955467852729895 
0.646484375 0.0 0.0 0.0 -3.1832906680998964e-15 -1.0779388640950551e-12 -4.78686995227424e-11 1.9673673043740794e-8 3.0006595942891043e-6 0.005782524406208264 0.2462297212986506 0.2453743859382278 0.24555895895971247 0.24747669872440528 0.24648104164360907 0.24328907958105372 0.25247612288819066 0.32977151272409977 0.3874444679494269 0.39449139869176425 0.39505940426738206 0.39541190560720774 
0.650390625 0.0 0.0 0.0 1.5565030745771451e-15 1.1452545578549666e-13 -4.870286331263666e-11 -5.218591931980629e-9 6.490935241779166e-7 0.0005545237618934033 0.2411770976752308 0.24613881019465544 0.24630607000842009 0.2466123561591648 0.246432249008144 0.2441653335892187 0.24663919348987792 0.28965833329829604 0.3742493146161598 0.39317290700759183 0.39501494722465147 0.3951352104012573 
0.654296875 0.0 0.0 0.0 1.9409659065180072e-16 1.15889579414367e-13 8.847954132325713e-12 -1.7821577196504762e-9 -3.1602203923561935e-7 3.149103968265403e-5 0.21812527474141752 0.24706237752189275 0.24690293157242307 0.24554073062072163 0.24612488481523723 0.2458371438359074 0.24542074976071343 0.26087690663781676 0.3445244866169242 0.3895791894987165 0.3947560204448226 0.3949582277007044 
0.658203125 0.0 0.0 0.0 -9.343636975245313e-17 -2.125937944204751e-14 4.543996527199094e-12 7.225018957039233e-10 -3.715778275973732e-8 -1.1247609295404658e-5 0.11651892847512667 0.2476523450017711 0.24696736493332697 0.24483824518540256 0.24596243354542763 0.24735382064118672 0.24534403216271794 0.24790144135562994 0.304575148716403 0.3803096061919831 0.39380432730600456 0.3949350258386275 
0.662109375 0.0 0.0 0.0 -2.7237471537470527e-18 -1.239186531165615e-14 -1.323706833034066e-12 1.4882748337422912e-10 4.0469693887186963e-8 1.549302846636866e-6 0.01776380214769494 0.247408814024283 0.24664393482062025 0.24493475898422945 0.24605507487170586 0.24778193435644305 0.24546576660308905 0.24416124425553878 0.2682929637364894 0.3570072023123667 0.3911785737686643 0.39483708913958776 
0.666015625 0.0 0.0 0.0 3.4342898895071517e-18 2.8968235217992775e-15 -3.801340871708212e-13 -9.106331511077306e-11 1.6206041814588957e-9 1.969061358635216e-6 0.0016629272211062692 0.245166393052845 0.2462891527658233 0.24579795458528061 0.24627954610313743 0.24705341007907192 0.2457125990835325 0.24411791120027398 0.2516002318497851 0.3194340473145108 0.38450305264192436 0.394238139532293 
0.669921875 0.0 0.0 0.0 0.0 1.1192824445060984e-15 1.7717424564504329e-13 -1.0141213913072998e-11 -4.563027013659847e-9 -1.679846837049578e-7 0.00013432623810086968 0.23480218627691457 0.24630610438744885 0.24687868383917774 0.24640322086404404 0.2459532428355407 0.24603068763708405 0.2453030986192058 0.24701228893637275 0.2818794492659509 0.36735341921571996 0.3923870241051763 
0.673828125 0.0 0.0 0.0 0.0 -4.590698191956709e-16 2.552826098659961e-14 1.0811045214609286e-11 1.7564656099958962e-10 -1.829042804658343e-7 -7.738030250675474e-6 0.17824116092635234 0.24664653271356354 0.2476578335248282 0.24628137584911058 0.24512501404694936 0.24632434293068026 0.24678929949213183 0.24542132164306285 0.25679803446305804 0.33425799448651033 0.3875622352726387 
0.677734375 0.0 0.0 0.0 0.0 -1.4862185556315424e-16 -2.2566541228267537e-14 3.745263654764149e-13 5.012886794257078e-10 3.7485433766507924e-8 -3.74250922376802e-6 0.05055091414421288 0.24677674597173113 0.2476762671541911 0.24605701362555418 0.24511060554468111 0.24652441520810783 0.24759955785872273 0.24486423553559053 0.2466302163358711 0.2948269462031075 0.375287715522983 
0.681640625 0.0 0.0 0.0 0.0 2.4040029226550025e-17 -1.2112977287870339e-15 -1.2119121706177783e-12 -5.6592822753979364e-11 1.888963155511902e-8 3.0103766741522244e-6 0.004940792992480093 0.24603618393356588 0.2469611812113301 0.24596164539194768 0.2458264190737235 0.24655342565374455 0.2471384567363196 0.24508988585552346 0.2446407781285856 0.26344688076604356 0.3475893469021186 
0.685546875 0.0 0.0 0.0 0.0 -7.283063041541026e-18 2.4220033386275947e-15 4.260177396038939e-14 -5.194944510122923e-11 -5.381622937920362e-9 5.090457587686006e-7 0.00046218150667792817 0.24181570397909372 0.2461493260362754 0.24619620698793987 0.24674126917295283 0.24635200336854757 0.2461008424797208 0.24585564383464517 0.24505516663742044 0.25105707433111174 0.3096729937989014 
0.689453125 0.0 0.0 0.0 0.0 0.0 -2.6301923602052916e-16 1.2762034392229296e-13 1.0236092270095766e-11 -1.6963414067798045e-9 -3.1589158558507047e-7 2.2722097584044002e-5 0.2180651353752718 0.24594103802840997 0.2466985723465228 0.2473781055748988 0.24606214829514517 0.2451917991849034 0.24660030780137834 0.24614238043986936 0.2467142855139755 0.2745972831639114 
0.693359375 0.0 0.0 0.0 0.0 0.0 -3.698967058577785e-16 -1.4310212274419103e-14 5.093008918303591e-12 7.334046926506696e-10 -2.3836500629078254e-8 -1.0530894562221962e-5 0.1112497773507033 0.24605480473614752 0.24717012540251218 0.2473515618679718 0.2458934506149341 0.24503163177977924 0.24698737236594898 0.24705085884305428 0.2448809703582529 0.25320372544779846 
0.697265625 0.0 0.0 0.0 0.0 0.0 -6.33567272719427e-18 -1.3058532033483058e-14 -1.5217362185164043e-12 1.3823266857097384e-10 3.9633169851190535e-8 2.0409555508290178e-6 0.015766500979278623 0.24584845014801 0.24718213421886745 0.2467851266796293 0.246024429727545 0.24564655710324548 0.24688783562495867 0.24704703942438444 0.24455712424636428 0.24649652611665734 
0.701171875 0.0 0.0 0.0 0.0 0.0 8.585724723767879e-18 2.1242267204494634e-15 -4.641168634596702e-13 -9.199330417430925e-11 3.0041915734339993e-10 1.7444419068416055e-6 0.001469294055261473 0.24417852453981925 0.24664076514809277 0.24609137005074092 0.24648380915188675 0.24652419883686316 0.24634335414700517 0.24636167576537518 0.24532146319958378 0.2454471242498837 
0.705078125 0.0 0.0 0.0 0.0 0.0 -5.802765675374153e-18 9.294491102688583e-16 2.0273134282433593e-13 -8.686719728719566e-12 -4.425807643038125e-9 -2.269987942770627e-7 0.00011488729520523587 0.23440587054442535 0.24615499466267654 0.24569276454230124 0.2470034027009728 0.24718529255739843 0.2457240480912688 0.24562905832799642 0.24639409971412704 0.2458775045249536 
0.708984375 0.0 0.0 0.0 0.0 0.0 0.0 -4.684845104444924e-16 3.713971352681259e-14 1.0953668135490106e-11 2.9553507729929004e-10 -1.5733956918602125e-7 -9.10573545539084e-6 0.17625839364537843 0.24604051667900448 0.24591252776338607 0.247302134476886 0.24726351033563282 0.245389791605068 0.24538097285703298 0.24714653162778089 0.24650807365182975 
0.712890625 0.0 0.0 0.0 0.0 0.0 0.0 -1.301477444333917e-16 -2.578908938251817e-14 1.6262712658014432e-13 4.818124705134132e-10 4.1987470631118116e-8 -2.84814509728507e-6 0.04845503154845133 0.24588514967679936 0.24645189024412112 0.24716602946845243 0.24689503856838657 0.24558583187413818 0.2457367341474874 0.24718843090913048 0.24669707296880955 
0.716796875 0.0 0.0 0.0 0.0 0.0 0.0 2.1138646388862973e-17 -2.917014777873804e-15 -1.2416805953800272e-12 -6.692950389464143e-11 1.570023900831312e-8 2.9210904294636453e-6 0.004673414311729769 0.2450100217170892 0.246793770275665 0.24659720387272796 0.24642679515428703 0.246266793485244 0.2463554296845862 0.2465435120547101 0.24637446798508547 
0.720703125 0.0 0.0 0.0 0.0 0.0 0.0 -8.34887714518118e-18 2.6801079873924507e-15 7.33166416466698e-14 -4.944299500190632e-11 -5.725968265461266e-9 3.771383342427254e-7 0.0004300880440007864 0.24069055030003725 0.2467024671178655 0.24591315264875818 0.24618074158342282 0.24702714784811047 0.24683479325508964 0.24573083282563726 0.24591265841607612 
0.724609375 0.0 0.0 0.0 0.0 0.0 0.0 0.0 -4.873138929421306e-17 1.3336478588144012e-13 1.1059646946402294e-11 -1.3361931454033055e-9 -3.01658171332164e-7 1.9647939757487323e-5 0.21642113479218755 0.24649914341495974 0.24548939119154142 0.24629314756075973 0.24748081395404162 0.2468758871060408 0.2452405281961443 0.2457166577349788 
0.728515625 0.0 0.0 0.0 0.0 0.0 0.0 0.0 -3.7013355343636543e-16 -1.8834297084898302e-14 4.7741941955337105e-12 7.518427914021681e-10 -9.95094294851863e-9 -1.010713676644694e-5 0.10881769439767783 0.2462800365395847 0.2456445242892373 0.24658048027846557 0.24735910338233041 0.24659626861064649 0.2454083677976617 0.2458817239162229 
0.732421875 0.0 0.0 0.0 0.0 0.0 0.0 0.0 -1.6401694817129003e-17 -1.415081385403027e-14 -1.5828698944157304e-12 9.901237820741933e-11 3.6742801035375775e-8 2.183959318081932e-6 0.015126178557745597 0.24568152092709608 0.24615199901266496 0.24678114717176222 0.2467959000833137 0.24628672903634974 0.24614578585631047 0.24623356094594226 
0.736328125 0.0 0.0 0.0 0.0 0.0 0.0 0.0 1.16055313507483e-17 2.7917816206960773e-15 -4.230469604256847e-13 -9.210271620929681e-11 -1.2166486096513427e-9 1.622161257364792e-6 0.001410818308561322 0.24350116610824377 0.24657498868294453 0.24663937765667035 0.24616437904515318 0.24622625892277886 0.24698921528674994 0.24650902389801793 
0.740234375 0.0 0.0 0.0 0.0 0.0 0.0 0.0 -6.513308411134254e-18 1.1597241685497775e-15 2.0705606118553978e-13 -4.636839889826684e-12 -3.995737231103171e-9 -2.4342624709046105e-7 0.00010933215112558645 0.23300579223320583 0.2467357522108834 0.2461850285304336 0.24578910497642967 0.24645657271004073 0.24750518440535085 0.24652639030623094 
0.744140625 0.0 0.0 0.0 0.0 0.0 0.0 0.0 0.0 -5.593747687271383e-16 3.169020601490052e-14 1.0771210471697637e-11 4.464308979971549e-10 -1.4158882653632076e-7 -9.459101669865191e-6 0.1731145837658521 0.24672354575899771 0.2457425577585881 0.24587444109456572 0.2467556903535538 0.2473794397374934 0.2463891849324558 
0.748046875 0.0 0.0 0.0 0.0 0.0 0.0 0.0 0.0 -1.6626700016786347e-16 -2.6045950581495447e-14 -2.3525347595902e-13 4.224975385843284e-10 4.243517985583383e-8 -2.5976284777359647e-6 0.04645433616309357 0.24643016804441623 0.24563210662326893 0.24627033795163286 0.24688246324707644 0.2467730610890974 0.24630172318202578 
0.751953125 0.0 0.0 0.0 0.0 0.0 0.0 0.0 0.0 2.8658557008990694e-17 -2.042573517731706e-15 -1.2024414057047275e-12 -8.114046649391546e-11 1.3553529317711369e-8 2.8781327732177775e-6 0.004468373320526261 0.24524423273114104 0.2458884914519229 0.24666432667372357 0.24668558907078744 0.24609513775544833 0.24643910093535 
0.755859375 0.0 0.0 0.0 0.0 0.0 0.0 0.0 0.0 -8.112029566594479e-18 2.773248297671671e-15 1.1031874673032373e-13 -4.189402608526887e-11 -5.6307763178035414e-9 3.415288695020287e-7 0.0004098249587053361 0.24031028003881638 0.2462833454712572 0.2467597486947922 0.24629178761436307 0.24571482732547767 0.2467386581730831 
0.759765625 0.0 0.0 0.0 0.0 0.0 0.0 0.0 0.0 -5.921189464667502e-20 -1.8527401834944532e-16 1.2720325533640182e-13 1.2282431427479411e-11 -1.071531941221338e-9 -2.942877566888787e-7 1.7788885914876106e-5 0.2144460466341612 0.24666090123852322 0.246454899316449 0.24593894158583102 0.24584492951524808 0.24698061960878248 
0.763671875 0.0 0.0 0.0 0.0 0.0 0.0 0.0 0.0 0.0 -4.1697016210188524e-16 -2.1979573716635025e-14 3.866259845608513e-12 7.204112516016415e-10 -6.547745534509438e-9 -9.911374688963432e-6 0.10453666879754378 0.24683518777488547 0.24601218525135085 0.24585021725629203 0.24627864584058815 0.24695426690986105 
0.767578125 0.0 0.0 0.0 0.0 0.0 0.0 0.0 0.0 0.0 -1.888859439228937e-17 -1.3238891464576832e-14 -1.6751447044308997e-12 6.77381515619877e-11 3.5307672679489124e-8 2.2698082842731866e-6 0.014033839545260069 0.246406637798561 0.24571278089689402 0.2460936728259437 0.2466936072160204 0.24658889602912337 
0.771484375 0.0 0.0 0.0 0.0 0.0 0.0 0.0 0.0 0.0 1.4092430925908652e-17 3.044734834626674e-15 -3.1924264713249326e-13 -8.615317579341304e-11 -1.5391317557937103e-9 1.5725452600116554e-6 0.0013208241608061427 0.24408871747662428 0.24574491615241495 0.24646459776365243 0.24681081161806015 0.2460973859636602 
0.775390625 0.0 0.0 0.0 0.0 0.0 0.0 0.0 0.0 0.0 -7.223851146894353e-18 9.845753841849126e-16 2.124445804459658e-13 -1.140211362364139e-12 -3.7735722625479665e-9 -2.518347033173401e-7 0.00010146227421837625 0.23270396534194804 0.24611567156165998 0.24671146451246737 0.24655796236393498 0.24574333776142 
0.779296875 0.0 0.0 0.0 0.0 0.0 0.0 0.0 0.0 0.0 0.0 -5.767238538586141e-16 2.045806487179413e-14 9.830032077218214e-12 4.682597712246652e-10 -1.362388417038693e-7 -1.0016677901951572e-5 0.16897537197780976 0.24657188240716582 0.24665041542030672 0.24616667574977094 0.2457400755701843 
0.783203125 0.0 0.0 0.0 0.0 0.0 0.0 0.0 0.0 0.0 0.0 -1.51227178927608e-16 -2.6139386951247906e-14 -6.06851931668945e-13 3.9041645472082107e-10 4.265822581679399e-8 -2.2404096153017877e-6 0.04330157698449821 0.24669369090014037 0.24632145231451966 0.24590693234920785 0.24607267675921862 
0.787109375 0.0 0.0 0.0 0.0 0.0 0.0 0.0 0.0 0.0 0.0 2.723747153747049e-17 -9.496403663433778e-16 -1.0684958695605921e-12 -8.140216998242515e-11 1.2919625484997259e-8 2.849310271846937e-6 0.004136555565502282 0.24578818243651918 0.24593746673952016 0.2459718962564714 0.24649831450670767 
0.791015625 0.0 0.0 0.0 0.0 0.0 0.0 0.0 0.0 0.0 0.0 -8.348877145181178e-18 2.6364096091432046e-15 1.4760163461839192e-13 -3.7584436599994814e-11 -5.585097682292426e-9 2.97600445703831e-7 0.00037618845820044776 0.24077483148438245 0.24579110344794122 0.24629212969393896 0.24676965619470237 
0.794921875 0.0 0.0 0.0 0.0 0.0 0.0 0.0 0.0 0.0 0.0 0.0 -2.905527670312336e-16 1.0944057512081901e-13 1.1991440788487266e-11 -1.00457168557e-9 -2.9049765963993217e-7 1.4643363028472408e-5 0.2131439064172351 0.2460582310748999 0.2466410937653965 0.24671370338480877 
0.798828125 0.0 0.0 0.0 0.0 0.0 0.0 0.0 0.0 0.0 0.0 0.0 -3.967196941327222e-16 -2.555757087444965e-14 3.3175886926528637e-12 7.05803981126962e-10 -2.579421175497074e-9 -9.51675349177249e-6 0.09978319817315809 0.2463554613968929 0.24679356905820196 0.24641816114424608 
0.802734375 0.0 0.0 0.0 0.0 0.0 0.0 0.0 0.0 0.0 0.0 0.0 -1.3026616822268871e-18 -1.1170442348884534e-14 -1.5999008340372698e-12 6.119610856577176e-11 3.459630361160035e-8 2.4234318326539486e-6 0.012791746237844744 0.24611749947300243 0.2465685273144406 0.24611530843381488 
0.806640625 0.0 0.0 0.0 0.0 0.0 0.0 0.0 0.0 0.0 0.0 0.0 9.533115038114675e-18 3.2507330161024553e-15 -2.5283070452057193e-13 -8.33954489465327e-11 -1.906895612672575e-9 1.4825684152687183e-6 0.001212128263886188 0.24402111501055576 0.24613463248560633 0.24600677148937536 
0.810546875 0.0 0.0 0.0 0.0 0.0 0.0 0.0 0.0 0.0 0.0 0.0 -6.5725203057809286e-18 7.223259027947894e-16 1.98457428268739e-13 -6.048616422542012e-13 -3.6779745858102796e-9 -2.685345534880309e-7 9.14734228363444e-5 0.23242549011333502 0.24592433627702656 0.24618540658665877 
0.814453125 0.0 0.0 0.0 0.0 0.0 0.0 0.0 0.0 0.0 0.0 0.0 0.0 -6.136720761181394e-16 1.2644700101797489e-14 9.389284905125801e-12 4.973866347531455e-10 -1.265899105349652e-7 -1.0610433589560598e-5 0.16584240836313727 0.24602214850739806 0.24652196126821804 
0.818359375 0.0 0.0 0.0 0.0 0.0 0.0 0.0 0.0 0.0 0.0 0.0 0.0 -1.287266589618715e-16 -2.4025581524256258e-14 -6.342758614626582e-13 3.7847604629585384e-10 4.362805175220547e-8 -1.7439405052842403e-6 0.04083729978535734 0.24595803845643563 0.2467525350269694 
0.822265625 0.0 0.0 0.0 0.0 0.0 0.0 0.0 0.0 0.0 0.0 0.0 0.0 2.901382837687074e-17 -1.913728434980595e-16 -1.0047645678431159e-12 -8.321042042069836e-11 1.1798364683990321e-8 2.7886995089067064e-6 0.0038640308159328105 0.2450249856975302 0.24661519909670995 
0.826171875 0.0 0.0 0.0 0.0 0.0 0.0 0.0 0.0 0.0 0.0 0.0 0.0 -1.0006810195288079e-17 2.3306985970824217e-15 1.4554485024594487e-13 -3.6227662469912053e-11 -5.626218692948248e-9 2.3351497746973655e-7 0.00034702396848846153 0.24005366274659312 0.2462688121571432 
0.830078125 0.0 0.0 0.0 0.0 0.0 0.0 0.0 0.0 0.0 0.0 0.0 0.0 0.0 -4.188649427305784e-16 1.0070865622916851e-13 1.201312708568972e-11 -8.853632468941453e-10 -2.824482632167502e-7 1.1879382942999216e-5 0.21165516308483076 0.24607695363821777 
0.833984375 0.0 0.0 0.0 0.0 0.0 0.0 0.0 0.0 0.0 0.0 0.0 0.0 0.0 -3.588832934534971e-16 -2.468632705661849e-14 3.1760306384853734e-12 7.027605747704035e-10 3.5113281259786853e-9 -9.070113672185744e-6 0.0967158364932318 0.24596112413287813 
0.837890625 0.0 0.0 0.0 0.0 0.0 0.0 0.0 0.0 0.0 0.0 0.0 0.0 0.0 8.171241461241135e-18 -1.0041982060708205e-14 -1.5809031121231474e-12 4.896120587479438e-11 3.321006890063908e-8 2.546915764397951e-6 0.012056565179991482 0.24544315770872302 
0.841796875 0.0 0.0 0.0 0.0 0.0 0.0 0.0 0.0 0.0 0.0 0.0 0.0 0.0 5.269858623554081e-18 3.1052493909555786e-15 -2.3994045269167464e-13 -8.236762939854237e-11 -2.5084100378454797e-9 1.3831661571115814e-6 0.0011444463153095228 0.24315841438897393 
0.845703125 0.0 0.0 0.0 0.0 0.0 0.0 0.0 0.0 0.0 0.0 0.0 0.0 0.0 -5.861977570020828e-18 6.015336377155723e-16 1.9386252603226235e-13 5.77204950502609e-13 -3.4907509437687166e-9 -2.8184326076286684e-7 8.509174922097304e-5 0.23119738092963132 
0.849609375 0.0 0.0 0.0 0.0 0.0 0.0 0.0 0.0 0.0 0.0 0.0 0.0 0.0 0.0 -5.766646419639676e-16 1.1744797726957308e-14 9.214767674829242e-12 5.507907330818769e-10 -1.152437254724248e-7 -1.0906886111580911e-5 0.16287332098298252 
0.853515625 0.0 0.0 0.0 0.0 0.0 0.0 0.0 0.0 0.0 0.0 0.0 0.0 0.0 0.0 -1.0983806456958215e-16 -2.3206740233187384e-14 -7.404640456343244e-13 3.546105075358241e-10 4.411801415790484e-8 -1.4102095615810982e-6 0.039063156668018253 
0.857421875 0.0 0.0 0.0 0.0 0.0 0.0 0.0 0.0 0.0 0.0 0.0 0.0 0.0 0.0 2.7533531010703873e-17 -9.462060764539065e-17 -9.80997919934149e-13 -8.75791919578242e-11 1.0417914275251411e-8 2.7285525817470448e-6 0.0036804192629612056 
0.861328125 0.0 0.0 0.0 0.0 0.0 0.0 0.0 0.0 0.0 0.0 0.0 0.0 0.0 0.0 -9.473903143468004e-18 2.2669865984426e-15 1.5406520503802286e-13 -3.338715544032312e-11 -5.59534584194665e-9 1.8889374696691217e-7 0.00032833900381952524 
0.865234375 0.0 0.0 0.0 0.0 0.0 0.0 0.0 0.0 0.0 0.0 0.0 0.0 0.0 0.0 0.0 -3.7279808869546507e-16 9.793901985707028e-14 1.2315669017937119e-11 -7.315448727969931e-10 -2.739993448438818e-7 1.0132990957869203e-5 
0.869140625 0.0 0.0 0.0 0.0 0.0 0.0 0.0 0.0 0.0 0.0 0.0 0.0 0.0 0.0 0.0 -3.3034316023379967e-16 -2.5164522317785036e-14 2.85408408018384e-12 6.886763390667737e-10 7.768983858250945e-9 -8.77183893257444e-6 
0.873046875 0.0 0.0 0.0 0.0 0.0 0.0 0.0 0.0 0.0 0.0 0.0 0.0 0.0 0.0 0.0 6.098825148607505e-18 -9.656749474136935e-15 -1.5949101594969751e-12 3.2419351410813735e-11 3.17911323655551e-8 2.6152944571258245e-6 
0.876953125 0.0 0.0 0.0 0.0 0.0 0.0 0.0 0.0 0.0 0.0 0.0 0.0 0.0 0.0 0.0 4.3224683092072785e-18 3.1541584159337288e-15 -2.050780878448679e-13 -7.971394140326992e-11 -2.9230641366950717e-9 1.3195402033415962e-6 
0.880859375 0.0 0.0 0.0 0.0 0.0 0.0 0.0 0.0 0.0 0.0 0.0 0.0 0.0 0.0 0.0 -4.381680203853952e-18 5.860201213181433e-16 1.9339380467423923e-13 2.2640008978669174e-12 -3.2942138503836802e-9 -2.882688835451693e-7 
0.884765625 0.0 0.0 0.0 0.0 0.0 0.0 0.0 0.0 0.0 0.0 0.0 0.0 0.0 0.0 0.0 0.0 -5.488350514800302e-16 8.192380107630046e-15 8.810585624037985e-12 5.848391721722608e-10 -1.0804335542579462e-7 
0.888671875 0.0 0.0 0.0 0.0 0.0 0.0 0.0 0.0 0.0 0.0 0.0 0.0 0.0 0.0 0.0 0.0 -1.0178524689763437e-16 -2.2847205608892775e-14 -9.035781308360417e-13 3.2884675569277997e-10 4.4087116138887423e-8 
0.892578125 0.0 0.0 0.0 0.0 0.0 0.0 0.0 0.0 0.0 0.0 0.0 0.0 0.0 0.0 0.0 0.0 2.4868995751603495e-17 3.784824305815448e-16 -9.260358406019503e-13 -8.978118444247226e-11 9.545692148371644e-9 
0.896484375 0.0 0.0 0.0 0.0 0.0 0.0 0.0 0.0 0.0 0.0 0.0 0.0 0.0 0.0 0.0 0.0 -8.881784197001254e-18 2.2456111044751503e-15 1.689700231584839e-13 -3.022001919816831e-11 -5.522363296902214e-9 
0.900390625 0.0 0.0 0.0 0.0 0.0 0.0 0.0 0.0 0.0 0.0 0.0 0.0 0.0 0.0 0.0 0.0 0.0 -4.1110818453186427e-16 9.115108667856477e-14 1.2355281124124902e-11 -6.350451176473371e-10 
0.904296875 0.0 0.0 0.0 0.0 0.0 0.0 0.0 0.0 0.0 0.0 0.0 0.0 0.0 0.0 0.0 0.0 0.0 -3.3336296686078026e-16 -2.62780612085104e-14 2.483235424695827e-12 6.716999904436232e-10 
0.908203125 0.0 0.0 0.0 0.0 0.0 0.0 0.0 0.0 0.0 0.0 0.0 0.0 0.0 0.0 0.0 0.0 0.0 9.592326932761313e-18 -8.802795529542593e-15 -1.574774977086689e-12 2.2208409333757286e-11 
0.912109375 0.0 0.0 0.0 0.0 0.0 0.0 0.0 0.0 0.0 0.0 0.0 0.0 0.0 0.0 0.0 0.0 0.0 3.611925573447179e-18 3.2365813732818996e-15 -1.634122763031583e-13 -7.686638780294665e-11 
0.916015625 0.0 0.0 0.0 0.0 0.0 0.0 0.0 0.0 0.0 0.0 0.0 0.0 0.0 0.0 0.0 0.0 0.0 -4.500103993147302e-18 5.16860628370827e-16 1.8857638413768045e-13 3.2653809138120325e-12 
0.919921875 0.0 0.0 0.0 0.0 0.0 0.0 0.0 0.0 0.0 0.0 0.0 0.0 0.0 0.0 0.0 0.0 0.0 0.0 -5.539272744196444e-16 3.737632425782119e-15 8.392160092777582e-12 
0.923828125 0.0 0.0 0.0 0.0 0.0 0.0 0.0 0.0 0.0 0.0 0.0 0.0 0.0 0.0 0.0 0.0 0.0 0.0 -9.627854069549361e-17 -2.2069516584603353e-14 -9.92215080467908e-13 
0.927734375 0.0 0.0 0.0 0.0 0.0 0.0 0.0 0.0 0.0 0.0 0.0 0.0 0.0 0.0 0.0 0.0 0.0 0.0 2.694141206423712e-17 8.099002949772182e-16 -8.694271376915216e-13 
0.931640625 0.0 0.0 0.0 0.0 0.0 0.0 0.0 0.0 0.0 0.0 0.0 0.0 0.0 0.0 0.0 0.0 0.0 0.0 -9.473903143468004e-18 2.1355361923269814e-15 1.7546266661838648e-13 
0.935546875 0.0 0.0 0.0 0.0 0.0 0.0 0.0 0.0 0.0 0.0 0.0 0.0 0.0 0.0 0.0 0.0 0.0 0.0 0.0 -4.3716141817640073e-16 8.382734506540148e-14 
0.939453125 0.0 0.0 0.0 0.0 0.0 0.0 0.0 0.0 0.0 0.0 0.0 0.0 0.0 0.0 0.0 0.0 0.0 0.0 0.0 -3.144743724684909e-16 -2.656577180459861e-14 
0.943359375 0.0 0.0 0.0 0.0 0.0 0.0 0.0 0.0 0.0 0.0 0.0 0.0 0.0 0.0 0.0 0.0 0.0 0.0 0.0 9.35547935417462e-18 -7.885840129044183e-15 
0.947265625 0.0 0.0 0.0 0.0 0.0 0.0 0.0 0.0 0.0 0.0 0.0 0.0 0.0 0.0 0.0 0.0 0.0 0.0 0.0 3.3750779948604778e-18 3.2231402731971066e-15 
0.951171875 0.0 0.0 0.0 0.0 0.0 0.0 0.0 0.0 0.0 0.0 0.0 0.0 0.0 0.0 0.0 0.0 0.0 0.0 0.0 -4.381680203853952e-18 4.000947721275837e-16 
0.955078125 0.0 0.0 0.0 0.0 0.0 0.0 0.0 0.0 0.0 0.0 0.0 0.0 0.0 0.0 0.0 0.0 0.0 0.0 0.0 0.0 -5.374663677078689e-16 
0.958984375 0.0 0.0 0.0 0.0 0.0 0.0 0.0 0.0 0.0 0.0 0.0 0.0 0.0 0.0 0.0 0.0 0.0 0.0 0.0 0.0 -8.248216924281832e-17 
0.962890625 0.0 0.0 0.0 0.0 0.0 0.0 0.0 0.0 0.0 0.0 0.0 0.0 0.0 0.0 0.0 0.0 0.0 0.0 0.0 0.0 2.2737367544323195e-17 
0.966796875 0.0 0.0 0.0 0.0 0.0 0.0 0.0 0.0 0.0 0.0 0.0 0.0 0.0 0.0 0.0 0.0 0.0 0.0 0.0 0.0 -8.763360407707905e-18 
0.970703125 0.0 0.0 0.0 0.0 0.0 0.0 0.0 0.0 0.0 0.0 0.0 0.0 0.0 0.0 0.0 0.0 0.0 0.0 0.0 0.0 0.0 
0.974609375 0.0 0.0 0.0 0.0 0.0 0.0 0.0 0.0 0.0 0.0 0.0 0.0 0.0 0.0 0.0 0.0 0.0 0.0 0.0 0.0 0.0 
0.978515625 0.0 0.0 0.0 0.0 0.0 0.0 0.0 0.0 0.0 0.0 0.0 0.0 0.0 0.0 0.0 0.0 0.0 0.0 0.0 0.0 0.0 
0.982421875 0.0 0.0 0.0 0.0 0.0 0.0 0.0 0.0 0.0 0.0 0.0 0.0 0.0 0.0 0.0 0.0 0.0 0.0 0.0 0.0 0.0 
0.986328125 0.0 0.0 0.0 0.0 0.0 0.0 0.0 0.0 0.0 0.0 0.0 0.0 0.0 0.0 0.0 0.0 0.0 0.0 0.0 0.0 0.0 
0.990234375 0.0 0.0 0.0 0.0 0.0 0.0 0.0 0.0 0.0 0.0 0.0 0.0 0.0 0.0 0.0 0.0 0.0 0.0 0.0 0.0 0.0 
0.994140625 0.0 0.0 0.0 0.0 0.0 0.0 0.0 0.0 0.0 0.0 0.0 0.0 0.0 0.0 0.0 0.0 0.0 0.0 0.0 0.0 0.0 
0.998046875 0.0 0.0 0.0 0.0 0.0 0.0 0.0 0.0 0.0 0.0 0.0 0.0 0.0 0.0 0.0 0.0 0.0 0.0 0.0 0.0 0.0 
