1 128.4131993225506 3.1494621929743305 
2 3.160962901767803e-6 7.752577776297078e-8 
3 5.822230818713942e-7 1.4279603606986378e-8 
4 1.7358998431416683e-7 4.257468045035048e-9 
5 8.169789318423578e-8 2.0037225704742692e-9 
6 5.647039333458785e-8 1.3849928961192202e-9 
7 2.5139976287995647e-8 6.165830714367157e-10 
8 1.914566392553625e-8 4.695665633359849e-10 
9 1.0604174862419317e-8 2.600779981580405e-10 
10 7.433801032902501e-9 1.8232140797623203e-10 
11 5.191930324758812e-9 1.2733728582925572e-10 
12 3.4294784786368037e-9 8.411139094008208e-11 
13 2.7369424754131443e-9 6.712625256697841e-11 
14 1.7894894185104056e-9 4.388901840354987e-11 
15 1.516346712920399e-9 3.718992026503495e-11 
16 1.01899517903447e-9 2.499187628781857e-11 
17 8.77215430606789e-10 2.1514586104581323e-11 
18 6.163467138440697e-10 1.511651982239009e-11 
19 5.28431268051145e-10 1.2960305553420647e-11 
20 3.9081301387213635e-10 9.585080180277826e-12 
21 3.320111261210502e-10 8.142905050894189e-12 
22 2.571611771380139e-10 6.307135163438918e-12 
23 2.1519610943264264e-10 5.277899891201097e-12 
24 1.7432395381634336e-10 4.27546938142489e-12 
25 1.4429142863503764e-10 3.538891653301411e-12 
26 1.2112521857358983e-10 2.9707171733574415e-12 
27 9.95845712615416e-11 2.442411246245661e-12 
28 8.617778360979663e-11 2.113596365367672e-12 
29 7.091720918168855e-11 1.7393155090541967e-12 
30 6.266452382758757e-11 1.5369101437928886e-12 
31 5.194588222874143e-11 1.2740247343980646e-12 
32 4.641196668089712e-11 1.1382999188106082e-12 
33 3.890224263631267e-11 9.541164230106126e-13 
