1 13.852418277967843 0.9905166785043704 
2 1.2752921359422515 0.09118971902728126 
3 0.1196891150229547 0.00855836593197766 
4 0.011346900882781561 0.0008113597458724666 
5 0.0010808042323171099 7.728286836464633e-5 
6 0.00010310714321501896 7.372672624956098e-6 
7 9.837798355579634e-6 7.034514230965035e-7 
8 9.389767850011857e-7 6.714150176589447e-8 
9 8.976409306748403e-8 6.418578296583535e-9 
10 8.606982826686503e-9 6.154420022815212e-10 
11 8.285544141750341e-10 5.924575404960886e-11 
12 8.299973172844515e-11 5.934892878536001e-12 
13 2.173447291240578e-11 1.5541227160661224e-12 
14 2.021540553739366e-11 1.445501857200309e-12 
15 2.0256087075126782e-11 1.4484107891155366e-12 
16 2.0249759924923238e-11 1.4479583664642527e-12 
17 2.0273184821495133e-11 1.449633362864239e-12 
18 2.028828840752631e-11 1.4507133442486375e-12 
19 2.0261203338687566e-11 1.448776627360303e-12 
20 2.0226893482439435e-11 1.4463233023040627e-12 
21 2.019399067286309e-11 1.44397058807027e-12 
22 2.0236408267005876e-11 1.4470036566376035e-12 
23 2.0192902984786196e-11 1.4438928129728426e-12 
24 2.0209155194249567e-11 1.4450549266350917e-12 
25 2.0197575120734695e-11 1.4442268938884175e-12 
26 2.0265153176703277e-11 1.4490590603877676e-12 
27 2.0219710750255022e-11 1.4458097012935294e-12 
28 2.0238866569285812e-11 1.447179437455091e-12 
29 2.0217489867040463e-11 1.4456508971179056e-12 
30 2.0254954410924408e-11 1.4483297980018493e-12 
31 2.0228180267909758e-11 1.4464153138535578e-12 
32 2.0257419941289954e-11 1.4485060956633425e-12 
33 2.0230380325139225e-11 1.4465726288678552e-12 
34 2.019944167513614e-11 1.444360361794805e-12 
35 2.017293457091103e-11 1.442464972245705e-12 
36 2.02041052728494e-11 1.4446938321841714e-12 
37 2.01723668292615e-11 1.442424375899157e-12 
38 2.0149920355012334e-11 1.440819341552715e-12 
39 2.019942255661659e-11 1.4443589947257415e-12 
40 2.0228822568022322e-11 1.4464612415003652e-12 
41 2.0199013621111163e-11 1.444329753806905e-12 
42 2.0243455987386718e-11 1.4475076036339024e-12 
43 2.024306341785344e-11 1.4474795329633248e-12 
44 2.02226532198328e-11 1.4460201024765068e-12 
45 2.0235255878518027e-11 1.4469212551395815e-12 
46 2.0173825593366165e-11 1.4425286847748116e-12 
47 2.0204653888106096e-11 1.444733060898677e-12 
48 2.0193069041559546e-11 1.4439046868565415e-12 
49 2.0175944098643524e-11 1.4426801684196609e-12 
50 2.0233371699643012e-11 1.4467865269958353e-12 
51 2.0205117450604037e-11 1.4447662079186793e-12 
52 2.0223288589804757e-11 1.4460655345838555e-12 
53 2.0206980389453443e-11 1.4448994172951465e-12 
54 2.0186841669777582e-11 1.44345939885776e-12 
55 2.0240982742242338e-11 1.4473307543274217e-12 
56 2.0256239912186613e-11 1.4484217177240886e-12 
57 2.0215766952007322e-11 1.4455277001394626e-12 
58 2.02221546066941e-11 1.4459844491616781e-12 
59 2.0227300130821764e-11 1.446352379682243e-12 
60 2.02165230727008e-11 1.4455817665228784e-12 
61 2.0261235705350345e-11 1.4487789417373791e-12 
62 2.026044111995665e-11 1.448722124936936e-12 
63 2.025260598344435e-11 1.4481618737780368e-12 
64 2.0220182832057383e-11 1.4458434574860926e-12 
65 2.019289312616698e-11 1.4438921080326247e-12 
66 2.023070757684881e-11 1.4465960289897623e-12 
67 2.021008475066558e-11 1.4451213945337066e-12 
68 2.0229560639881304e-11 1.4465140173025094e-12 
69 2.0250291601729827e-11 1.4479963839954832e-12 
70 2.0228055627378217e-11 1.446406401436763e-12 
71 2.023182344554796e-11 1.4466758191415863e-12 
72 2.023705155353306e-11 1.4470496548179534e-12 
73 2.0238620188113196e-11 1.4471618199780667e-12 
74 2.0218449197153076e-11 1.4457194939836417e-12 
75 2.026576671019919e-11 1.4491029310786698e-12 
76 2.025501607875945e-11 1.4483342075582105e-12 
77 2.0243150987977853e-11 1.4474857946619704e-12 
78 2.0201448753490993e-11 1.4445038778615059e-12 
79 2.0166549005429835e-11 1.4420083726120607e-12 
80 2.0209684568782966e-11 1.4450927795423592e-12 
81 2.021101278352513e-11 1.4451877534904707e-12 
82 2.0228206095018857e-11 1.4464171606200796e-12 
83 2.021509095036469e-11 1.445479362665941e-12 
84 2.0224047614920826e-11 1.446119808647906e-12 
85 2.0248801967545738e-11 1.4478898677558922e-12 
86 2.0268623022373276e-11 1.4493071715795468e-12 
87 2.0240810143635734e-11 1.4473184126701676e-12 
88 2.0243648719843532e-11 1.447521384961403e-12 
89 2.025355848947127e-11 1.4482299826877669e-12 
90 2.023497434509905e-11 1.4469011241024255e-12 
91 2.0238978389545016e-11 1.4471874331587663e-12 
92 2.025597549775954e-11 1.4484028107798426e-12 
93 2.0233211417339793e-11 1.4467750660154184e-12 
94 2.0220194846085226e-11 1.4458443165487283e-12 
95 2.0223772744325516e-11 1.4461001540357203e-12 
96 2.020926586360111e-11 1.4450628400431554e-12 
97 2.0205137038164186e-11 1.4447676085264743e-12 
98 2.0224906636925334e-11 1.4461812329859234e-12 
99 2.0226092134576282e-11 1.4462660019534805e-12 
100 2.0213726782619468e-11 1.4453818178996188e-12 
101 2.0225112305341005e-11 1.4461959392987042e-12 
102 2.02357605820512e-11 1.4469573439478515e-12 
103 2.029057974660693e-11 1.4508771863684696e-12 
104 2.0235447069381258e-11 1.4469349262354875e-12 
105 2.0248616458796267e-11 1.4478766029593295e-12 
106 2.020958485006791e-11 1.4450856491591699e-12 
107 2.023703192363422e-11 1.4470482511827317e-12 
108 2.0251778409464837e-11 1.4481026981299329e-12 
109 2.025359256707022e-11 1.4482324194052734e-12 
110 2.0244072434250125e-11 1.4475516826450443e-12 
111 2.0231185576802495e-11 1.4466302083595264e-12 
112 2.018847856740793e-11 1.4435764451648617e-12 
113 2.021643070367215e-11 1.4455751616787553e-12 
114 2.0226704490439316e-11 1.4463097884377855e-12 
115 2.018433135695374e-11 1.4432798990281717e-12 
116 2.0192706286891865e-11 1.4438787480968729e-12 
117 2.0236639350202417e-11 1.4470201802333903e-12 
118 2.026001319337626e-11 1.4486915260619566e-12 
119 2.025064022137647e-11 1.4480213120309731e-12 
120 2.0204231452218292e-11 1.4447028546354765e-12 
121 2.0224182734222284e-11 1.4461294703487726e-12 
122 2.020548404990518e-11 1.4447924215887277e-12 
123 2.0240412729889388e-11 1.4472899956143061e-12 
124 2.0217684773414997e-11 1.4456648338913156e-12 
125 2.025825282400422e-11 1.448565650912337e-12 
126 2.0243184577303456e-11 1.4474881964655084e-12 
127 2.0207585791452907e-11 1.444942706543683e-12 
128 2.0197220033402716e-11 1.4442015033813165e-12 
129 2.0175023316234975e-11 1.442614327906139e-12 
130 2.023910200846246e-11 1.4471962725250813e-12 
131 2.022236050875065e-11 1.4459991721809416e-12 
132 2.0212919770911547e-11 1.4453241125560171e-12 
133 2.025086964410265e-11 1.4480377168948856e-12 
134 2.0229001620059504e-11 1.4464740446099444e-12 
135 2.0240865138172777e-11 1.4473223450525918e-12 
136 2.0231399163593433e-11 1.44664548087545e-12 
137 2.0186319127156144e-11 1.4434220344661153e-12 
138 2.017764277820503e-11 1.4428016324415626e-12 
139 2.0197542362536737e-11 1.4442245515146322e-12 
140 2.0205152858258877e-11 1.444768739741785e-12 
141 2.017521131533094e-11 1.4426277707748396e-12 
142 2.0241941382699697e-11 1.4473993018793835e-12 
143 2.026663001739884e-11 1.4491646618294145e-12 
144 2.023258166948667e-11 1.446730035917478e-12 
145 2.0253087652054802e-11 1.448196315474973e-12 
146 2.023971216065398e-11 1.4472399014359328e-12 
147 2.023542955411285e-11 1.4469336738068401e-12 
148 2.019402497850336e-11 1.443973041093863e-12 
149 2.022841514245197e-11 1.4464321085493827e-12 
150 2.0230738300094102e-11 1.446598225854329e-12 
151 2.023747500583593e-11 1.4470799337598773e-12 
152 2.0260041929246445e-11 1.4486935808193368e-12 
153 2.0260928539381322e-11 1.4487569778456397e-12 
154 2.023541276176948e-11 1.4469324730709221e-12 
155 2.0250531983031735e-11 1.448013572451965e-12 
156 2.0233815339488642e-11 1.4468182494472894e-12 
157 2.0234909675351596e-11 1.4468964998944236e-12 
158 2.02342176579073e-11 1.446847017211571e-12 
159 2.0239752987711536e-11 1.4472428207732377e-12 
160 2.0254735778698143e-11 1.448314164712251e-12 
161 2.0240552613335303e-11 1.4472999979751534e-12 
162 2.0215337078222017e-11 1.4454969620296647e-12 
163 2.024962897914739e-11 1.447949003191187e-12 
164 2.0204316959080803e-11 1.444708968800653e-12 
165 2.023198872170793e-11 1.446687637207553e-12 
166 2.0209635918668142e-11 1.4450893008176212e-12 
167 2.022479723388947e-11 1.4461734101257174e-12 
168 2.0210326391494194e-11 1.445138673052601e-12 
169 2.0244885380003967e-11 1.4476098123023895e-12 
170 2.0252137145104124e-11 1.4481283495091187e-12 
171 2.0246574001880283e-11 1.4477305571498677e-12 
172 2.0224121838832986e-11 1.4461251160261169e-12 
173 2.0225098947427323e-11 1.4461949841415592e-12 
174 2.0202923695682537e-11 1.4446093435506901e-12 
175 2.0207257852241584e-11 1.4449192572619887e-12 
176 2.0200663817786536e-11 1.4444477510617502e-12 
177 2.021271632646045e-11 1.4453095652677447e-12 
178 2.0235624262634294e-11 1.4469475964327721e-12 
179 2.023476619386303e-11 1.446886240255664e-12 
180 2.0234783337500216e-11 1.4468874661108339e-12 
181 2.027067289178483e-11 1.4494537474192417e-12 
182 2.0243946639095234e-11 1.4475426876669478e-12 
183 2.02242534764789e-11 1.4461345287713273e-12 
184 2.0216282653712274e-11 1.4455645753716163e-12 
185 2.0231352712103226e-11 1.4466421593632875e-12 
186 2.022167365392281e-11 1.4459500586507957e-12 
187 2.0269916962932898e-11 1.449399694753449e-12 
188 2.027353688962311e-11 1.4496585374832648e-12 
189 2.02357799971446e-11 1.4469587322234177e-12 
190 2.0249291520694417e-11 1.4479248732364553e-12 
191 2.026720868799761e-11 1.449206039650091e-12 
192 2.020513190566207e-11 1.4447672415270922e-12 
193 2.0218387666681642e-11 1.4457150942494604e-12 
194 2.024460126796428e-11 1.4475894968810509e-12 
195 2.0259911605521945e-11 1.4486842620260306e-12 
196 2.023170956406316e-11 1.4466676760500478e-12 
197 2.026088677487206e-11 1.4487539914758835e-12 
198 2.0278438428990616e-11 1.4500090218821931e-12 
199 2.026572354298351e-11 1.4490998444084413e-12 
200 2.02626246161226e-11 1.448878255752973e-12 
201 2.0262557575645372e-11 1.4488734620260225e-12 
202 2.021110760348556e-11 1.445194533588384e-12 
203 2.0218819202023302e-11 1.4457459511687867e-12 
204 2.019621705576878e-11 1.4441297855011137e-12 
205 2.0218085888918916e-11 1.4456935156412215e-12 
206 2.0272977890746086e-11 1.4496185662883551e-12 
207 2.0197314914775698e-11 1.4442082878705323e-12 
208 2.020623365095838e-11 1.4448460217854961e-12 
209 2.0238788626838888e-11 1.4471738641831833e-12 
210 2.0264942601435158e-11 1.4490440032106764e-12 
211 2.0239456559377566e-11 1.4472216246757126e-12 
212 2.0252699003269243e-11 1.448168525157322e-12 
213 2.0204046608007892e-11 1.4446896373567566e-12 
214 2.0178658509237045e-11 1.4428742622530435e-12 
215 2.0219860411126606e-11 1.4458204027888532e-12 
216 2.0199706925676194e-11 1.4443793285252802e-12 
217 2.020181376584159e-11 1.4445299780567113e-12 
218 2.021090879957506e-11 1.4451803181218027e-12 
219 2.018876095357819e-11 1.4435966371779677e-12 
220 2.021643659810781e-11 1.4455755831601683e-12 
221 2.0211283972655682e-11 1.445207144859649e-12 
222 2.022012222031549e-11 1.4458391234456347e-12 
223 2.0227716962351015e-11 1.4463821852059838e-12 
224 2.0239524816620323e-11 1.4472265054074393e-12 
225 2.029629417760194e-11 1.4512857965544415e-12 
226 2.0269928649784772e-11 1.4494005304213785e-12 
227 2.02277002453222e-11 1.4463809898554302e-12 
228 2.0260318869126356e-11 1.4487133833956444e-12 
229 2.020299213994199e-11 1.4446142376550389e-12 
230 2.024336104814949e-11 1.4475008150071058e-12 
231 2.027305051516225e-11 1.4496237592946616e-12 
232 2.0322798777077365e-11 1.4531810070015041e-12 
233 2.026794559262403e-11 1.449258731989312e-12 
234 2.028106391348172e-11 1.4501967570577711e-12 
235 2.0254280165759938e-11 1.4482815861252364e-12 
236 2.0259925578388157e-11 1.4486852611553344e-12 
237 2.0210810849390017e-11 1.445173314197289e-12 
238 2.0272914665447364e-11 1.4496140453656086e-12 
239 2.024675149237556e-11 1.4477432486014481e-12 
240 2.0205562428283326e-11 1.4447980260318819e-12 
241 2.0214409820469673e-11 1.445430658496914e-12 
242 2.0223024058986708e-11 1.446046619317077e-12 
243 2.0194695217445975e-11 1.444020966505724e-12 
244 2.0214192346463417e-11 1.4454151080257965e-12 
245 2.0249249808001784e-11 1.4479218905718455e-12 
246 2.0199305292794402e-11 1.4443506097802879e-12 
247 2.021051015488064e-11 1.4451518130470426e-12 
248 2.0236062625621397e-11 1.4469789415626442e-12 
249 2.0216786137368047e-11 1.445600576952596e-12 
250 2.023219077534171e-11 1.4467020850454826e-12 
251 2.0209725445433745e-11 1.445095702425826e-12 
252 2.0142885541806942e-11 1.4403163174835396e-12 
253 2.017812604867315e-11 1.4428361886792748e-12 
254 2.016848681895494e-11 1.4421469358995628e-12 
255 2.0209594047093388e-11 1.445086306792151e-12 
256 2.022597495219304e-11 1.4462576228313158e-12 
257 2.0232399039466325e-11 1.4467169769643395e-12 
258 2.017736033809859e-11 1.4427814365717517e-12 
259 2.0217394736660103e-11 1.445644094823426e-12 
260 2.0218975002461714e-11 1.445757091673619e-12 
261 2.024438934215489e-11 1.447574343133554e-12 
262 2.0231305127889378e-11 1.446638756855761e-12 
263 2.0245638139746332e-11 1.4476636383611148e-12 
264 2.0238732046762033e-11 1.4471698184267912e-12 
265 2.0211946487522517e-11 1.4452545179617448e-12 
266 2.0189155312191967e-11 1.4436248357766833e-12 
267 2.022591029856989e-11 1.4462529997762817e-12 
268 2.0235946888435513e-11 1.4469706657792653e-12 
269 2.022659963686484e-11 1.4463022908866553e-12 
270 2.0206805213806844e-11 1.4448868913667387e-12 
271 2.0193319073006347e-11 1.4439225653462924e-12 
272 2.024289393568661e-11 1.4474674141469863e-12 
273 2.019893626737648e-11 1.4443242226308451e-12 
274 2.0235861524271416e-11 1.446964561817734e-12 
275 2.0238734891618466e-11 1.4471700218481496e-12 
276 2.0239131176493965e-11 1.4471983581841413e-12 
277 2.0231784837440518e-11 1.4466730584702306e-12 
278 2.0226511953482736e-11 1.4462960210895224e-12 
279 2.022160440536214e-11 1.445945107034917e-12 
280 2.0231474719976062e-11 1.4466508835319148e-12 
281 2.0252354433101813e-11 1.4481438866797e-12 
282 2.022306416981796e-11 1.4460494874406455e-12 
283 2.02422458916521e-11 1.4474210757812435e-12 
284 2.023677370093637e-11 1.4470297869778647e-12 
285 2.0242868850533557e-11 1.4474656204340054e-12 
286 2.0241446002421905e-11 1.4473638797301594e-12 
287 2.0210714389668746e-11 1.445166416848335e-12 
288 2.021019869279099e-11 1.4451295419613498e-12 
289 2.026572035117267e-11 1.44909961617812e-12 
290 2.0201100996989047e-11 1.444479011545147e-12 
291 2.0223176064916986e-11 1.4460574884957396e-12 
292 2.0215679323543052e-11 1.4455214342692277e-12 
293 2.0203938348930917e-11 1.4446818962952904e-12 
294 2.028207401711693e-11 1.450268984482443e-12 
295 2.0193197308338818e-11 1.443913858568052e-12 
296 2.0194982387962287e-11 1.4440415006233253e-12 
297 2.0233148141684532e-11 1.4467705414919294e-12 
298 2.023937821434977e-11 1.447216022617274e-12 
299 2.0225716183439514e-11 1.446239119580757e-12 
300 2.0183206634840965e-11 1.44319947581332e-12 
301 2.0206574385576746e-11 1.4448703860023183e-12 
302 2.0182025387821605e-11 1.4431150107870242e-12 
303 2.0183904771831386e-11 1.4432493960741016e-12 
304 2.018237335954189e-11 1.4431398924925627e-12 
305 2.024180302530257e-11 1.4473894086386006e-12 
306 2.0250526105353414e-11 1.448013152168785e-12 
307 2.0240134977263926e-11 1.4472701349226565e-12 
308 2.0209010041606585e-11 1.4450445475004945e-12 
309 2.0189826141114667e-11 1.4436728033750494e-12 
310 2.0207998157594032e-11 1.444972192770004e-12 
311 2.0210321689753202e-11 1.445138336854778e-12 
312 2.0189569497832548e-11 1.4436544521062482e-12 
313 2.022232219872525e-11 1.4459964328239315e-12 
314 2.022489782961004e-11 1.4461806032191553e-12 
315 2.021736011116998e-11 1.4456416189289808e-12 
316 2.0224933986482364e-11 1.4461831886150306e-12 
317 2.0211779031510945e-11 1.4452425440255663e-12 
318 2.019949843672222e-11 1.4443644205300081e-12 
319 2.021987470284299e-11 1.4458214247175271e-12 
320 2.020563546498533e-11 1.4448032485186727e-12 
321 2.0268733100646865e-11 1.4493150427226024e-12 
322 2.019849023659423e-11 1.4442923292155527e-12 
323 2.020802057415276e-11 1.4449737956652422e-12 
324 2.0231093432817856e-11 1.4466236196071673e-12 
325 2.020956304990733e-11 1.4450840903394593e-12 
326 2.021896231935707e-11 1.4457561847686705e-12 
327 2.021534847834362e-11 1.4454977771949562e-12 
328 2.0237426233726283e-11 1.4470764463119039e-12 
329 2.0217372554491073e-11 1.445642508688215e-12 
330 2.022705297734044e-11 1.4463347069813117e-12 
331 2.0209645576574293e-11 1.4450899914058586e-12 
332 2.0221485446169e-11 1.4459366008620232e-12 
333 2.023105282873821e-11 1.4466207162138898e-12 
334 2.0234807705976002e-11 1.4468892085778321e-12 
335 2.021473520949243e-11 1.4454539254274655e-12 
336 2.0249708659179213e-11 1.4479547007090414e-12 
337 2.030146908465743e-11 1.4516558281002203e-12 
338 2.026821736736001e-11 1.4492781652321859e-12 
339 2.022921461895647e-11 1.4464892750885304e-12 
340 2.027133303653114e-11 1.4495009510459535e-12 
341 2.0250807000309787e-11 1.4480332375526949e-12 
342 2.024678791441869e-11 1.4477458529583527e-12 
343 2.024171836830471e-11 1.447383355242966e-12 
344 2.0216887363331612e-11 1.4456078151115365e-12 
345 2.0289963428920735e-11 1.4508331165941397e-12 
346 2.0246771360769575e-11 1.4477446692902587e-12 
347 2.0231567560969862e-11 1.4466575221238894e-12 
348 2.02244269331639e-11 1.4461469317854465e-12 
349 2.0247430795628038e-11 1.4477918221564651e-12 
350 2.02307482477222e-11 1.4465989371591241e-12 
351 2.0240589443625325e-11 1.4473026315237374e-12 
352 2.0222239114111862e-11 1.445990491861593e-12 
353 2.0209904816520226e-11 1.4451085283490138e-12 
354 2.0219228617217014e-11 1.4457752263877172e-12 
355 2.0188002241151467e-11 1.4435423854727581e-12 
356 2.0228113149102136e-11 1.4464105145255953e-12 
357 2.0236694304284173e-11 1.4470241097230606e-12 
358 2.0196116620928002e-11 1.4441226039113799e-12 
359 2.0188899417545252e-11 1.4436065380390301e-12 
360 2.0208355507722566e-11 1.4449977450782924e-12 
361 2.02489624908803e-11 1.4479013459712466e-12 
362 2.024137591638964e-11 1.4473588682309037e-12 
363 2.0217111952090044e-11 1.4456238743227564e-12 
364 2.025955462788868e-11 1.4486587363530033e-12 
365 2.0239924444467702e-11 1.4472550807825168e-12 
366 2.025091828083203e-11 1.4480411946624978e-12 
367 2.023785389770502e-11 1.4471070264095614e-12 
368 2.0253511876847405e-11 1.4482266496537478e-12 
369 2.0235871295950082e-11 1.446965260541271e-12 
370 2.0255231395866546e-11 1.4483496038003298e-12 
371 2.0247113901934403e-11 1.4477691626841217e-12 
372 2.020590139086808e-11 1.4448222635395035e-12 
373 2.0201180343719515e-11 1.4444846852302996e-12 
374 2.0241653395700384e-11 1.447378709379194e-12 
375 2.0242991596776817e-11 1.4474743973997838e-12 
376 2.0245393735946906e-11 1.4476461622760903e-12 
377 2.0238944811172807e-11 1.4471850321384503e-12 
378 2.023252750160349e-11 1.446726162644909e-12 
379 2.0235231431354736e-11 1.446919507046036e-12 
380 2.0200519912170762e-11 1.4444374610957894e-12 
381 2.0231109153531163e-11 1.4466247437162155e-12 
382 2.0222273899260148e-11 1.4459929791723896e-12 
383 2.017980779688114e-11 1.4429564420253427e-12 
384 2.0205057078769156e-11 1.4447618910327637e-12 
385 2.0227951868891228e-11 1.4463989821898246e-12 
386 2.0204759071268566e-11 1.4447405820169853e-12 
387 2.025744835477367e-11 1.4485081273684897e-12 
388 2.0211938087088248e-11 1.44525391728899e-12 
389 2.024014222100103e-11 1.4472706528858218e-12 
390 2.025518279191791e-11 1.4483461283767035e-12 
391 2.021908129737585e-11 1.4457646922876909e-12 
392 2.0243611752913723e-11 1.4475187416423959e-12 
393 2.0217378135786526e-11 1.4456429077785487e-12 
394 2.0244162708581144e-11 1.4475581377078876e-12 
395 2.0261728177165733e-11 1.4488141559171017e-12 
396 2.0262124543386684e-11 1.448842498069697e-12 
397 2.0259330636096163e-11 1.44864271982781e-12 
398 2.023133573242033e-11 1.4466409452316632e-12 
399 2.02286937121262e-11 1.4464520276640754e-12 
400 2.0260433746070607e-11 1.4487215976674757e-12 
401 2.026337246059647e-11 1.448931730345599e-12 
402 2.0250080580668116e-11 1.447981294941937e-12 
403 2.0224808110783814e-11 1.4461741878776626e-12 
404 2.0202873665694726e-11 1.444605766158183e-12 
405 2.021599847120792e-11 1.4455442549117043e-12 
406 2.0232342804859524e-11 1.4467129559107712e-12 
407 2.0231697304620652e-11 1.4466667994390452e-12 
408 2.023409555096733e-11 1.4468382859591519e-12 
409 2.0247899770399966e-11 1.4478253561809272e-12 
410 2.0220105185275305e-11 1.4458379053556893e-12 
411 2.023226236299411e-11 1.4467072039180329e-12 
412 2.0239104776995874e-11 1.447196470488965e-12 
413 2.0268528037149662e-11 1.4493003796644952e-12 
414 2.0259133888664695e-11 1.4486286514096891e-12 
415 2.0237012575795943e-11 1.447046867716241e-12 
416 2.0246030734487732e-11 1.4476917108341984e-12 
417 2.0224519759022316e-11 1.446153569295166e-12 
418 2.0225067595093585e-11 1.4461927422940453e-12 
419 2.0219355351301543e-11 1.4457842885039444e-12 
420 2.0187058213196925e-11 1.443474882787293e-12 
421 2.0212777665856868e-11 1.4453139513391138e-12 
422 2.0261108262315884e-11 1.4487698289277122e-12 
423 2.022456142353019e-11 1.4461565485143263e-12 
424 2.0224067956450868e-11 1.4461212631682913e-12 
425 2.0212758068534456e-11 1.4453125500332687e-12 
426 2.0195747110191853e-11 1.4440961820592745e-12 
427 2.0225783366299757e-11 1.4462439234888e-12 
428 2.0216697359328194e-11 1.4455942288819995e-12 
429 2.0201767048763558e-11 1.4445266375537009e-12 
430 2.01834970399343e-11 1.4432202412192368e-12 
431 2.0197439550289793e-11 1.4442171999285548e-12 
432 2.021506152703618e-11 1.4454772587518777e-12 
433 2.0244811202477226e-11 1.4476045082409662e-12 
434 2.0244192141475724e-11 1.4475602423059723e-12 
435 2.0258440908023207e-11 1.4485790998534553e-12 
436 2.027103590710693e-11 1.4494797048169957e-12 
437 2.022700540594629e-11 1.4463313053904575e-12 
438 2.024208255482981e-11 1.4474093963875486e-12 
439 2.0271674790159952e-11 1.4495253881270814e-12 
440 2.0256166612568354e-11 1.4484164764374801e-12 
441 2.0204535491663228e-11 1.4447245949652218e-12 
442 2.0226117759084835e-11 1.4462678342330573e-12 
443 2.023879152881859e-11 1.4471740716891392e-12 
444 2.0280809263853624e-11 1.4501785483451304e-12 
445 2.020721912442518e-11 1.4449164880308479e-12 
446 2.0192541330760052e-11 1.4438669529145081e-12 
447 2.0238073922136567e-11 1.447122759248749e-12 
448 2.0222030748297666e-11 1.4459755926714263e-12 
449 2.023067898749396e-11 1.4465939847089562e-12 
450 2.0250070377692787e-11 1.4479805653785473e-12 
451 2.0218435760641413e-11 1.445718533206351e-12 
452 2.0191499537000373e-11 1.4437924594886082e-12 
453 2.021829120348965e-11 1.4457081966523323e-12 
454 2.021111081942348e-11 1.445194763543911e-12 
455 2.02200883940953e-11 1.4458367047029575e-12 
456 2.0222999551251285e-11 1.4460448668923233e-12 
457 2.0215226591353998e-11 1.445489061670079e-12 
458 2.0233803356306235e-11 1.4468173925902556e-12 
459 2.0233407187125606e-11 1.4467890645270216e-12 
460 2.026348069394837e-11 1.4489394695675941e-12 
461 2.0246140243452343e-11 1.4476995412688355e-12 
462 2.021800555400163e-11 1.4456877712958054e-12 
463 2.020993873360759e-11 1.445110953589145e-12 
464 2.0205552623789532e-11 1.4447973249619003e-12 
465 2.0213403614978684e-11 1.4453587098089067e-12 
466 2.0216119148322313e-11 1.4455528839244961e-12 
467 2.0214020878779468e-11 1.445402847235127e-12 
468 2.023475410481696e-11 1.4468853758288526e-12 
469 2.0207829623252824e-11 1.444960141727903e-12 
470 2.0189073642935707e-11 1.4436189960194058e-12 
471 2.0226318603449952e-11 1.446282195602274e-12 
472 2.0224200329174926e-11 1.4461307284752382e-12 
473 2.0249035584488215e-11 1.4479065725270925e-12 
474 2.0232288652495638e-11 1.4467090837479088e-12 
475 2.0249100116044895e-11 1.447911186853768e-12 
476 2.0248877326936128e-11 1.4478952563264338e-12 
477 2.024195473902893e-11 1.4474002569232323e-12 
478 2.023706725746411e-11 1.4470507777269871e-12 
479 2.0203618702158247e-11 1.4446590399641281e-12 
480 2.022441357691331e-11 1.446145976747221e-12 
481 2.027095567080305e-11 1.4494739675229274e-12 
482 2.0238263747464162e-11 1.4471363327020775e-12 
483 2.0270603053571135e-11 1.4494487536402443e-12 
484 2.02526221386529e-11 1.4481630289556519e-12 
485 2.0259027804825453e-11 1.44862106588852e-12 
486 2.0259520163907173e-11 1.4486562720072259e-12 
487 2.026516207127371e-11 1.4490596963937116e-12 
488 2.0243066639751278e-11 1.4474797633450156e-12 
489 2.0224821795886835e-11 1.4461751664304695e-12 
490 2.0222714383436117e-11 1.4460244759777964e-12 
491 2.0215974793616132e-11 1.4455425618463417e-12 
492 2.019834857527383e-11 1.444282199727853e-12 
493 2.0213159186849837e-11 1.4453412319842079e-12 
494 2.023891048799429e-11 1.447182577860786e-12 
495 2.0186635835763235e-11 1.4434446807038518e-12 
496 2.0161725274279554e-11 1.44166345188695e-12 
497 2.024245385697618e-11 1.4474359463343784e-12 
498 2.0250547146508877e-11 1.4480146567158613e-12 
499 2.0200567778548208e-11 1.444440883779414e-12 
500 2.0218739401734625e-11 1.4457402450519704e-12 
501 2.0270974661678353e-11 1.4494753254647936e-12 
502 2.023356215587986e-11 1.4468001455623076e-12 
503 2.0223501877909322e-11 1.4460807857422207e-12 
504 2.0215778772127767e-11 1.4455285453367565e-12 
505 2.0277630176024725e-11 1.4499512277824843e-12 
506 2.0270018733674677e-11 1.4494069718667366e-12 
507 2.0202173485729935e-11 1.4445556998145914e-12 
508 2.0214023919746385e-11 1.4454030646793586e-12 
509 2.0246396064563914e-11 1.4477178337483609e-12 
510 2.0270020001843912e-11 1.4494070625471328e-12 
511 2.0233174593817114e-11 1.4467724329507331e-12 
512 2.0224122825718962e-11 1.4461251865933637e-12 
513 2.023430002457419e-11 1.4468529068371707e-12 
514 2.0284314859187648e-11 1.4504292158153698e-12 
515 2.0258707036094455e-11 1.4485981293317672e-12 
516 2.026342145874681e-11 1.448935233956604e-12 
517 2.0246597014160477e-11 1.4477322026421482e-12 
518 2.0246954759125456e-11 1.4477577831832027e-12 
519 2.0269440010974194e-11 1.449365590320529e-12 
520 2.0229738101563185e-11 1.446526706693789e-12 
521 2.0221729113945818e-11 1.4459540243177774e-12 
522 2.0215263631464004e-11 1.4454917102218334e-12 
523 2.0244147952134163e-11 1.4475570825486686e-12 
524 2.024068702237863e-11 1.4473096088890377e-12 
525 2.0223704961135338e-11 1.4460953072011066e-12 
526 2.0219927148898897e-11 1.445825174870898e-12 
527 2.0248748119892097e-11 1.4478860173813252e-12 
528 2.026278275009796e-11 1.4488895631172824e-12 
529 2.0227277664585066e-11 1.4463507732347835e-12 
530 2.021774582597196e-11 1.4456691994522396e-12 
531 2.0224187081614217e-11 1.4461297812088788e-12 
532 2.0255919584201622e-11 1.4483988126828633e-12 
533 2.023512351218797e-11 1.4469117902898372e-12 
534 2.0229617644991012e-11 1.4465180934508608e-12 
535 2.0236311481077212e-11 1.4469967359632011e-12 
536 2.020666794215517e-11 1.444877075762146e-12 
537 2.021507304528628e-11 1.4454780823639432e-12 
538 2.0265179072539646e-11 1.4490609120686304e-12 
539 2.0258404023158995e-11 1.4485764624025456e-12 
540 2.0245614280397567e-11 1.4476619322992261e-12 
541 2.021221427323696e-11 1.445273665969775e-12 
542 2.017370905022408e-11 1.4425203513615631e-12 
543 2.018113598067477e-11 1.4430514137604803e-12 
544 2.017731279346302e-11 1.4427780368942686e-12 
545 2.0163714202926012e-11 1.4418056701593946e-12 
546 2.0185527658028245e-11 1.4433654404941478e-12 
547 2.0208740482137077e-11 1.4450252726601715e-12 
548 2.021081459617164e-11 1.4451735821107764e-12 
549 2.020678274674759e-11 1.4448852848604622e-12 
550 2.0223402422787215e-11 1.4460736742072359e-12 
551 2.0231117830029916e-11 1.4466253641289517e-12 
552 2.021006436612316e-11 1.4451199369377227e-12 
553 2.0231136365164928e-11 1.4466266894831245e-12 
554 2.0216593653281515e-11 1.4455868133848034e-12 
555 2.0174065229369307e-11 1.4425458199387316e-12 
556 2.0203513030709856e-11 1.4446514839309525e-12 
557 2.0255329413797746e-11 1.4483566125690298e-12 
558 2.0270247184141777e-11 1.449423307209298e-12 
559 2.02497249834626e-11 1.4479558679763469e-12 
560 2.0236121288829885e-11 1.44698313627329e-12 
561 2.0201726650669727e-11 1.444523748889432e-12 
562 2.024894417881284e-11 1.4479000365675111e-12 
563 2.0235353095328115e-11 1.4469282066241447e-12 
564 2.0247527464457298e-11 1.4477987344576786e-12 
565 2.0284080018834456e-11 1.4504124235642298e-12 
566 2.024793026137308e-11 1.4478275364368801e-12 
567 2.0230189730145742e-11 1.4465590003795944e-12 
568 2.0248039907138585e-11 1.4478353766534605e-12 
569 2.0200233871916253e-11 1.4444170077975185e-12 
570 2.0208810569351367e-11 1.4450302842439478e-12 
571 2.0229461191854055e-11 1.4465069062748422e-12 
572 2.0234887457287674e-11 1.4468949111925495e-12 
573 2.0239523362389324e-11 1.4472264014227032e-12 
574 2.0227670391470563e-11 1.446378855156826e-12 
575 2.0257099361799784e-11 1.4484831726382484e-12 
576 2.027514806689576e-11 1.4497737446570998e-12 
577 2.0276835673878107e-11 1.4498944169346208e-12 
578 2.0295491256615274e-11 1.4512283837177182e-12 
579 2.0291523233427327e-11 1.450944650360157e-12 
580 2.0275903885587648e-11 1.4498277894459026e-12 
581 2.0245862263742134e-11 1.4476796643394994e-12 
582 2.027392167670596e-11 1.4496860516700001e-12 
583 2.024311833387805e-11 1.4474834597317203e-12 
584 2.0246530842545936e-11 1.4477274710431933e-12 
585 2.0233707188364178e-11 1.4468105161049638e-12 
586 2.0224282537163108e-11 1.4461366067545224e-12 
587 2.0215671470164043e-11 1.4455208727136397e-12 
588 2.0287443630152206e-11 1.4506529384724126e-12 
589 2.022693121595614e-11 1.4463260004378385e-12 
590 2.0204667849961485e-11 1.4447340592406523e-12 
591 2.0221947504177022e-11 1.445969640303527e-12 
592 2.0201890039906454e-11 1.444535432031019e-12 
593 2.0251333948810625e-11 1.4480709169865901e-12 
594 2.0240111227207246e-11 1.4472684366756946e-12 
595 2.023829723081202e-11 1.4471387269276807e-12 
596 2.0202039202661298e-11 1.444546097908523e-12 
597 2.0240576262802288e-11 1.447301689029453e-12 
598 2.0179023332325853e-11 1.4429003489150919e-12 
599 2.025431934099301e-11 1.44828438734889e-12 
600 2.0211978938725784e-11 1.4452568383838855e-12 
601 2.0240840295043537e-11 1.447320568645515e-12 
602 2.0221439656594124e-11 1.4459333266800929e-12 
603 2.026620799611999e-11 1.4491344852128126e-12 
604 2.0199280060746403e-11 1.444348805563589e-12 
605 2.021756332820631e-11 1.4456561499559685e-12 
606 2.0231867589539493e-11 1.4466789756561379e-12 
607 2.0203879038674812e-11 1.4446776553175277e-12 
608 2.026338704135362e-11 1.4489327729421224e-12 
609 2.021327117210531e-11 1.4453492394859355e-12 
610 2.0190523662157394e-11 1.443722679592513e-12 
611 2.0216562040930908e-11 1.4455845529447927e-12 
612 2.0201661579706825e-11 1.4445190959925336e-12 
613 2.0217265843607835e-11 1.4456348783302873e-12 
614 2.021158478414577e-11 1.445228654374597e-12 
615 2.0216401125799384e-11 1.4455730467140105e-12 
616 2.022477939124625e-11 1.4461721342881458e-12 
617 2.023515822614895e-11 1.446914272510388e-12 
618 2.0212406254274923e-11 1.445287393567097e-12 
619 2.0209289841813115e-11 1.4450645546043558e-12 
620 2.0245920904116686e-11 1.4476838574174054e-12 
621 2.0198505826346794e-11 1.4442934439602578e-12 
622 2.0216912737530868e-11 1.4456096294927559e-12 
623 2.0255233632310335e-11 1.4483497637171638e-12 
624 2.023866567706279e-11 1.4471650726637968e-12 
625 2.022561147028433e-11 1.446231632070303e-12 
626 2.0211333121484738e-11 1.4452106592449304e-12 
627 2.0234950589454842e-11 1.4468994254559277e-12 
628 2.0196337768274794e-11 1.4441384170445822e-12 
629 2.02194583566357e-11 1.4457916538967162e-12 
630 2.025907448909326e-11 1.4486244040454367e-12 
631 2.0250923353907342e-11 1.4480415574125685e-12 
632 2.0240927096644634e-11 1.447326775390928e-12 
633 2.0212554099426733e-11 1.4452979652294427e-12 
634 2.023351086863812e-11 1.446796478269903e-12 
635 2.0228271559453634e-11 1.4464218416521705e-12 
636 2.0234142703119238e-11 1.4468416575721045e-12 
637 2.023749370498462e-11 1.4470812708418423e-12 
638 2.0174064466529972e-11 1.442545765391932e-12 
639 2.0249907782174836e-11 1.4479689389917931e-12 
640 2.0267982023616788e-11 1.4492613369861595e-12 
641 2.0238664761368808e-11 1.447165007187131e-12 
642 2.0241952882488372e-11 1.4474001241713655e-12 
643 2.026411939312384e-11 1.4489851397295225e-12 
644 2.024373775276909e-11 1.4475277512575927e-12 
645 2.027400144434019e-11 1.4496917554518614e-12 
646 2.0261178370257107e-11 1.448774841993567e-12 
647 2.028078445353895e-11 1.450176774284458e-12 
648 2.0272160632488402e-11 1.4495601282655754e-12 
649 2.0270496098068314e-11 1.4494411057908018e-12 
650 2.0225310575837093e-11 1.4462101166235069e-12 
651 2.020511780948223e-11 1.4447662335802518e-12 
652 2.0208077362781715e-11 1.444977856334145e-12 
653 2.0212944769850583e-11 1.4453259001042679e-12 
654 2.0223181508718613e-11 1.4460578777545821e-12 
655 2.024888658070814e-11 1.447895918017074e-12 
656 2.0245518140714804e-11 1.4476550578346142e-12 
657 2.025105006734417e-11 1.4480506180523824e-12 
658 2.0295012269372497e-11 1.4511941337518826e-12 
659 2.0283033114084527e-11 1.450337564677153e-12 
660 2.0297243077570444e-11 1.4513536476130923e-12 
661 2.0255723371115276e-11 1.4483847824730712e-12 
662 2.0246402468308474e-11 1.4477182916478887e-12 
663 2.027250541651891e-11 1.4495847820354695e-12 
664 2.025936750177775e-11 1.4486453559070666e-12 
665 2.0263646925228574e-11 1.4489513559293996e-12 
666 2.026757163008875e-11 1.4492319918114675e-12 
667 2.021175100769245e-11 1.4452405401834172e-12 
668 2.0246069842985453e-11 1.4476945072859432e-12 
669 2.0261214624296162e-11 1.4487774343373462e-12 
670 2.0252491105387855e-11 1.4481536594266744e-12 
671 2.021850123779602e-11 1.4457232151479728e-12 
672 2.0271865931463384e-11 1.4495390556792159e-12 
673 2.0258657213896628e-11 1.4485945667972756e-12 
674 2.025589423645953e-11 1.4483970001934626e-12 
675 2.029321217475476e-11 1.451065418049976e-12 
676 2.0249490893397116e-11 1.4479391293745028e-12 
677 2.0260681462426053e-11 1.4487393106167011e-12 
678 2.0233307305033378e-11 1.4467819224615533e-12 
679 2.0250977958985927e-11 1.4480454619467792e-12 
680 2.027001142315609e-11 1.4494064491283638e-12 
681 2.0277311385144136e-11 1.449928432651855e-12 
682 2.0254639225325182e-11 1.448307260666736e-12 
683 2.027463953155075e-11 1.4497373818552603e-12 
684 2.0262502534291435e-11 1.448869526295958e-12 
685 2.0249135379057005e-11 1.4479137083342005e-12 
686 2.0296821342020614e-11 1.4513234914275338e-12 
687 2.0249052563744448e-11 1.4479077866282084e-12 
688 2.025142755117361e-11 1.4480776100202412e-12 
689 2.0236408458071188e-11 1.4470036702997218e-12 
690 2.0244675428301003e-11 1.4475947997133026e-12 
691 2.0263418322022332e-11 1.4489350096652313e-12 
692 2.024708191405046e-11 1.447766875391613e-12 
693 2.0181453609094616e-11 1.4430741257693953e-12 
694 2.0200522088788623e-11 1.4444376167347726e-12 
695 2.017307037526535e-11 1.4424746829312522e-12 
696 2.019615138161053e-11 1.4441250894727533e-12 
697 2.0172270208817957e-11 1.4424174670577623e-12 
698 2.0218426549664902e-11 1.4457178745758016e-12 
699 2.023971886697639e-11 1.4472403809712791e-12 
700 2.0251052815844536e-11 1.4480508145838038e-12 
701 2.0268215479317472e-11 1.4492780302277711e-12 
702 2.024628698367752e-11 1.4477100339234414e-12 
703 2.0247099655810057e-11 1.4477681440155047e-12 
704 2.023268874632917e-11 1.4467376924433097e-12 
705 2.0236382739018228e-11 1.4470018312597505e-12 
706 2.019348647219721e-11 1.443934535219508e-12 
707 2.0188168265672372e-11 1.4435542570502472e-12 
708 2.0193193839654714e-11 1.443913610539918e-12 
709 2.020896069775312e-11 1.4450410191699998e-12 
710 2.0231075549187408e-11 1.4466223408388052e-12 
711 2.026416876683207e-11 1.4489886701947811e-12 
712 2.0217413505170052e-11 1.4456454368650656e-12 
713 2.02061705896404e-11 1.4448415125881868e-12 
714 2.0233845032910625e-11 1.446820372674377e-12 
715 2.0224544002007372e-11 1.4461553027889542e-12 
716 2.0221617310133294e-11 1.4459460297901214e-12 
717 2.0226787303903114e-11 1.4463157100115824e-12 
718 2.0196700201769404e-11 1.4441643328387818e-12 
719 2.022022766765662e-11 1.4458466634540287e-12 
720 2.0244154542827548e-11 1.4475575538159657e-12 
721 2.0294534612525817e-11 1.4511599789159728e-12 
722 2.0237575956961776e-11 1.4470871522665565e-12 
723 2.0257177476444192e-11 1.448488758223131e-12 
724 2.0234430598931967e-11 1.4468622435520003e-12 
725 2.022632669104394e-11 1.4462827739053957e-12 
726 2.0192902085075977e-11 1.4438927486390952e-12 
727 2.022698259006577e-11 1.4463296739417288e-12 
728 2.0175991286913994e-11 1.44268354261527e-12 
729 2.0207473466525722e-11 1.4449346747537418e-12 
