0.001953125 2.5000000000000004 2.5000000000000004 2.5000000000000004 2.5000000000000004 2.5000000000000004 2.5000000000000004 2.5000000000000004 2.5000000000000004 2.5000000000000004 2.5000000000000004 2.5000000000000004 2.5000000000000004 2.5000000000000004 2.5000000000000004 2.5000000000000004 2.5000000000000004 2.5000000000000004 2.5000000000000004 2.5000000000000004 2.5000000000000004 2.5000000000000004 
0.005859375 2.5000000000000004 2.5000000000000004 2.5000000000000004 2.5000000000000004 2.5000000000000004 2.5000000000000004 2.5000000000000004 2.5000000000000004 2.5000000000000004 2.5000000000000004 2.5000000000000004 2.5000000000000004 2.5000000000000004 2.5000000000000004 2.5000000000000004 2.5000000000000004 2.5000000000000004 2.5000000000000004 2.5000000000000004 2.5000000000000004 2.5000000000000004 
0.009765625 2.5000000000000004 2.5000000000000004 2.5000000000000004 2.5000000000000004 2.5000000000000004 2.5000000000000004 2.5000000000000004 2.5000000000000004 2.5000000000000004 2.5000000000000004 2.5000000000000004 2.5000000000000004 2.5000000000000004 2.5000000000000004 2.5000000000000004 2.5000000000000004 2.5000000000000004 2.5000000000000004 2.5000000000000004 2.5000000000000004 2.5000000000000004 
0.013671875 2.5000000000000004 2.5000000000000004 2.5000000000000004 2.5000000000000004 2.5000000000000004 2.5000000000000004 2.5000000000000004 2.5000000000000004 2.5000000000000004 2.5000000000000004 2.5000000000000004 2.5000000000000004 2.5000000000000004 2.5000000000000004 2.5000000000000004 2.5000000000000004 2.5000000000000004 2.5000000000000004 2.5000000000000004 2.5000000000000004 2.5000000000000004 
0.017578125 2.5000000000000004 2.5000000000000004 2.5000000000000004 2.5000000000000004 2.5000000000000004 2.5000000000000004 2.5000000000000004 2.5000000000000004 2.5000000000000004 2.5000000000000004 2.5000000000000004 2.5000000000000004 2.5000000000000004 2.5000000000000004 2.5000000000000004 2.5000000000000004 2.5000000000000004 2.5000000000000004 2.5000000000000004 2.5000000000000004 2.5000000000000004 
0.021484375 2.5000000000000004 2.5000000000000004 2.5000000000000004 2.5000000000000004 2.5000000000000004 2.5000000000000004 2.5000000000000004 2.5000000000000004 2.5000000000000004 2.5000000000000004 2.5000000000000004 2.5000000000000004 2.5000000000000004 2.5000000000000004 2.5000000000000004 2.5000000000000004 2.5000000000000004 2.5000000000000004 2.5000000000000004 2.5000000000000004 2.5000000000000004 
0.025390625 2.5000000000000004 2.5000000000000004 2.5000000000000004 2.5000000000000004 2.5000000000000004 2.5000000000000004 2.5000000000000004 2.5000000000000004 2.5000000000000004 2.5000000000000004 2.5000000000000004 2.5000000000000004 2.5000000000000004 2.5000000000000004 2.5000000000000004 2.5000000000000004 2.5000000000000004 2.5000000000000004 2.5000000000000004 2.5000000000000004 2.5000000000000004 
0.029296875 2.5000000000000004 2.5000000000000004 2.5000000000000004 2.5000000000000004 2.5000000000000004 2.5000000000000004 2.5000000000000004 2.5000000000000004 2.5000000000000004 2.5000000000000004 2.5000000000000004 2.5000000000000004 2.5000000000000004 2.5000000000000004 2.5000000000000004 2.5000000000000004 2.5000000000000004 2.5000000000000004 2.5000000000000004 2.5000000000000004 2.5000000000000004 
0.033203125 2.5000000000000004 2.5000000000000004 2.5000000000000004 2.5000000000000004 2.5000000000000004 2.5000000000000004 2.5000000000000004 2.5000000000000004 2.5000000000000004 2.5000000000000004 2.5000000000000004 2.5000000000000004 2.5000000000000004 2.5000000000000004 2.5000000000000004 2.5000000000000004 2.5000000000000004 2.5000000000000004 2.5000000000000004 2.5000000000000004 2.5000000000000004 
0.037109375 2.5000000000000004 2.5000000000000004 2.5000000000000004 2.5000000000000004 2.5000000000000004 2.5000000000000004 2.5000000000000004 2.5000000000000004 2.5000000000000004 2.5000000000000004 2.5000000000000004 2.5000000000000004 2.5000000000000004 2.5000000000000004 2.5000000000000004 2.5000000000000004 2.5000000000000004 2.5000000000000004 2.5000000000000004 2.5000000000000004 2.5000000000000004 
0.041015625 2.5000000000000004 2.5000000000000004 2.5000000000000004 2.5000000000000004 2.5000000000000004 2.5000000000000004 2.5000000000000004 2.5000000000000004 2.5000000000000004 2.5000000000000004 2.5000000000000004 2.5000000000000004 2.5000000000000004 2.5000000000000004 2.5000000000000004 2.5000000000000004 2.5000000000000004 2.5000000000000004 2.5000000000000004 2.5000000000000004 2.5000000000000004 
0.044921875 2.5000000000000004 2.5000000000000004 2.5000000000000004 2.5000000000000004 2.5000000000000004 2.5000000000000004 2.5000000000000004 2.5000000000000004 2.5000000000000004 2.5000000000000004 2.5000000000000004 2.5000000000000004 2.5000000000000004 2.5000000000000004 2.5000000000000004 2.5000000000000004 2.5000000000000004 2.5000000000000004 2.5000000000000004 2.5000000000000004 2.5000000000000004 
0.048828125 2.5000000000000004 2.5000000000000004 2.5000000000000004 2.5000000000000004 2.5000000000000004 2.5000000000000004 2.5000000000000004 2.5000000000000004 2.5000000000000004 2.5000000000000004 2.5000000000000004 2.5000000000000004 2.5000000000000004 2.5000000000000004 2.5000000000000004 2.5000000000000004 2.5000000000000004 2.5000000000000004 2.5000000000000004 2.5000000000000004 2.5000000000000004 
0.052734375 2.5000000000000004 2.5000000000000004 2.5000000000000004 2.5000000000000004 2.5000000000000004 2.5000000000000004 2.5000000000000004 2.5000000000000004 2.5000000000000004 2.5000000000000004 2.5000000000000004 2.5000000000000004 2.5000000000000004 2.5000000000000004 2.5000000000000004 2.5000000000000004 2.5000000000000004 2.5000000000000004 2.5000000000000004 2.5000000000000004 2.5000000000000004 
0.056640625 2.5000000000000004 2.5000000000000004 2.5000000000000004 2.5000000000000004 2.5000000000000004 2.5000000000000004 2.5000000000000004 2.5000000000000004 2.5000000000000004 2.5000000000000004 2.5000000000000004 2.5000000000000004 2.5000000000000004 2.5000000000000004 2.5000000000000004 2.5000000000000004 2.5000000000000004 2.5000000000000004 2.5000000000000004 2.5000000000000004 2.5000000000000004 
0.060546875 2.5000000000000004 2.5000000000000004 2.5000000000000004 2.5000000000000004 2.5000000000000004 2.5000000000000004 2.5000000000000004 2.5000000000000004 2.5000000000000004 2.5000000000000004 2.5000000000000004 2.5000000000000004 2.5000000000000004 2.5000000000000004 2.5000000000000004 2.5000000000000004 2.5000000000000004 2.5000000000000004 2.5000000000000004 2.5000000000000004 2.5000000000000004 
0.064453125 2.5000000000000004 2.5000000000000004 2.5000000000000004 2.5000000000000004 2.5000000000000004 2.5000000000000004 2.5000000000000004 2.5000000000000004 2.5000000000000004 2.5000000000000004 2.5000000000000004 2.5000000000000004 2.5000000000000004 2.5000000000000004 2.5000000000000004 2.5000000000000004 2.5000000000000004 2.5000000000000004 2.5000000000000004 2.5000000000000004 2.5000000000000004 
0.068359375 2.5000000000000004 2.5000000000000004 2.5000000000000004 2.5000000000000004 2.5000000000000004 2.5000000000000004 2.5000000000000004 2.5000000000000004 2.5000000000000004 2.5000000000000004 2.5000000000000004 2.5000000000000004 2.5000000000000004 2.5000000000000004 2.5000000000000004 2.5000000000000004 2.5000000000000004 2.5000000000000004 2.5000000000000004 2.5000000000000004 2.5000000000000004 
0.072265625 2.5000000000000004 2.5000000000000004 2.5000000000000004 2.5000000000000004 2.5000000000000004 2.5000000000000004 2.5000000000000004 2.5000000000000004 2.5000000000000004 2.5000000000000004 2.5000000000000004 2.5000000000000004 2.5000000000000004 2.5000000000000004 2.5000000000000004 2.5000000000000004 2.5000000000000004 2.5000000000000004 2.5000000000000004 2.5000000000000004 2.5000000000000004 
0.076171875 2.5000000000000004 2.5000000000000004 2.5000000000000004 2.5000000000000004 2.5000000000000004 2.5000000000000004 2.5000000000000004 2.5000000000000004 2.5000000000000004 2.5000000000000004 2.5000000000000004 2.5000000000000004 2.5000000000000004 2.5000000000000004 2.5000000000000004 2.5000000000000004 2.5000000000000004 2.5000000000000004 2.5000000000000004 2.5000000000000004 2.5000000000000004 
0.080078125 2.5000000000000004 2.5000000000000004 2.5000000000000004 2.5000000000000004 2.5000000000000004 2.5000000000000004 2.5000000000000004 2.5000000000000004 2.5000000000000004 2.5000000000000004 2.5000000000000004 2.5000000000000004 2.5000000000000004 2.5000000000000004 2.5000000000000004 2.5000000000000004 2.5000000000000004 2.5000000000000004 2.5000000000000004 2.5000000000000004 2.5000000000000004 
0.083984375 2.5000000000000004 2.5000000000000004 2.5000000000000004 2.5000000000000004 2.5000000000000004 2.5000000000000004 2.5000000000000004 2.5000000000000004 2.5000000000000004 2.5000000000000004 2.5000000000000004 2.5000000000000004 2.5000000000000004 2.5000000000000004 2.5000000000000004 2.5000000000000004 2.5000000000000004 2.5000000000000004 2.5000000000000004 2.5000000000000004 2.5000000000000004 
0.087890625 2.5000000000000004 2.5000000000000004 2.5000000000000004 2.5000000000000004 2.5000000000000004 2.5000000000000004 2.5000000000000004 2.5000000000000004 2.5000000000000004 2.5000000000000004 2.5000000000000004 2.5000000000000004 2.5000000000000004 2.5000000000000004 2.5000000000000004 2.5000000000000004 2.5000000000000004 2.5000000000000004 2.5000000000000004 2.5000000000000004 2.5000000000000004 
0.091796875 2.5000000000000004 2.5000000000000004 2.5000000000000004 2.5000000000000004 2.5000000000000004 2.5000000000000004 2.5000000000000004 2.5000000000000004 2.5000000000000004 2.5000000000000004 2.5000000000000004 2.5000000000000004 2.5000000000000004 2.5000000000000004 2.5000000000000004 2.5000000000000004 2.5000000000000004 2.5000000000000004 2.5000000000000004 2.5000000000000004 2.5000000000000004 
0.095703125 2.5000000000000004 2.5000000000000004 2.5000000000000004 2.5000000000000004 2.5000000000000004 2.5000000000000004 2.5000000000000004 2.5000000000000004 2.5000000000000004 2.5000000000000004 2.5000000000000004 2.5000000000000004 2.5000000000000004 2.5000000000000004 2.5000000000000004 2.5000000000000004 2.5000000000000004 2.5000000000000004 2.5000000000000004 2.5000000000000004 2.500000000000011 
0.099609375 2.5000000000000004 2.5000000000000004 2.5000000000000004 2.5000000000000004 2.5000000000000004 2.5000000000000004 2.5000000000000004 2.5000000000000004 2.5000000000000004 2.5000000000000004 2.5000000000000004 2.5000000000000004 2.5000000000000004 2.5000000000000004 2.5000000000000004 2.5000000000000004 2.5000000000000004 2.5000000000000004 2.5000000000000004 2.5000000000000004 2.50000000000007 
0.103515625 2.5000000000000004 2.5000000000000004 2.5000000000000004 2.5000000000000004 2.5000000000000004 2.5000000000000004 2.5000000000000004 2.5000000000000004 2.5000000000000004 2.5000000000000004 2.5000000000000004 2.5000000000000004 2.5000000000000004 2.5000000000000004 2.5000000000000004 2.5000000000000004 2.5000000000000004 2.5000000000000004 2.5000000000000004 2.5000000000000004 2.5000000000000346 
0.107421875 2.5000000000000004 2.5000000000000004 2.5000000000000004 2.5000000000000004 2.5000000000000004 2.5000000000000004 2.5000000000000004 2.5000000000000004 2.5000000000000004 2.5000000000000004 2.5000000000000004 2.5000000000000004 2.5000000000000004 2.5000000000000004 2.5000000000000004 2.5000000000000004 2.5000000000000004 2.5000000000000004 2.5000000000000004 2.5000000000000013 2.4999999999996283 
0.111328125 2.5000000000000004 2.5000000000000004 2.5000000000000004 2.5000000000000004 2.5000000000000004 2.5000000000000004 2.5000000000000004 2.5000000000000004 2.5000000000000004 2.5000000000000004 2.5000000000000004 2.5000000000000004 2.5000000000000004 2.5000000000000004 2.5000000000000004 2.5000000000000004 2.5000000000000004 2.5000000000000004 2.5000000000000004 2.500000000000042 2.499999999999131 
0.115234375 2.5000000000000004 2.5000000000000004 2.5000000000000004 2.5000000000000004 2.5000000000000004 2.5000000000000004 2.5000000000000004 2.5000000000000004 2.5000000000000004 2.5000000000000004 2.5000000000000004 2.5000000000000004 2.5000000000000004 2.5000000000000004 2.5000000000000004 2.5000000000000004 2.5000000000000004 2.5000000000000004 2.5000000000000004 2.5000000000000635 2.500000000000017 
0.119140625 2.5000000000000004 2.5000000000000004 2.5000000000000004 2.5000000000000004 2.5000000000000004 2.5000000000000004 2.5000000000000004 2.5000000000000004 2.5000000000000004 2.5000000000000004 2.5000000000000004 2.5000000000000004 2.5000000000000004 2.5000000000000004 2.5000000000000004 2.5000000000000004 2.5000000000000004 2.5000000000000004 2.5000000000000004 2.499999999999814 2.5000000000031393 
0.123046875 2.5000000000000004 2.5000000000000004 2.5000000000000004 2.5000000000000004 2.5000000000000004 2.5000000000000004 2.5000000000000004 2.5000000000000004 2.5000000000000004 2.5000000000000004 2.5000000000000004 2.5000000000000004 2.5000000000000004 2.5000000000000004 2.5000000000000004 2.5000000000000004 2.5000000000000004 2.5000000000000004 2.500000000000018 2.499999999999291 2.500000000003905 
0.126953125 2.5000000000000004 2.5000000000000004 2.5000000000000004 2.5000000000000004 2.5000000000000004 2.5000000000000004 2.5000000000000004 2.5000000000000004 2.5000000000000004 2.5000000000000004 2.5000000000000004 2.5000000000000004 2.5000000000000004 2.5000000000000004 2.5000000000000004 2.5000000000000004 2.5000000000000004 2.5000000000000004 2.500000000000059 2.4999999999995364 2.4999999999927853 
0.130859375 2.5000000000000004 2.5000000000000004 2.5000000000000004 2.5000000000000004 2.5000000000000004 2.5000000000000004 2.5000000000000004 2.5000000000000004 2.5000000000000004 2.5000000000000004 2.5000000000000004 2.5000000000000004 2.5000000000000004 2.5000000000000004 2.5000000000000004 2.5000000000000004 2.5000000000000004 2.5000000000000004 2.4999999999999383 2.500000000001927 2.499999999974273 
0.134765625 2.5000000000000004 2.5000000000000004 2.5000000000000004 2.5000000000000004 2.5000000000000004 2.5000000000000004 2.5000000000000004 2.5000000000000004 2.5000000000000004 2.5000000000000004 2.5000000000000004 2.5000000000000004 2.5000000000000004 2.5000000000000004 2.5000000000000004 2.5000000000000004 2.5000000000000004 2.5000000000000013 2.499999999999499 2.500000000004136 2.4999999999906293 
0.138671875 2.5000000000000004 2.5000000000000004 2.5000000000000004 2.5000000000000004 2.5000000000000004 2.5000000000000004 2.5000000000000004 2.5000000000000004 2.5000000000000004 2.5000000000000004 2.5000000000000004 2.5000000000000004 2.5000000000000004 2.5000000000000004 2.5000000000000004 2.5000000000000004 2.5000000000000004 2.5000000000000364 2.499999999999337 2.499999999997633 2.5000000000840354 
0.142578125 2.5000000000000004 2.5000000000000004 2.5000000000000004 2.5000000000000004 2.5000000000000004 2.5000000000000004 2.5000000000000004 2.5000000000000004 2.5000000000000004 2.5000000000000004 2.5000000000000004 2.5000000000000004 2.5000000000000004 2.5000000000000004 2.5000000000000004 2.5000000000000004 2.5000000000000004 2.5000000000000013 2.5000000000008766 2.4999999999799956 2.5000000001577583 
0.146484375 2.5000000000000004 2.5000000000000004 2.5000000000000004 2.5000000000000004 2.5000000000000004 2.5000000000000004 2.5000000000000004 2.5000000000000004 2.5000000000000004 2.5000000000000004 2.5000000000000004 2.5000000000000004 2.5000000000000004 2.5000000000000004 2.5000000000000004 2.5000000000000004 2.5000000000000004 2.4999999999997 2.500000000003569 2.4999999999808713 2.4999999999198232 
0.150390625 2.5000000000000004 2.5000000000000004 2.5000000000000004 2.5000000000000004 2.5000000000000004 2.5000000000000004 2.5000000000000004 2.5000000000000004 2.5000000000000004 2.5000000000000004 2.5000000000000004 2.5000000000000004 2.5000000000000004 2.5000000000000004 2.5000000000000004 2.5000000000000004 2.5000000000000107 2.499999999999348 2.500000000000902 2.50000000005016 2.4999999992988395 
0.154296875 2.5000000000000004 2.5000000000000004 2.5000000000000004 2.5000000000000004 2.5000000000000004 2.5000000000000004 2.5000000000000004 2.5000000000000004 2.5000000000000004 2.5000000000000004 2.5000000000000004 2.5000000000000004 2.5000000000000004 2.5000000000000004 2.5000000000000004 2.5000000000000004 2.500000000000019 2.500000000000113 2.4999999999864606 2.5000000001452105 2.4999999992315347 
0.158203125 2.5000000000000004 2.5000000000000004 2.5000000000000004 2.5000000000000004 2.5000000000000004 2.5000000000000004 2.5000000000000004 2.5000000000000004 2.5000000000000004 2.5000000000000004 2.5000000000000004 2.5000000000000004 2.5000000000000004 2.5000000000000004 2.5000000000000004 2.5000000000000004 2.499999999999854 2.5000000000025793 2.4999999999774287 2.5000000000202762 2.5000000013472214 
0.162109375 2.5000000000000004 2.5000000000000004 2.5000000000000004 2.5000000000000004 2.5000000000000004 2.5000000000000004 2.5000000000000004 2.5000000000000004 2.5000000000000004 2.5000000000000004 2.5000000000000004 2.5000000000000004 2.5000000000000004 2.5000000000000004 2.5000000000000004 2.5000000000000013 2.499999999999486 2.500000000002618 2.5000000000219185 2.49999999948431 2.500000004816146 
0.166015625 2.5000000000000004 2.5000000000000004 2.5000000000000004 2.5000000000000004 2.5000000000000004 2.5000000000000004 2.5000000000000004 2.5000000000000004 2.5000000000000004 2.5000000000000004 2.5000000000000004 2.5000000000000004 2.5000000000000004 2.5000000000000004 2.5000000000000004 2.5000000000000067 2.4999999999996705 2.499999999992501 2.5000000001191167 2.499999999156888 2.500000002809065 
0.169921875 2.5000000000000004 2.5000000000000004 2.5000000000000004 2.5000000000000004 2.5000000000000004 2.5000000000000004 2.5000000000000004 2.5000000000000004 2.5000000000000004 2.5000000000000004 2.5000000000000004 2.5000000000000004 2.5000000000000004 2.5000000000000004 2.5000000000000004 2.4999999999999494 2.500000000001498 2.49999999997885 2.5000000000847344 2.5000000006206107 2.499999987746122 
0.173828125 2.5000000000000004 2.5000000000000004 2.5000000000000004 2.5000000000000004 2.5000000000000004 2.5000000000000004 2.5000000000000004 2.5000000000000004 2.5000000000000004 2.5000000000000004 2.5000000000000004 2.5000000000000004 2.5000000000000004 2.5000000000000004 2.5000000000000004 2.499999999999668 2.500000000003045 2.5000000000012492 2.49999999966558 2.500000003999864 2.499999970712738 
0.177734375 2.5000000000000004 2.5000000000000004 2.5000000000000004 2.5000000000000004 2.5000000000000004 2.5000000000000004 2.5000000000000004 2.5000000000000004 2.5000000000000004 2.5000000000000004 2.5000000000000004 2.5000000000000004 2.5000000000000004 2.5000000000000004 2.5000000000000013 2.499999999999515 2.4999999999972955 2.5000000000862532 2.499999999189494 2.5000000039531245 2.4999999938107043 
0.181640625 2.5000000000000004 2.5000000000000004 2.5000000000000004 2.5000000000000004 2.5000000000000004 2.5000000000000004 2.5000000000000004 2.5000000000000004 2.5000000000000004 2.5000000000000004 2.5000000000000004 2.5000000000000004 2.5000000000000004 2.5000000000000004 2.499999999999993 2.500000000000586 2.4999999999833453 2.500000000115404 2.5000000000503837 2.4999999920481684 2.500000087446647 
0.185546875 2.5000000000000004 2.5000000000000004 2.5000000000000004 2.5000000000000004 2.5000000000000004 2.5000000000000004 2.5000000000000004 2.5000000000000004 2.5000000000000004 2.5000000000000004 2.5000000000000004 2.5000000000000004 2.5000000000000004 2.5000000000000004 2.4999999999998295 2.5000000000025877 2.4999999999887463 2.4999999998252 2.500000003070604 2.4999999736223906 2.500000166114795 
0.189453125 2.5000000000000004 2.5000000000000004 2.5000000000000004 2.5000000000000004 2.5000000000000004 2.5000000000000004 2.5000000000000004 2.5000000000000004 2.5000000000000004 2.5000000000000004 2.5000000000000004 2.5000000000000004 2.5000000000000004 2.5000000000000013 2.49999999999956 2.500000000000433 2.50000000005295 2.499999999301959 2.500000004481159 2.4999999850394685 2.499999996866142 
0.193359375 2.5000000000000004 2.5000000000000004 2.5000000000000004 2.5000000000000004 2.5000000000000004 2.5000000000000004 2.5000000000000004 2.5000000000000004 2.5000000000000004 2.5000000000000004 2.5000000000000004 2.5000000000000004 2.5000000000000004 2.500000000000001 2.499999999999978 2.499999999989091 2.500000000117847 2.4999999996531037 2.49999999583528 2.500000065184725 2.499999462395793 
0.197265625 2.5000000000000004 2.5000000000000004 2.5000000000000004 2.5000000000000004 2.5000000000000004 2.5000000000000004 2.5000000000000004 2.5000000000000004 2.5000000000000004 2.5000000000000004 2.5000000000000004 2.5000000000000004 2.5000000000000004 2.499999999999939 2.500000000001709 2.4999999999836984 2.499999999950528 2.5000000021245357 2.4999999775687236 2.500000157409016 2.4999990716154854 
0.201171875 2.5000000000000004 2.5000000000000004 2.5000000000000004 2.5000000000000004 2.5000000000000004 2.5000000000000004 2.5000000000000004 2.5000000000000004 2.5000000000000004 2.5000000000000004 2.5000000000000004 2.5000000000000004 2.5000000000000004 2.4999999999997025 2.500000000001921 2.5000000000243094 2.4999999994629207 2.500000004464952 2.4999999791291083 2.5000000476661937 2.5000000208798085 
0.205078125 2.5000000000000004 2.5000000000000004 2.5000000000000004 2.5000000000000004 2.5000000000000004 2.5000000000000004 2.5000000000000004 2.5000000000000004 2.5000000000000004 2.5000000000000004 2.5000000000000004 2.5000000000000004 2.5000000000000013 2.4999999999997002 2.499999999994513 2.5000000001001106 2.4999999994283657 2.4999999989402193 2.500000044106609 2.4999995679944655 2.500002851297136 
0.208984375 2.5000000000000004 2.5000000000000004 2.5000000000000004 2.5000000000000004 2.5000000000000004 2.5000000000000004 2.5000000000000004 2.5000000000000004 2.5000000000000004 2.5000000000000004 2.5000000000000004 2.5000000000000004 2.499999999999989 2.500000000000808 2.4999999999843654 2.5000000000349654 2.5000000012500943 2.499999982162949 2.500000142827101 2.499999101181212 2.5000050660227258 
0.212890625 2.5000000000000004 2.5000000000000004 2.5000000000000004 2.5000000000000004 2.5000000000000004 2.5000000000000004 2.5000000000000004 2.5000000000000004 2.5000000000000004 2.5000000000000004 2.5000000000000004 2.5000000000000004 2.4999999999998472 2.5000000000021094 2.500000000003597 2.499999999640374 2.5000000040108663 2.4999999760258804 2.500000087156311 2.4999997848466187 2.5000007528193944 
0.216796875 2.5000000000000004 2.5000000000000004 2.5000000000000004 2.5000000000000004 2.5000000000000004 2.5000000000000004 2.5000000000000004 2.5000000000000004 2.5000000000000004 2.5000000000000004 2.5000000000000004 2.500000000000001 2.4999999999996705 2.4999999999985585 2.5000000000714704 2.4999999993587556 2.5000000012510117 2.500000025095448 2.4999996722069056 2.500002389040318 2.499986111764898 
0.220703125 2.5000000000000004 2.5000000000000004 2.5000000000000004 2.5000000000000004 2.5000000000000004 2.5000000000000004 2.5000000000000004 2.5000000000000004 2.5000000000000004 2.5000000000000004 2.5000000000000004 2.500000000000001 2.500000000000152 2.499999999988418 2.500000000078481 2.500000000519887 2.499999986991643 2.5000001235698774 2.4999991559981427 2.500004911629567 2.499969640071365 
0.224609375 2.5000000000000004 2.5000000000000004 2.5000000000000004 2.5000000000000004 2.5000000000000004 2.5000000000000004 2.5000000000000004 2.5000000000000004 2.5000000000000004 2.5000000000000004 2.5000000000000004 2.499999999999948 2.5000000000015374 2.4999999999919056 2.4999999998054507 2.5000000032526337 2.4999999755225053 2.5000001147670763 2.4999995877862693 2.5000016657988393 2.499975682037222 
0.228515625 2.5000000000000004 2.5000000000000004 2.5000000000000004 2.5000000000000004 2.5000000000000004 2.5000000000000004 2.5000000000000004 2.5000000000000004 2.5000000000000004 2.5000000000000004 2.5000000000000004 2.49999999999977 2.500000000000814 2.5000000000408735 2.4999999994118682 2.5000000027233154 2.500000008931557 2.4999997716846463 2.5000019250705314 2.499988093202931 2.50002547514997 
0.232421875 2.5000000000000004 2.5000000000000004 2.5000000000000004 2.5000000000000004 2.5000000000000004 2.5000000000000004 2.5000000000000004 2.5000000000000004 2.5000000000000004 2.5000000000000004 2.5000000000000013 2.4999999999998264 2.4999999999934857 2.5000000000871836 2.499999999982996 2.4999999916437217 2.500000101067523 2.4999992332720944 2.5000046696942197 2.499971073887809 2.5000933420167337 
0.236328125 2.5000000000000004 2.5000000000000004 2.5000000000000004 2.5000000000000004 2.5000000000000004 2.5000000000000004 2.5000000000000004 2.5000000000000004 2.5000000000000004 2.5000000000000004 2.499999999999994 2.5000000000007536 2.499999999988251 2.4999999999361813 2.500000002339896 2.499999977254307 2.500000130377053 2.499999433283219 2.5000024564459293 2.499974123632745 2.500061405426454 
0.240234375 2.5000000000000004 2.5000000000000004 2.5000000000000004 2.5000000000000004 2.5000000000000004 2.5000000000000004 2.5000000000000004 2.5000000000000004 2.5000000000000004 2.5000000000000004 2.4999999999998916 2.500000000001472 2.5000000000154246 2.4999999995445545 2.5000000033888217 2.4999999962318493 2.4999998630581035 2.5000014691635517 2.4999900713834093 2.5000205779854334 2.4996871157387894 
0.244140625 2.5000000000000004 2.5000000000000004 2.5000000000000004 2.5000000000000004 2.5000000000000004 2.5000000000000004 2.5000000000000004 2.5000000000000004 2.5000000000000004 2.5000000000000004 2.4999999999997744 2.4999999999977334 2.500000000071836 2.499999999658962 2.4999999957438575 2.5000000769371975 2.4999993293080323 2.5000043448281164 2.4999727243210255 2.5000898449146383 2.498534390999706 
0.248046875 2.5000000000000004 2.5000000000000004 2.5000000000000004 2.5000000000000004 2.5000000000000004 2.5000000000000004 2.5000000000000004 2.5000000000000004 2.5000000000000004 2.500000000000001 2.500000000000153 2.4999999999900933 2.5000000000205502 2.500000001422611 2.4999999807081386 2.5000001343994778 2.49999932409513 2.5000031123711532 2.499972850514174 2.5000692670333535 2.4958273359643948 
0.251953125 2.5000000000000004 2.5000000000000004 2.5000000000000004 2.5000000000000004 2.5000000000000004 2.5000000000000004 2.5000000000000004 2.5000000000000004 2.5000000000000004 2.499999999999972 2.500000000001141 2.49999999999914 2.4999999997094493 2.50000000335702 2.49999998738459 2.499999943087612 2.5000010319565225 2.4999920244915392 2.500015664394075 2.499719600282992 2.4901201950758214 
0.255859375 2.5000000000000004 2.5000000000000004 2.5000000000000004 2.5000000000000004 2.5000000000000004 2.5000000000000004 2.5000000000000004 2.5000000000000004 2.5000000000000004 2.499999999999852 2.5000000000002136 2.5000000000453215 2.4999999995350435 2.499999998990687 2.5000000529119033 2.4999994394643705 2.500003943879505 2.499974587852407 2.500085798342124 2.4986052505285845 2.4788670074104417 
0.259765625 2.5000000000000004 2.5000000000000004 2.5000000000000004 2.5000000000000004 2.5000000000000004 2.5000000000000004 2.5000000000000004 2.5000000000000004 2.500000000000001 2.49999999999988 2.4999999999942766 2.5000000000579568 2.5000000006321765 2.4999999852490147 2.500000127859694 2.499999261844315 2.500003621738716 2.499971893117707 2.5000762683609308 2.4959467193608442 2.459784460593653 
0.263671875 2.5000000000000004 2.5000000000000004 2.5000000000000004 2.5000000000000004 2.5000000000000004 2.5000000000000004 2.5000000000000004 2.5000000000000004 2.5000000000000004 2.500000000000506 2.4999999999924736 2.499999999863135 2.5000000028070555 2.49999998248545 2.50000000886362 2.500000624803861 2.4999939275993466 2.500010771062127 2.499751574442457 2.4902870711142753 2.4330662207289273 
0.267578125 2.5000000000000004 2.5000000000000004 2.5000000000000004 2.5000000000000004 2.5000000000000004 2.5000000000000004 2.5000000000000004 2.5000000000000004 2.4999999999999485 2.500000000000966 2.5000000000194693 2.499999999568546 2.5000000011960117 2.500000030733786 2.4999995581539105 2.5000034763567713 2.499976657502821 2.500081196706962 2.4986768806535093 2.478984272297236 2.400569333293631 
0.271484375 2.5000000000000004 2.5000000000000004 2.5000000000000004 2.5000000000000004 2.5000000000000004 2.5000000000000004 2.5000000000000004 2.5000000000000004 2.4999999999998623 2.4999999999981117 2.5000000000583085 2.5000000000617506 2.49999999016918 2.5000001124482627 2.4999992466469796 2.5000039737871953 2.4999712836153165 2.500082353720737 2.496068652772466 2.4594487527202737 2.3643914402304915 
0.275390625 2.5000000000000004 2.5000000000000004 2.5000000000000004 2.5000000000000004 2.5000000000000004 2.5000000000000004 2.5000000000000004 2.500000000000001 2.50000000000005 2.499999999992856 2.4999999999745244 2.5000000019669995 2.4999999812851375 2.500000058061838 2.5000002595168405 2.499995752324919 2.5000059406980357 2.4997829841456323 2.490457122308344 2.431715499662322 2.3261993646063126 
0.279296875 2.5000000000000004 2.5000000000000004 2.5000000000000004 2.5000000000000004 2.5000000000000004 2.5000000000000004 2.5000000000000004 2.4999999999999956 2.5000000000006817 2.5000000000020774 2.4999999996955165 2.5000000023183664 2.5000000120069625 2.4999996789219354 2.5000029548976643 2.4999789218268447 2.500076036239112 2.4987493651435284 2.479107166020117 2.3977424462945702 2.2870921320507183 
0.283203125 2.5000000000000004 2.5000000000000004 2.5000000000000004 2.5000000000000004 2.5000000000000004 2.5000000000000004 2.5000000000000004 2.4999999999999383 2.500000000000187 2.5000000000382743 2.4999999997497726 2.4999999947627876 2.500000090527235 2.4999992766826624 2.5000041595687637 2.4999710558416885 2.500087461421511 2.4961936042071846 2.459093991974701 2.359805948394328 2.2477211716875805 
0.287109375 2.5000000000000004 2.5000000000000004 2.5000000000000004 2.5000000000000004 2.5000000000000004 2.5000000000000004 2.5000000000000004 2.4999999999999103 2.499999999996252 2.5000000000311577 2.5000000010790675 2.4999999831641926 2.5000000892534042 2.499999947932615 2.499997466519377 2.500001223422903 2.499813768378067 2.4906310155688027 2.430254248367732 2.3197258551197004 2.2084602528750312 
0.291015625 2.5000000000000004 2.5000000000000004 2.5000000000000004 2.5000000000000004 2.5000000000000004 2.5000000000000004 2.5000000000000004 2.500000000000199 2.4999999999952003 2.4999999998459073 2.5000000024808826 2.4999999980100336 2.4999997946451 2.50000239575912 2.4999813635665302 2.5000703156652313 2.4988227957425115 2.4792362038348466 2.394653097849691 2.2787000754044433 2.169529705987593 
0.294921875 2.5000000000000004 2.5000000000000004 2.5000000000000004 2.5000000000000004 2.5000000000000004 2.5000000000000004 2.4999999999999902 2.5000000000005875 2.5000000000151927 2.499999999672534 2.4999999984249106 2.5000000650572547 2.499999347721359 2.5000041729915163 2.4999712450309923 2.500091522092736 2.4963221067808203 2.4587185249391013 2.3547706270987843 2.237433802072841 2.1310659195076305 
0.298828125 2.5000000000000004 2.5000000000000004 2.5000000000000004 2.5000000000000004 2.5000000000000004 2.5000000000000004 2.4999999999999427 2.4999999999992006 2.500000000040549 2.5000000003531118 2.499999987156906 2.500000102256676 2.4999997012394477 2.4999990340543343 2.499996678610542 2.4998438576238975 2.4908096361587364 2.4286671245659925 2.3126022396895767 2.196327624527788 2.0931565350832586 
0.302734375 2.5000000000000004 2.5000000000000004 2.5000000000000004 2.5000000000000004 2.5000000000000004 2.5000000000000004 2.4999999999999627 2.4999999999957514 2.499999999962761 2.5000000019602977 2.4999999894796896 2.499999897909201 2.5000018192702123 2.4999839578478436 2.500064037319118 2.4988972761229427 2.4793720095359704 2.3912605532064117 2.26945878730528 2.1556151676318613 2.0558588513585905 
0.306640625 2.5000000000000004 2.5000000000000004 2.5000000000000004 2.5000000000000004 2.5000000000000004 2.5000000000000004 2.5000000000002522 2.500000000000647 2.4999999997523634 2.5000000007644663 2.5000000394036546 2.4999994526546763 2.500004012274715 2.4999718872063843 2.500094456441782 2.4964547738191167 2.4583205189186965 2.349212827553852 2.226106180208374 2.1154396004696387 2.019210380041108 
0.310546875 2.5000000000000004 2.5000000000000004 2.5000000000000004 2.5000000000000004 2.5000000000000004 2.4999999999999942 2.500000000000313 2.5000000000243783 2.4999999999171147 2.4999999920503853 2.5000000984920927 2.49999952896431 2.5000004148445654 2.499992377316335 2.4998731713544124 2.4909941498138215 2.4269356466783365 2.304722244491253 2.182974796359394 2.0758920097022946 1.9832353571040908 
0.314453125 2.5000000000000004 2.5000000000000004 2.5000000000000004 2.5000000000000004 2.5000000000000004 2.499999999999961 2.499999999998534 2.500000000019185 2.5000000011340946 2.499999986397861 2.4999999816372127 2.500001250132538 2.4999866697727486 2.5000572089684296 2.4989729272342593 2.4795153645702146 2.387514873930266 2.259229526704063 2.1403127360589624 2.0370312783851534 1.9479489067604527 
0.318359375 2.5000000000000004 2.5000000000000004 2.5000000000000004 2.5000000000000004 2.5000000000000004 2.5000000000000036 2.4999999999968097 2.49999999988527 2.5000000017055877 2.5000000169755134 2.49999958113013 2.500003681951574 2.4999730179546535 2.5000961722960287 2.4965923203469065 2.45789794701211 2.3430429985801697 2.213569536595051 2.098270383813386 1.9988954050347012 1.9133597554800088 
0.322265625 2.5000000000000004 2.5000000000000004 2.5000000000000004 2.5000000000000004 2.5000000000000004 2.500000000000215 2.500000000006211 2.4999999997821147 2.4999999965815443 2.500000081256793 2.499999437514828 2.500001565348568 2.499988405461244 2.499901614013811 2.491186083779822 2.4250373155351173 2.295954749301542 2.1682058678274085 2.0569423737489383 1.9615084418090736 1.8794720251006514 
0.326171875 2.5000000000000004 2.5000000000000004 2.5000000000000004 2.5000000000000004 2.499999999999998 2.5000000000000586 2.5000000000240514 2.5000000003807714 2.499999987848098 2.5000000400392213 2.50000071735075 2.499989451236192 2.500049846817169 2.499049894333426 2.479667286145948 2.3833541006204926 2.2478413047072063 2.123402412334992 2.016389111114506 1.9248849014884275 1.8462864258000058 
0.330078125 2.5000000000000004 2.5000000000000004 2.5000000000000004 2.5000000000000004 2.4999999999999836 2.499999999998491 2.4999999999837597 2.500000001531741 2.5000000006648033 2.4999997194776498 2.5000031955633166 2.4999746701300514 2.500096560764462 2.4967355939168687 2.457448578405835 2.3361493987159734 2.1996163119932897 2.0793172265320097 1.9766489302194685 1.8890326046800914 1.8138010450409146 
0.333984375 2.5000000000000004 2.5000000000000004 2.5000000000000004 2.5000000000000004 2.5000000000000084 2.499999999998517 2.499999999846145 2.499999999732285 2.5000000557651196 2.4999994281813045 2.5000024399758924 2.499984867946964 2.4999290686273397 2.4913874346616467 2.4229444149084802 2.2861360168309672 2.151780560864929 2.03604857323664 1.9377454936828125 1.8539545360582799 1.7820118550784152 
0.337890625 2.5000000000000004 2.5000000000000004 2.5000000000000004 2.5000000000000004 2.500000000000129 2.500000000008775 2.499999999951051 2.499999992051285 2.5000000699169482 2.5000002534034262 2.4999922368066447 2.5000419804485943 2.499128355935686 2.4798291529455736 2.3787003158024307 2.235080899047212 2.1046152059254353 1.9936582765808843 1.8996924523485414 1.8196500522190557 1.7509130193127245 
0.341796875 2.5000000000000004 2.5000000000000004 2.5000000000000004 2.5000000000000004 2.4999999999999596 2.5000000000156106 2.5000000008117227 2.4999999921102587 2.4999998512591417 2.500002579140633 2.4999768697072957 2.50009549136598 2.496885619261916 2.456969980712773 2.328390672394838 2.183988327277266 2.0582864519437156 1.9521848009292233 1.862496418910805 1.7861156502045454 1.720497054382951 
0.345703125 2.5000000000000004 2.5000000000000004 2.5000000000000004 2.4999999999999982 2.499999999998915 2.49999999995559 2.500000001064197 2.5000000287082287 2.499999494598671 2.500002994145881 2.499981893825407 2.4999553866093307 2.491600815849598 2.420622341722353 2.275058797580548 2.133400942053106 2.012896241387971 1.9116511425311993 1.8261588673705675 1.7533454289832233 1.6907548930622225 
0.349609375 2.5000000000000004 2.5000000000000004 2.5000000000000004 2.5000000000000036 2.4999999999996465 2.499999999868149 2.4999999967231723 2.5000000722219067 2.499999891989825 2.49999493862168 2.5000336610042875 2.4992085347258923 2.4800029100810224 2.3734540242502935 2.220678909074398 2.0836188114955867 1.9685076580872118 1.8720697424218073 1.790677325285333 1.7213313341246346 1.6616758880997942 
0.353515625 2.5000000000000004 2.5000000000000004 2.5000000000000004 2.500000000000054 2.5000000000075504 2.5000000001647793 2.4999999909535506 2.499999958963458 2.5000018753664417 2.499979628446311 2.500092806076943 2.497043663722062 2.456459547620897 2.319585204460817 2.1663603552328605 2.0348167837288655 1.9251590117975006 1.8334455633138966 1.7560460843795054 1.6900632548106729 1.6332477958022111 
0.357421875 2.5000000000000004 2.5000000000000004 2.5000000000000004 2.4999999999999902 2.500000000006435 2.5000000009285515 2.500000007014896 2.4999996199599437 2.5000031902600854 2.4999796424135146 2.4999803713978825 2.491829666031656 2.418027230513757 2.2624567355187204 2.112693116007752 1.9871004895510742 1.88287224271208 1.7957779906266405 1.7222565774050096 1.6595290335163932 1.6054567775667343 
0.361328125 2.5000000000000004 2.5000000000000004 2.5000000000000004 2.4999999999994733 2.4999999999505715 2.499999999848415 2.5000000534352624 2.4999996633000237 2.499997440647097 2.500024974837302 2.499290709909587 2.480191408410961 2.3674859365401955 2.2042898925036174 2.059998037977783 1.940534033280926 1.841658064869737 1.759061954388488 1.6892975303097255 1.629714446173833 1.5782874553127704 
0.365234375 2.5000000000000004 2.5000000000000004 2.5000000000000004 2.499999999999833 2.4999999999250235 2.499999994522965 2.5000000275283094 2.5000011477193707 2.4999829310823443 2.500088312618519 2.497211334382573 2.455914578202319 2.309495484148976 2.1463168800946897 2.008459126518743 1.8951551597740908 1.8015190905517278 1.7232885231342816 1.6571549824969503 1.600603209516846 1.551723050838437 
0.369140625 2.5000000000000004 2.5000000000000004 2.500000000000002 2.5000000000042144 2.5000000002832112 2.499999995606511 2.499999774997867 2.5000030086275906 2.4999783095235846 2.500003751849682 2.492078556490553 2.415102489006476 2.2479815217310395 2.0891815566766625 1.958185648883651 1.8509841626535881 1.7624516524716285 1.6884451472697124 1.6258122632104308 1.5721770684004146 1.5257456285155833 
0.373046875 2.5000000000000004 2.5000000000000004 2.5000000000000058 2.5000000000025002 2.5000000006904184 2.5000000256860293 2.499999585383815 2.4999995937795068 2.5000160665652538 2.4993752290125433 2.4803989771528174 2.360624620362259 2.1854634384597658 2.033227678018937 1.9092423632414137 1.8080291869170622 1.7244467644479202 1.6545156985261353 1.5952500098257392 1.544416005953651 1.5003364456903134 
0.376953125 2.5000000000000004 2.5000000000000004 2.4999999999998885 2.4999999999667577 2.4999999986838017 2.5000000501569954 2.5000004823903623 2.499986713216294 2.500081778393131 2.497390724235667 2.4553324619221084 2.2978044999368543 2.1233185394153438 1.9786489430915537 1.8616658099850283 1.7662892826904575 1.68749051953004 1.621480442596964 1.5654463071225744 1.5172986018007937 1.475476397742834 
0.380859375 2.5000000000000004 2.5000000000000004 2.4999999999997917 2.499999999967246 2.4999999946269473 2.499999919279342 2.500002466276328 2.4999781309609217 2.500025138238858 2.4923536657526717 2.4117735994916596 2.23116852465014 2.0622524592488625 1.9255581067349434 1.81547364258299 1.7257560057735417 1.6515641646435517 1.5893160778461597 1.5363770092468958 1.4908025394128244 1.4511465277305442 
0.384765625 2.5000000000000004 2.5000000000000004 2.500000000001032 2.500000000241758 2.500000003649851 2.4999996504985087 2.5000012162355745 2.5000071784480626 2.4994625133155535 2.48063241379389 2.3526373391465993 2.1636009773069995 2.0026343438395235 1.8740199734529965 1.7706699168764153 1.686414086836078 1.6166440703615699 1.5579959608109297 1.5080162766210117 1.4649052363102595 1.4273285578744546 
0.388671875 2.5000000000000004 2.5000000000000004 2.500000000001921 2.5000000003611142 2.500000035309347 2.4999999823370618 2.4999908239412933 2.500072929564438 2.4975846345797605 2.454711085614907 2.2840789568968636 2.0966525610257514 1.944668149004637 1.8240687540160256 1.7272478464008474 1.6482415710117888 1.5827018082025588 1.5274906081779054 1.4803373199388483 1.439584546216081 1.4040053926536769 
0.392578125 2.5000000000000004 2.5000000000000004 2.4999999999894555 2.499999998413042 2.5000000107925757 2.5000016464788546 2.4999793749768635 2.5000439479994876 2.492663550586268 2.407940054073289 2.2113834880139147 2.031100410715455 1.8884697690586907 1.775717570301577 1.6851909626908679 1.611209788765857 1.5497045213904217 1.4977685150968978 1.453313300740091 1.4148194651959831 1.381161543436634 
0.396484375 2.5000000000000004 2.4999999999999862 2.4999999999811067 2.4999999965048914 2.499999808627396 2.500002110976437 2.499998718016314 2.499553040938262 2.4809027484306285 2.343199186888114 2.1378894531746693 1.9673420350315354 1.834102897521743 1.7289633676651475 1.6444733767226982 1.5752835056621017 1.5176157245120032 1.4687972600979284 1.426918302255457 1.3905907665264896 1.358783427365975 
0.400390625 2.5000000000000004 2.499999999999973 2.500000000099148 2.500000008864245 2.499999741352517 2.4999949659414975 2.500061468507302 2.497796915137101 2.454049726447977 2.267709796366672 2.0653577336046345 1.9055922095361975 1.7815971137574012 1.6837889892727114 1.6050597641807216 1.5404215446041043 1.4863965709339197 1.4405448039535746 1.4011282618789787 1.3668814928073816 1.336859503507602 
0.404296875 2.5000000000000004 2.5000000000002 2.500000000185093 2.500000029570434 2.500000735865979 2.4999823007937767 2.5000592779809825 2.493020463433396 2.403462347391417 2.1877369174394543 1.9946492778379679 1.8459690802825472 1.7309569790780193 1.6401636847166747 1.5669056480701946 1.5065780900881218 1.4560075178214427 1.412980830912384 1.3759217544757474 1.3436772400904982 1.3153802193536739 
0.408203125 2.5000000000000004 2.500000000000154 2.4999999991346855 2.499999962745413 2.5000021282080076 2.499991372237072 2.499647263317076 2.4812285106182483 2.3318411063369924 2.107196156353783 1.9261936445753842 1.7885325883149545 1.682165874010898 1.5980431268278004 1.529958478474942 1.4737046817499782 1.4264102107833407 1.3860779670400096 1.3512805208207734 1.3209661916679831 1.2943377652413581 
0.412109375 2.5000000000000004 2.499999999996855 2.4999999981863166 2.4999997799208433 2.4999986139458743 2.500047148109155 2.49803297948996 2.453351087595615 2.24781169761227 2.02810781518363 1.8602167298930326 1.7333022980592439 1.6351870230395278 1.5573699625972466 1.4941597978820111 1.4417527710143283 1.3975693282008723 1.3598127002494351 1.3271896617314567 1.2987388722582933 1.2737256600200528 
0.416015625 2.5000000000000004 2.5000000000001443 2.500000006833127 2.500000037581293 2.499987022621344 2.500069683009973 2.4934427139813025 2.398139941475102 2.1589408278031392 1.9514327477665798 1.7968363060168608 1.6802648637838846 1.5899635518872524 1.5180757397667448 1.4594484585773204 1.4106764385612098 1.3694541362398251 1.3341658654485955 1.3036374438591 1.2769876584185644 1.2535382297532867 
0.419921875 2.5000000000000004 2.5000000000433733 2.5000000171515144 2.500001326951793 2.499986282845876 2.499745327753791 2.481642081150279 2.3178576127793757 2.0698959470919642 1.8776373020418768 1.7361014553887606 1.6293760119704142 1.5464196769601661 1.480084574144035 1.4257645720819394 1.3804349420744597 1.3420394607412225 1.30912258783664 1.2806147230551395 1.2557060923350845 1.2337700685545243 
0.423828125 2.5000000000000004 2.499999999969637 2.4999999519150204 2.5000009689410936 2.500030016555534 2.498300551096735 2.452626106564875 2.2230440757864436 1.9830253218489733 1.8069569766832685 1.678008006379493 1.5805608253041565 1.5044640637775302 1.443318517544309 1.3930534366727385 1.3509945341531078 1.3153059616437188 1.2846716468075459 1.2581140769210861 1.2348881649013008 1.2144155721494414 
0.427734375 2.5000000000000004 2.49999999945108 2.4999998428297485 2.4999931336336507 2.5000728057080894 2.4939590866906656 2.3916723556398796 2.1230569980058585 1.8994120659430742 1.7395004950672008 1.6225022877293496 1.5337161719918608 1.463996557058566 1.4077035834859755 1.3612689740044228 1.3223293405764824 1.2892394718720088 1.2608043743859143 1.2361287855149568 1.2145276477185645 1.1954686378236237 
0.431640625 2.5000000000000004 2.500000000645078 2.500000262204399 2.4999852094688957 2.499846219321095 2.4822027972136906 2.3001303097539445 2.023576458076659 1.8195633200742378 1.6752849782286996 1.5694826831527169 1.488716962129898 1.424916845503588 1.3731755692216063 1.330375473458351 1.2944209340479842 1.2638296722465763 1.2375132415277954 1.2146519587712277 1.1946176956779149 1.1769225660956812 
0.435546875 2.5000000000000004 2.5000000063402674 2.5000012454128475 2.50001117042959 2.4986105661882005 2.451906807209317 2.1912728629108913 1.927377227193755 1.7437154990535515 1.614246386067174 1.5188033934210514 1.4454288170719898 1.3871341934719827 1.3396840676802348 1.3003481811688131 1.2672565856847111 1.2390680680172759 1.2147906036191165 1.1936758440554267 1.1751506864906593 1.1587702730789264 
0.439453125 2.5000000000000004 2.4999999900864625 2.4999988758931617 2.5000648869209114 2.4946173613954934 2.383583348259788 2.0770280204219516 1.835698361861255 1.6719349672184278 1.5562400136954468 1.470288767718204 1.4037217878011705 1.3505754478962613 1.3071939223582436 1.2711706446029696 1.2408267997154314 1.2149462241646567 1.192627730075324 1.1731918108043586 1.1561185358934678 1.1410048216362407 
0.443359375 2.5000000000000004 2.4999999299234115 2.4999900497396217 2.4999450996834436 2.4830262267844008 2.276768174332237 1.964513650504513 1.7490807385591054 1.60414714891364 1.5010518292680244 1.423754917000303 1.363487883019753 1.3151886959289814 1.2756836942824359 1.242832313788489 1.2151220796636664 1.1914542738593579 1.1710146527922862 1.15319046284561 1.1375134426459363 1.1236204245401809 
0.447265625 2.5000000000000004 2.5000001098854483 2.499994904998207 2.4989773160870317 2.4512837137264425 2.1488623566995653 1.8570762167415629 1.6677137283825576 1.5401325385154672 1.4484282503639925 1.3790357769545933 1.324646377256312 1.2809440186167813 1.24514009010148 1.2153224527276176 1.1901316390390873 1.1685806590808219 1.149940683839185 1.1336632261226105 1.119329248472138 1.1066137149333217 
0.451171875 2.5000000000000004 2.5000006758987596 2.5000411177635007 2.495500397525063 2.3730629943201715 2.015770999670843 1.7561422334364771 1.5915117021364555 1.4795691477013118 1.3981119897614371 1.3360076682402597 1.2871538025973217 1.247824587354054 1.215553311826666 1.188629275573183 1.1658414961137602 1.146313151423374 1.1293959593463034 1.114603486793909 1.1015633488127228 1.0899852285639844 
0.455078125 2.5000000000000004 2.499998770354138 2.5000254245688556 2.484356705594651 2.2442816678599153 1.8866786239461792 1.6622363807026521 1.5201281434346086 1.4220627079210089 1.349904578602976 1.294592321598195 1.2509855660601346 1.2158208491364901 1.1869072702727157 1.1627364195900975 1.14223830537027 1.124640620158621 1.109374597390557 1.0960104547901033 1.0842184421689196 1.0737407755400645 
0.458984375 2.5000000000000004 2.499992536064793 2.499411471268575 2.451034805336738 2.0890685799437665 1.7659110175549184 1.5752472278416478 1.4530309530685337 1.3672848615644053 1.303666385358202 1.2547654557788894 1.2161353890915592 1.184916003481116 1.1591877364000462 1.137627560166102 1.1193088362040229 1.1035584619356693 1.0898773330725968 1.0778899658451764 1.0673047544555687 1.0578927295519733 
0.462890625 2.5000000000000004 2.5000043062145707 2.4967439337476294 2.35860892006309 1.9301751270819338 1.6547759227276153 1.4946366724265534 1.3896181951976039 1.3149762799252027 1.2593583241828872 1.2165059167605157 1.18258549174725 1.1550894731422323 1.1323675728412854 1.1132914813682975 1.097052511730155 1.0830714737227747 1.0709178639724009 1.0602593215667204 1.050840800636468 1.0424614728394639 
0.466796875 2.5000000000000004 2.5000437420845705 2.486762127573622 2.195378529406024 1.780163785050559 1.5536311768867952 1.4193831344395034 1.32947914605383 1.2650606334508514 1.2169621992580275 1.1798263847466686 1.150305774742926 1.126318064097015 1.106449993501199 1.0897273424950351 1.0754796085899232 1.0632031890347822 1.0525198223875734 1.0431457291600654 1.034856393614858 1.0274762542291052 
0.470703125 2.5000000000000004 2.4998735029875996 2.452280446992 1.9980496655281743 1.6440873729786867 1.4609611371147249 1.3486613500168785 1.2723086522411922 1.2175357003709026 1.1764818141926106 1.1446433163871372 1.1192850728584323 1.0985955366834745 1.0814223201200863 1.06696789087773 1.0546314039611748 1.0439927415500962 1.034730342600174 1.0265927564600554 1.019392387330304 1.0129768529853207 
0.474609375 2.5000000000000004 2.498474416079284 2.338174848227823 1.8017386769563488 1.523442905804451 1.3752700020490365 1.2819222203051206 1.218276317891803 1.1723480575401979 1.137885829349586 1.1110225149466142 1.0895000187570625 1.071957279630706 1.0573733307028517 1.0450655447372146 1.034571373238619 1.025507792158171 1.0176046515672623 1.010661757636274 1.0045087403063153 0.999019367751232 
0.478515625 2.5000000000000004 2.4914002989832364 2.1078497053223626 1.6296939382059803 1.4148330053277136 1.2953122489216418 1.219198092449575 1.1671506809436927 1.1296580909945755 1.1011154276291357 1.0788436751387827 1.0610703393433991 1.0464771661869043 1.0343614567195842 1.0241529721129794 1.0154029593329466 1.0078481618245971 1.001257490830398 0.995448589799256 0.9902988576413151 0.9856987261578464 
0.482421875 2.5000000000000004 2.4578722709868006 1.8510555055633147 1.4784276958859883 1.3157647377278012 1.220213152550703 1.1605930074233306 1.1194802389398386 1.0891429688965946 1.0663895807890866 1.0485094059849513 1.0341188469102909 1.0224286656865793 1.012640758288319 1.0043653151793401 0.9973083515810695 0.9911865496606967 0.9858351720407071 0.9811284109929921 0.9769441046950332 0.9732099225515486 
0.486328125 2.5000000000000004 2.313084911123479 1.595550603540588 1.3453317691702666 1.2196815208291911 1.1520119792142494 1.10639947127957 1.07437052010582 1.0515541301947888 1.0339480820895188 1.0200783462860765 1.0091125368734555 1.0000259640527078 0.9924742479289043 0.9860927332788996 0.9805845938105244 0.9758477887739399 0.9716982149589488 0.9680312888761199 0.9648028031478743 0.9619324025560646 
0.490234375 2.5000000000000004 1.973688482118337 1.3946470654541445 1.2308284488897987 1.143947518932056 1.0897980556380757 1.0577758444564167 1.0346305447571458 1.0171460974578144 1.004912846935579 0.9946218707147657 0.986582957786253 0.9801193364034281 0.9744556010590899 0.9697513533899034 0.9658286344736083 0.9623541477438077 0.9593617500524825 0.9567795921196156 0.9545033142440212 0.9525297719285662 
0.494140625 2.5000000000000004 1.5367957110559454 1.2603181782845558 1.1327950165391099 1.0663318919049225 1.0374290860222912 1.0140804499142413 0.9990662945386135 0.9885281407706351 0.9793488085219004 0.9729725992249306 0.9676954296971443 0.9629388772681069 0.9594957530841758 0.956479083201812 0.9538190832349671 0.9516732566943803 0.9498096659370496 0.9482212321429145 0.946914040745748 0.9458010426611251 
0.498046875 2.5000000000000004 1.2545462856550205 1.0965766403600747 1.0349818031455238 1.0107880128754807 0.9904687754656213 0.9800140878949446 0.9712616376836072 0.964823844411427 0.9603163053313273 0.9561505910374298 0.9530783180882938 0.9509206169756561 0.9486613143458609 0.9469820569947588 0.9457562136002302 0.9446084368048288 0.9438074785212205 0.9431513315377641 0.9426046755404344 0.9421957431812349 
0.501953125 0.25000000000000006 0.9798805132684327 0.9842459666221387 0.9619413694763226 0.9671604213911528 0.9599891255953169 0.9530326700337856 0.9524157421848668 0.9491154950639266 0.945999313593348 0.9458887821397722 0.9442192814556397 0.9429811102179191 0.9427657081791876 0.9421012129996513 0.9416832791755537 0.9414469914376803 0.9411714231840508 0.9410373686728822 0.9409274818156829 0.9408655356736895 
0.505859375 0.25000000000000006 0.9269029450330606 0.9343974054729067 0.9449562455431597 0.938180574813649 0.9442013044630021 0.9433800794941649 0.9402453287860212 0.9417338380506552 0.9411297778373835 0.940531480365894 0.9407047349831099 0.9404311004342774 0.9404005560389324 0.9404547076387246 0.9403983772906134 0.940489868684609 0.9405388372969569 0.9406222279542285 0.9407048226497012 0.9407888703108661 
0.509765625 0.25000000000000006 0.9246410523909865 0.9252888241846429 0.9372507251655643 0.9359572362540131 0.9354445757278722 0.9384079852558769 0.9377427872791088 0.9383804989107201 0.9393433776570602 0.939382944689335 0.9397615830829115 0.9399850969392322 0.9402413845773984 0.9404724206470034 0.9405743129257191 0.9407679270924016 0.9408917500938382 0.9410170805353895 0.9411432217461737 0.9412334001616328 
0.513671875 0.25000000000000006 0.8573941715971922 0.9120998839252558 0.9393033890573266 0.9351524860492751 0.9341612004021426 0.9379153253946897 0.9380680679656339 0.9389623321777004 0.9401831446684452 0.9399477008300701 0.9404952692852353 0.9408826077312087 0.9409475352122619 0.941247349802696 0.9413062541772074 0.9414290704745746 0.9415469166578835 0.941579963474161 0.9416588844133853 0.9416724776451422 
0.517578125 0.25000000000000006 0.5038780251632683 0.9001353947158779 0.9333247296263362 0.9366741730479561 0.9373627760659695 0.9403184205462745 0.9411215472591243 0.9408282511594325 0.9418585019125991 0.9413552753154665 0.9416247495360218 0.9420552339552946 0.9417271833713741 0.9419208044425342 0.9419683228929344 0.9418664335371818 0.9419138078382949 0.9418190861401736 0.9417702649015174 0.9416894691781671 
0.521484375 0.25000000000000006 0.27849169040910066 0.8925439313426154 0.923097221027441 0.9411012417524048 0.9417149902828704 0.9428771101181894 0.9442821306993358 0.9423811486289715 0.942705230294359 0.9426390524538696 0.942278865865976 0.9424551053072785 0.9420824269583388 0.9419547590758056 0.9419626513088044 0.9417012520093299 0.9416031091831825 0.941439838802255 0.9412651161826421 0.9411242429460697 
0.525390625 0.25000000000000006 0.25281882466815586 0.8905796475980838 0.9119622220984961 0.9420946713293289 0.9442968993778078 0.9423477738300753 0.9444266010411027 0.9430297788060312 0.9422061894205987 0.9425455385243924 0.9420211689799932 0.9417457497153654 0.9415645633043153 0.9412402538399646 0.9411587040984519 0.9409120558090646 0.9407055828511162 0.9405648770955605 0.9403671273137378 0.9402346623644172 
0.529296875 0.25000000000000006 0.2502539869508114 0.870114078097436 0.8961973893821645 0.9366112372565129 0.9427429979224166 0.9400945955826985 0.9417449498563224 0.9416823267894445 0.9407655407264078 0.9412354840363726 0.9408256415085466 0.9403536144533337 0.9404764448864595 0.9401781231185155 0.9400136083975671 0.9399310237445314 0.939719144023222 0.9396605788433665 0.9395453901476846 0.9394702358875208 
0.533203125 0.25000000000000006 0.24996139278214233 0.721495334227407 0.8743794836866006 0.9208229683815147 0.9370789649117207 0.9382399355473373 0.9385872099594361 0.9400766630654496 0.9396492401076896 0.9395990341231956 0.9395796703406074 0.9392704164132113 0.9394305350640269 0.9393288541521925 0.9391547737156933 0.9392540697264904 0.9391680365842343 0.939172373938772 0.9392054104892388 0.9392180833848582 
0.537109375 0.25000000000000006 0.24999501376797065 0.376747858562776 0.8676999664793984 0.8987914516495923 0.9307974400041618 0.9365006888005657 0.9379983696242157 0.9389596430628242 0.9391430151547858 0.9388052132706913 0.9389005219962058 0.9389731258112975 0.9389813144102382 0.9390775497055782 0.9390488546202511 0.9391822004480329 0.939295924329445 0.9393578850525851 0.9394923468299722 0.9395975059931683 
0.541015625 0.25000000000000006 0.2500062066338579 0.2618200606700033 0.8699968217705554 0.8815488074078348 0.9211527730332807 0.9362442551457691 0.9376754101438632 0.9386716776157167 0.9393714464884922 0.9390206909048369 0.938924109016775 0.9394813261323097 0.9393694714386392 0.9394615023851947 0.9396764526405685 0.9397579015451697 0.9399641429942758 0.9400694437918736 0.9402066957918799 0.9403598402765907 
0.544921875 0.25000000000000006 0.25000073754182495 0.25109208507428143 0.8628029214570934 0.869878244038102 0.908414835544912 0.9353918963213976 0.9380089743860266 0.9389288272475027 0.9395174313151482 0.9399107428084131 0.9397412234790969 0.9402419272628695 0.9402187742671454 0.9402593404516745 0.9406149098470473 0.9406147258918494 0.9407750485562951 0.9409232742895782 0.9409872344590984 0.9411241556387552 
0.548828125 0.25000000000000006 0.2499994782055132 0.2500334704992984 0.8150255597918118 0.8621349264893577 0.8933732283942424 0.9292334461167555 0.9382646936638528 0.9395460873118748 0.9398621226080252 0.9410144947128336 0.9408702161493042 0.9408527899398687 0.9411738200433926 0.9411021243162785 0.9413462233572931 0.941386320717468 0.9413908774734199 0.9415366852086953 0.941531105431143 0.9415778460304884 
0.552734375 0.25000000000000006 0.2499999699610388 0.24997467415737812 0.5690620891070226 0.8643305178098925 0.8798299107148054 0.9140935290950796 0.9370907188741036 0.9403968273778576 0.9405482839388789 0.9416688001257671 0.9419405237043643 0.941271469237594 0.9417383336200227 0.9417175759402039 0.9416298240032795 0.9417665979958099 0.941643807882421 0.9416956710000942 0.941691351348025 0.9416198635910016 
0.556640625 0.25000000000000006 0.2500000484642157 0.25000633299619657 0.3021393049159543 0.8674784275254326 0.8724064833599494 0.8977058890489964 0.931715268988719 0.9406344174691167 0.9411755471129809 0.9417078081415736 0.9424410187090178 0.9414794350122797 0.9417872077127918 0.941926250540819 0.9414995396885668 0.9416733054063143 0.9415769615410451 0.9414731326115774 0.9415104321226688 0.9413857552932345 
0.560546875 0.25000000000000006 0.2500000006047127 0.25000376767952565 0.2547454230887048 0.8657798089354677 0.8660352761959833 0.8819095415496777 0.9201720937083224 0.9391773526797244 0.9412766864472044 0.9410184115838449 0.9420454657796843 0.941609941020541 0.941399739663191 0.94164968450135 0.9412411061451658 0.941311351233828 0.941334121411892 0.941130926958475 0.9411937828338081 0.9411175468360113 
0.564453125 0.25000000000000006 0.24999999620873 0.24999925840308332 0.2504400917525748 0.8474528677509566 0.8625863332224237 0.8705952531950225 0.9042999818994029 0.9345918401696072 0.9404387354879078 0.9402141357596818 0.9411522843921766 0.9415847972615058 0.9409371944937182 0.9411622021200736 0.9410751376496298 0.9409487442956449 0.9410936938375563 0.9409394183354982 0.9409562527552873 0.9410000619067075 
0.568359375 0.25000000000000006 0.250000000168966 0.24999967401335393 0.24997105417676507 0.7308238556954821 0.864726044150002 0.8706367538468368 0.8882117531030913 0.9248400742195337 0.9387074520015091 0.9397211132225454 0.9403230954704541 0.9414642731010315 0.940791288511947 0.9407493425013637 0.9410841020255136 0.9408541547457246 0.9409804629959126 0.9410107247657277 0.9409549964795617 0.9410875422923917 
0.572265625 0.25000000000000006 0.2500000002722958 0.2500001109362295 0.2499910111341061 0.40689610251004815 0.8678184083463217 0.8719512738306823 0.8773080888023496 0.9099242324219708 0.936072896216486 0.9395092282423404 0.9400671947140364 0.9412605456236748 0.941019102808746 0.9407604408437344 0.941226334706398 0.9410641176854646 0.9410763872489786 0.9412764209934784 0.9411892861134571 0.9413009453129418 
0.576171875 0.25000000000000006 0.24999999997229655 0.2500000319206586 0.25000724666732715 0.26635089542293067 0.8683792853620731 0.8714678260701771 0.8697135021755227 0.8936600307450913 0.9302765218636371 0.9393820245875125 0.9400894284418457 0.9410340033211847 0.9414852395381526 0.9411934707262437 0.9413836976384214 0.9414397340610519 0.941343098426293 0.9415348733979957 0.9415004967713149 0.9415014496849868 
0.580078125 0.25000000000000006 0.24999999998292563 0.2499999868949514 0.25000112645859396 0.25161463115871585 0.8608600300878865 0.8692779893797604 0.8659195228548692 0.8778376033666144 0.9175242815783624 0.9383583648521787 0.9402272087415007 0.9409121335645538 0.9417694711874843 0.941740766090859 0.9415131905277174 0.9416828241043425 0.9416150722631127 0.9416283653868963 0.9416747684726228 0.9415717845740217 
0.583984375 0.25000000000000006 0.2500000000029501 0.2499999972413669 0.24999925902972522 0.250099324921274 0.8122006441663325 0.8684720213099282 0.867312877383111 0.8708779169417342 0.9003372889556734 0.9338723892220425 0.9400050238554506 0.9408165812164976 0.9417367475048992 0.9420400336955768 0.9415449002251131 0.9416410375426747 0.9417074375404784 0.9415132769182467 0.9415787539799131 0.9414791321469864 
0.587890625 0.25000000000000006 0.250000000000919 0.2500000014705569 0.24999997269322805 0.2499669147590082 0.5708079202966053 0.8689440784505762 0.870565910721903 0.8708160058878697 0.88488070832742 0.922500302426188 0.938573333629001 0.9405809852906527 0.9413466673148491 0.941792997126086 0.9415169761656146 0.9413573036375926 0.9414974516047945 0.9412926189431559 0.9412783087865586 0.9412682818225402 
0.591796875 0.25000000000000006 0.24999999999975053 0.2500000002241469 0.25000008953289693 0.2500033680031245 0.30435686137561896 0.8687867406485406 0.8737923129706108 0.870268373104932 0.8742527804264827 0.9068742026020129 0.9346677561394124 0.939833444564375 0.9407620233925825 0.9411506969930623 0.9414107958213287 0.9410684652886099 0.9411127037016842 0.941100446087541 0.9409720258676745 0.9410452961522362 
0.595703125 0.25000000000000006 0.24999999999995995 0.24999999984723761 0.24999999598527312 0.2500051567885929 0.2551435445341335 0.8652188585753965 0.8750071421974636 0.8690553409813644 0.8670605220283286 0.8900813283742363 0.9267502319870689 0.9383987395153358 0.9401379954976031 0.940493810186848 0.9412420565015405 0.9409906246985908 0.9407688410905469 0.9410119442276004 0.9408660530804702 0.9409095371948626 
0.599609375 0.25000000000000006 0.25000000000001743 0.24999999998412803 0.2499999903889686 0.24999961975000137 0.2504983566639289 0.8441742389870864 0.8736311515763245 0.8683163365628189 0.8663083175254513 0.8759756544485374 0.9129654934780937 0.935969007124991 0.9395720017493024 0.9401937163094706 0.9410240668451977 0.941119088735069 0.9407095751230856 0.9410177407405165 0.9409927478647184 0.9409210669162068 
0.603515625 0.25000000000000006 0.25000000000000067 0.2500000000149786 0.2500000012654372 0.24999954259500412 0.24997346010990107 0.7219515187356274 0.8717541090014286 0.8693027220601499 0.8681867750377218 0.8720541361558763 0.8966697880663946 0.9303090841174066 0.9388987407087024 0.9401965930658478 0.9407885344150972 0.9413317976748619 0.940973489296559 0.9410565674292255 0.9412229815604419 0.94106823229794 
0.607421875 0.25000000000000006 0.2499999999999987 0.25000000000089323 0.2500000010109452 0.2500000887218608 0.24998823673448012 0.40019800731479843 0.869962117278793 0.8723960970707998 0.8707127025900362 0.8704888648932949 0.882985248263697 0.9182764189832298 0.9373103069675689 0.9402259750127254 0.9405936233279174 0.9413927201521692 0.9413808501728665 0.9411155999568007 0.9413652253187491 0.9412680332122646 
0.611328125 0.25000000000000006 0.25 0.24999999999861375 0.24999999978899431 0.2500000445854084 0.25000777262227014 0.265546408820529 0.8668418578190991 0.8754262215730624 0.872605979028456 0.8686375095962218 0.8725856899298406 0.9024544610051919 0.9330143778319643 0.9398376419795794 0.9404232619690607 0.9412379408159967 0.9416878610161479 0.9411987518706824 0.9413412146098252 0.9414168342789095 
0.615234375 0.25000000000000006 0.25 0.249999999999975 0.24999999989884705 0.24999998737502685 0.2500016717437223 0.2515506014853811 0.8561546535195564 0.875632866766558 0.8729640366798903 0.8674024694510439 0.8676904663441365 0.8860559221570886 0.9232659723194898 0.9384245354727992 0.9402242818496984 0.9409475946238837 0.9416813620890051 0.9413156646381379 0.9412174404242257 0.9414238491573712 
0.619140625 0.25000000000000006 0.25 0.2500000000001192 0.25000000002921785 0.24999999638011106 0.24999917166716307 0.2500918870646037 0.804223668001959 0.8740624582032963 0.8719001101800435 0.8679652592349897 0.8684302267835379 0.8751808939171408 0.9083937515871855 0.9350700596008298 0.93979787317845 0.9406143782762152 0.9413653138457376 0.9414243297112822 0.9411337098037734 0.9412962939323212 
0.623046875 0.25000000000000006 0.25 0.24999999999999553 0.2500000000096853 0.250000001693129 0.24999990450608128 0.2499671359279931 0.5590740637921086 0.8722958799371868 0.8710924214718546 0.8701414246481545 0.8700883271183246 0.8726272042350528 0.892912576892076 0.9275771571580824 0.9388058082098665 0.940244782725965 0.9409134752033358 0.9414410094754857 0.9411724632719951 0.9411207254277684 
0.626953125 0.25000000000000006 0.25 0.24999999999998895 0.24999999999637446 0.2500000002438326 0.25000010481020196 0.25000383066013887 0.3005517561703265 0.8699020071259317 0.8718271231920377 0.8728902958464776 0.8715261923848066 0.8704538398696052 0.879919893456076 0.9144625386043921 0.9365095637032613 0.9397636048453479 0.9405409617508649 0.9413252323009218 0.9412962728517607 0.9410442696205222 
0.630859375 0.25000000000000006 0.25 0.24999999999999983 0.24999999999911793 0.24999999979188164 0.2500000043744341 0.2500052282689934 0.254784662813106 0.8638610239938243 0.8732568424189486 0.8745938107904837 0.8719518359596266 0.8685199693465345 0.8702360746634045 0.8982295254581739 0.9311047612771529 0.9389607667371577 0.9403048610249545 0.9411107606859686 0.941416776757555 0.9411561661293837 
0.634765625 0.25000000000000006 0.25 0.2500000000000004 0.25000000000041445 0.24999999999204098 0.24999998839216275 0.24999955559024772 0.2504620626645026 0.8397958298625298 0.8738979052176206 0.8739011017624898 0.8714616211841781 0.8684796940430695 0.8684061893525923 0.8827569993596327 0.9198353713322786 0.9373206742442862 0.9400875129451369 0.9408907218696055 0.9414237115845697 0.9414016719937459 
0.638671875 0.25000000000000006 0.25 0.25 0.25000000000007266 0.25000000002428224 0.2500000003754518 0.24999951882173585 0.24997073637764014 0.7100193691119602 0.8737826039842813 0.872238900375702 0.8707597371919198 0.8700865609102404 0.8697603197391442 0.8749344111160017 0.9046250429087891 0.9334967785653592 0.9396086146787128 0.940668691976859 0.9412905057017957 0.9416245529013048 
0.642578125 0.25000000000000006 0.25 0.25 0.2499999999999529 0.24999999999880462 0.2500000012412175 0.2500000989763724 0.24998953357868156 0.390342193521024 0.8728526465173043 0.8707473379081264 0.8709035070009113 0.8723243549384849 0.8712539750456187 0.8718574399293267 0.889814962503491 0.9247774015207488 0.9383226525963312 0.9403760375678133 0.9410528828274412 0.9416274309008485 
0.646484375 0.25000000000000006 0.25 0.25 0.2499999999999925 0.24999999999729597 0.2499999998714982 0.2500000496780905 0.25000780052250565 0.2644513601236219 0.8697952963167025 0.8704011617335098 0.872049970553025 0.874125164296041 0.8720201769761204 0.8690545777281204 0.8769997442337685 0.9107821831161954 0.9351638620536776 0.9398103946765839 0.9407534376015586 0.9413557231221965 
0.650390625 0.25000000000000006 0.25 0.25 0.2500000000000039 0.25000000000034056 0.24999999987662305 0.24999998578658306 0.2500014824982056 0.25144102072208513 0.8582171365112108 0.8714615902091799 0.8730918181813014 0.8740797536126745 0.8719906495570161 0.8678458558376845 0.869466341033998 0.894431106683961 0.9281242366469092 0.938640185957985 0.9403915317313737 0.9409404461728381 
0.654296875 0.25000000000000006 0.25 0.25 0.2500000000000005 0.2500000000002848 0.250000000023272 0.24999999552034066 0.24999916970239963 0.25007846010642976 0.8006352249749059 0.8729525099255742 0.8730142598364641 0.8725999762205379 0.8717582460847446 0.8689442426069518 0.8694285230737747 0.8807538560263474 0.9156079965253736 0.9363385844181503 0.9399040428048133 0.9405853516325438 
0.658203125 0.25000000000000006 0.25 0.25 0.2499999999999997 0.24999999999993958 0.25000000001132056 0.2500000019291025 0.24999992575710067 0.24996835036236417 0.5424048219289372 0.8739602286327732 0.8719949262932897 0.8708841815768179 0.8718658697127526 0.8710751406693822 0.8705165114521419 0.8747939278181194 0.900749897675523 0.9313800666367786 0.9391251402899311 0.940354307750212 
0.662109375 0.25000000000000006 0.25 0.25 0.25 0.24999999999996894 0.2499999999965564 0.25000000037146725 0.25000010485230123 0.2500043594107442 0.29497817414350647 0.8733941591924786 0.8708300696586451 0.8698871462121877 0.8726007069545051 0.8733883220488788 0.8711978236958081 0.8709029689391272 0.8865742976516411 0.9211752307550686 0.9374911212162882 0.940123894068768 
0.666015625 0.25000000000000006 0.25 0.25 0.25 0.25000000000000716 0.24999999999907616 0.24999999975995618 0.2500000017198665 0.25000498288555706 0.2543038625606814 0.8683404799795696 0.8703473453565763 0.8703197708895104 0.8733608340704225 0.8745664098588464 0.8711745818186661 0.868169717028641 0.8743861514090315 0.9063157235110318 0.933636713537904 0.9395617275195945 
0.669921875 0.25000000000000006 0.25 0.25 0.25 0.2500000000000022 0.2500000000004546 0.24999999997509667 0.24999998827881292 0.24999949275048253 0.25041461969487794 0.8426695916980983 0.8712658189985087 0.871537425767318 0.8733095193096054 0.8737870585006076 0.8709775151278615 0.8682234891594288 0.870124838116533 0.8903385333171571 0.9251172217248981 0.9381662227644247 
0.673828125 0.25000000000000006 0.25 0.25 0.25 0.2499999999999986 0.25000000000005695 0.25000000002820744 0.2500000007135518 0.24999954839939223 0.2499674340144365 0.6989306569865708 0.8728440553263921 0.8725390945357484 0.8721784286564294 0.8724309126841003 0.8712071847158314 0.8698250069123363 0.870628846624247 0.8789763283207856 0.9116945892195896 0.935185602609114 
0.677734375 0.25000000000000006 0.25 0.25 0.25 0.24999999999999953 0.24999999999994155 0.2500000000008417 0.250000001278205 0.2500001034229454 0.2499911271839969 0.3778859112939759 0.8736967807561425 0.8726174948753366 0.8706813126119499 0.8713408644080228 0.8721070009461304 0.87190253916567 0.8711204658446219 0.8736139413800885 0.8970637574472167 0.9288937491540541 
0.681640625 0.25000000000000006 0.25 0.25 0.25 0.25 0.24999999999999714 0.24999999999686423 0.2499999998273765 0.2500000456438837 0.25000777983285116 0.2629505801593654 0.872173788065274 0.8718539685345074 0.8696660960147635 0.8711281425040717 0.8732854508466521 0.8736137371555601 0.8709857941571179 0.869518475244192 0.8829710410453194 0.9173810580523357 
0.685546875 0.25000000000000006 0.25 0.25 0.25 0.25 0.25000000000000566 0.25000000000011935 0.2499999998683397 0.24999998548315222 0.25000126642627607 0.2512842756687203 0.8610730487363722 0.8712069360641427 0.8699229176487019 0.8717209469678753 0.8737930224566208 0.8736414270278654 0.87059991522925 0.8681540196868613 0.8723989800912151 0.9020929256539822 
0.689453125 0.25000000000000006 0.25 0.25 0.25 0.25 0.24999999999999886 0.25000000000032546 0.2500000000290068 0.24999999603959255 0.24999917986804646 0.2500590675129623 0.7992426918683957 0.8715672329096819 0.8711883023721602 0.8723691518883709 0.8731547880065537 0.8724913393420172 0.8706801425661874 0.8692062496222527 0.8706360308841787 0.8871531779210405 
0.693359375 0.25000000000000006 0.25 0.25 0.25 0.25 0.2499999999999989 0.249999999999961 0.25000000001283057 0.25000000194352157 0.24999994591515856 0.2499703568959715 0.5290622672813787 0.8722929385572665 0.8725895557988905 0.8723916018470499 0.8719241355018956 0.8713737882567366 0.8715223038296697 0.8710694587423609 0.8709111440603476 0.8778636011530999 
0.697265625 0.25000000000000006 0.25 0.25 0.25 0.25 0.25 0.249999999999966 0.2499999999958299 0.25000000030401404 0.25000010186787347 0.2500051568086162 0.2903150856215321 0.8720568353119652 0.8730751349953096 0.871634466473938 0.8708322832934533 0.8710049238785906 0.8727366072627936 0.8728452040452779 0.8707890791604352 0.8722404584105925 
0.701171875 0.25000000000000006 0.25 0.25 0.25 0.25 0.25 0.250000000000005 0.2499999999988362 0.24999999975925596 0.24999999973985623 0.2500046116634408 0.253861818997109 0.8676549842996706 0.8724096861986038 0.8706852288728667 0.8706301828850905 0.8715224537520767 0.8735770530985034 0.8737380294163821 0.8703489566116192 0.8685869156686647 
0.705078125 0.25000000000000006 0.25 0.25 0.25 0.25 0.25 0.2500000000000019 0.25000000000054273 0.24999999998385242 0.24999998876528692 0.2499993986407209 0.25036598684718003 0.8419852881116833 0.8717166314156767 0.8703396808016168 0.8713859856430257 0.8723282383684414 0.8732574029954115 0.873014178457905 0.87028574027405 0.8685196108543558 
0.708984375 0.25000000000000006 0.25 0.25 0.25 0.25 0.25 0.2499999999999987 0.25000000000009076 0.2500000000283735 0.25000000088773927 0.24999958911134282 0.24996487782695853 0.6924708302134834 0.8715792668156019 0.8710448523157784 0.8724001831421218 0.8727282074663812 0.8721038089386136 0.8718863160323121 0.8711309466137499 0.8699332616353398 
0.712890625 0.25000000000000006 0.25 0.25 0.25 0.25 0.25 0.24999999999999958 0.24999999999993092 0.24999999999970604 0.25000000120525645 0.25000011003370115 0.24999298494720518 0.37134162103221596 0.8713074579283495 0.8721617683585963 0.8730030228510229 0.8723975349871667 0.8708662192337125 0.8712424404494324 0.8725002935077835 0.8716962817796883 
0.716796875 0.25000000000000006 0.25 0.25 0.25 0.25 0.25 0.25 0.2499999999999921 0.24999999999680872 0.24999999981341606 0.2500000407054499 0.25000764917465346 0.26211911970136464 0.8693070116346282 0.872678787519874 0.8726266458118322 0.8717243745524331 0.8702977577546825 0.8714374043658167 0.8737231462617564 0.8729602376662635 
0.720703125 0.25000000000000006 0.25 0.25 0.25 0.25 0.25 0.25 0.2500000000000068 0.25000000000026495 0.24999999987859967 0.24999998507124677 0.25000099685470695 0.25119046492840935 0.8582132985441363 0.8723048885383724 0.8715646688355001 0.8713391951385144 0.870878490931587 0.872049870181791 0.8738989006472814 0.8731398944824703 
0.724609375 0.25000000000000006 0.25 0.25 0.25 0.25 0.25 0.25 0.24999999999999967 0.2500000000003388 0.25000000002994066 0.24999999657879882 0.24999920356080887 0.2500475283504685 0.7956363185943467 0.871861467153665 0.8706562808957268 0.8716410662934011 0.8720287955169415 0.8724426777242432 0.8729336513123649 0.8723654097522336 
0.728515625 0.25000000000000006 0.25 0.25 0.25 0.25 0.25 0.25 0.24999999999999897 0.24999999999994238 0.2500000000114231 0.250000001948003 0.24999997291369982 0.24997196608114589 0.5229297207437331 0.8715191690424051 0.870641204320886 0.8723774993210045 0.8730308080857737 0.87220362362282 0.8715848454766236 0.8717294429002831 
0.732421875 0.25000000000000006 0.25 0.25 0.25 0.25 0.25 0.25 0.25 0.24999999999996342 0.24999999999578587 0.2500000002475038 0.25000009699608583 0.25000560978968245 0.28858726438043714 0.8703636662873118 0.8713100976485725 0.8729855271414271 0.8732775302631337 0.8715363558844326 0.8705827389767088 0.8717793964003229 
0.736328125 0.25000000000000006 0.25 0.25 0.25 0.25 0.25 0.25 0.25 0.2500000000000075 0.24999999999902633 0.2499999997631992 0.2499999969113238 0.25000429314987227 0.25369167484625876 0.8651954617023161 0.8718803405276436 0.8728404393096121 0.8727193150956039 0.87103078613696 0.8706280179335506 0.8723280020165275 
0.740234375 0.25000000000000006 0.25 0.25 0.25 0.25 0.25 0.25 0.25 0.2500000000000025 0.25000000000054334 0.24999999998939115 0.2499999894716621 0.2499993451192843 0.25034621908266097 0.8386032535770468 0.8721100188562275 0.8718846743280639 0.8719684406309477 0.8712247480900307 0.8715072119775639 0.8727646515997987 
0.744140625 0.25000000000000006 0.25 0.25 0.25 0.25 0.25 0.25 0.25 0.24999999999999836 0.2500000000000657 0.2500000000274324 0.25000000115666976 0.24999962763171954 0.24996415317187556 0.6857524534084136 0.8721733266564741 0.8708313709637343 0.8715959249340075 0.8720554131205439 0.8724768228029678 0.8726098257526176 
0.748046875 0.25000000000000006 0.25 0.25 0.25 0.25 0.25 0.25 0.25 0.24999999999999947 0.24999999999993128 0.2499999999992036 0.2500000011106053 0.25000011279438195 0.2499937720163429 0.3671971044794171 0.871667065690495 0.8703844021442834 0.8718484737421253 0.8729734668889758 0.872925008326892 0.871914620496567 
0.751953125 0.25000000000000006 0.25 0.25 0.25 0.25 0.25 0.25 0.25 0.25 0.24999999999999567 0.24999999999697095 0.24999999978955884 0.2500000356931989 0.2500075273900649 0.2616786084151814 0.8690887532707043 0.8706986320967545 0.8723629230159773 0.8733773423421864 0.8725758238408219 0.8711991502011157 
0.755859375 0.25000000000000006 0.25 0.25 0.25 0.25 0.25 0.25 0.25 0.25 0.2500000000000067 0.2500000000003059 0.24999999989022728 0.24999998506691257 0.2500008764772962 0.25114650899631497 0.856897519621022 0.871381371617454 0.8725569103005795 0.8729539705803743 0.8718755118339379 0.8710684376412469 
0.759765625 0.25000000000000006 0.25 0.25 0.25 0.25 0.25 0.25 0.25 0.25 0.24999999999999906 0.25000000000031425 0.2500000000317909 0.24999999717062785 0.2499992247003299 0.2500423335761041 0.790866602721604 0.87212936902819 0.8720996952556467 0.8721117730728124 0.8714263344574636 0.8716722809875672 
0.763671875 0.25000000000000006 0.25 0.25 0.25 0.25 0.25 0.25 0.25 0.25 0.24999999999999875 0.2499999999999398 0.25000000001008255 0.25000000190769583 0.24999998506299945 0.24997266585952116 0.5134510345257167 0.872481571584885 0.8713063621322524 0.871425629590585 0.8716070730958144 0.8725371281499231 
0.767578125 0.25000000000000006 0.25 0.25 0.25 0.25 0.25 0.25 0.25 0.25 0.25 0.24999999999996697 0.24999999999567865 0.2500000001802213 0.2500000930184468 0.2500057867115333 0.2862040069795009 0.8715081624693809 0.8706753319101436 0.8713687353613961 0.872232907702247 0.8730873680704568 
0.771484375 0.25000000000000006 0.25 0.25 0.25 0.25 0.25 0.25 0.25 0.25 0.25 0.2500000000000076 0.24999999999917155 0.24999999977210438 0.24999999565770226 0.2500041618371484 0.2534931309806326 0.8658602717258344 0.8706134420550194 0.8718575558457208 0.8727831867109971 0.8728686657996858 
0.775390625 0.25000000000000006 0.25 0.25 0.25 0.25 0.25 0.25 0.25 0.25 0.25 0.25000000000000194 0.25000000000054345 0.2499999999966452 0.24999999006597595 0.24999932794343216 0.25032547251517423 0.8371728147836545 0.8712410175952315 0.8723714504740196 0.8727971351603925 0.8720949484938185 
0.779296875 0.25000000000000006 0.25 0.25 0.25 0.25 0.25 0.25 0.25 0.25 0.25 0.24999999999999833 0.2500000000000509 0.2500000000259769 0.2500000012654779 0.24999964295193045 0.24996326218453305 0.6757487615315168 0.8720675796483692 0.8724636622092481 0.8722739250675381 0.8713248772937465 
0.783203125 0.25000000000000006 0.25 0.25 0.25 0.25 0.25 0.25 0.25 0.25 0.25 0.24999999999999947 0.2499999999999325 0.24999999999846026 0.2500000010275063 0.2500001129019249 0.24999450992874717 0.3599060811316813 0.872187389029529 0.8719726878830403 0.8716535503867247 0.8710691268948269 
0.787109375 0.25000000000000006 0.25 0.25 0.25 0.25 0.25 0.25 0.25 0.25 0.25 0.25 0.2499999999999971 0.2499999999971769 0.24999999978208304 0.2500000337338182 0.2500074707712484 0.2608816331159876 0.869924274542856 0.8712083695442692 0.8714115503691717 0.8715092980209983 
0.791015625 0.25000000000000006 0.25 0.25 0.25 0.25 0.25 0.25 0.25 0.25 0.25 0.25 0.2500000000000063 0.2500000000003775 0.2499999999010486 0.24999998524219164 0.25000078165240414 0.25106811199945567 0.8571471862594167 0.8708076346658138 0.8717228285087847 0.8722346811437075 
0.794921875 0.25000000000000006 0.25 0.25 0.25 0.25 0.25 0.25 0.25 0.25 0.25 0.25 0.24999999999999895 0.25000000000028777 0.25000000003196016 0.24999999739695802 0.2499992339680852 0.2500330351385282 0.7867669174343226 0.8711808556027139 0.8722903324532806 0.872727603789314 
0.798828125 0.25000000000000006 0.25 0.25 0.25 0.25 0.25 0.25 0.25 0.25 0.25 0.25 0.24999999999999883 0.24999999999993347 0.2500000000087443 0.25000000186263716 0.24999999329835385 0.24997393839288556 0.5016783714023395 0.8716108284079134 0.8726626301036535 0.872663245931477 
0.802734375 0.25000000000000006 0.25 0.25 0.25 0.25 0.25 0.25 0.25 0.25 0.25 0.25 0.25 0.24999999999997008 0.24999999999574393 0.2500000001553764 0.25000009124550626 0.250006153793233 0.2831509225682988 0.8709330683197652 0.872364167423343 0.8721964636137483 
0.806640625 0.25000000000000006 0.25 0.25 0.25 0.25 0.25 0.25 0.25 0.25 0.25 0.25 0.25 0.25000000000000794 0.24999999999932943 0.24999999978013593 0.2499999949298198 0.2500039513353435 0.25322114837088816 0.8655257426738759 0.8715574064269538 0.8717494009527722 
0.810546875 0.25000000000000006 0.25 0.25 0.25 0.25 0.25 0.25 0.25 0.25 0.25 0.25 0.25 0.25000000000000155 0.250000000000526 0.2499999999991409 0.24999999031559222 0.24999928829868223 0.25029490574101554 0.8358650712528288 0.8710706979093658 0.8716990612243465 
0.814453125 0.25000000000000006 0.25 0.25 0.25 0.25 0.25 0.25 0.25 0.25 0.25 0.25 0.25 0.24999999999999828 0.2500000000000332 0.25000000002473255 0.25000000131686734 0.24999966487401976 0.24996234095068767 0.6669108826672558 0.8711408480013406 0.8720960635410723 
0.818359375 0.25000000000000006 0.25 0.25 0.25 0.25 0.25 0.25 0.25 0.25 0.25 0.25 0.25 0.24999999999999953 0.24999999999993547 0.24999999999823855 0.25000000099450675 0.25000011523970084 0.24999569603808636 0.3533756033634191 0.8708713060852404 0.872509836545267 
0.822265625 0.25000000000000006 0.25 0.25 0.25 0.25 0.25 0.25 0.25 0.25 0.25 0.25 0.25 0.25 0.24999999999999883 0.24999999999735303 0.24999999978004156 0.25000003123537795 0.2500073382983171 0.26014262073910877 0.8685222492147172 0.872364980752369 
0.826171875 0.25000000000000006 0.25 0.25 0.25 0.25 0.25 0.25 0.25 0.25 0.25 0.25 0.25 0.25 0.25000000000000583 0.2500000000003927 0.2499999999050889 0.2499999851438849 0.25000062029133835 0.2509914983284702 0.855584213231005 0.8717806700365377 
0.830078125 0.25000000000000006 0.25 0.25 0.25 0.25 0.25 0.25 0.25 0.25 0.25 0.25 0.25 0.25 0.24999999999999858 0.2500000000002642 0.25000000003171763 0.24999999765521866 0.2499992531533351 0.25002406006997435 0.7824975353413347 0.8714251262517163 
0.833984375 0.25000000000000006 0.25 0.25 0.25 0.25 0.25 0.25 0.25 0.25 0.25 0.25 0.25 0.25 0.24999999999999886 0.24999999999993297 0.25000000000827816 0.2500000018549668 0.25000000850618126 0.2499754350320016 0.49267962690270756 0.8711485936316207 
0.837890625 0.25000000000000006 0.25 0.25 0.25 0.25 0.25 0.25 0.25 0.25 0.25 0.25 0.25 0.25 0.25 0.24999999999997277 0.24999999999582823 0.2500000001298281 0.2500000879608477 0.2500064906392713 0.2810103360144176 0.8699092430076841 
0.841796875 0.25000000000000006 0.25 0.25 0.25 0.25 0.25 0.25 0.25 0.25 0.25 0.25 0.25 0.25 0.25 0.25000000000000777 0.24999999999937939 0.24999999978274315 0.24999999343175047 0.25000368935027606 0.2530239588818598 0.8639895332133486 
0.845703125 0.25000000000000006 0.25 0.25 0.25 0.25 0.25 0.25 0.25 0.25 0.25 0.25 0.25 0.25 0.25 0.250000000000001 0.2500000000005096 0.250000000001475 0.2499999907529098 0.24999925249374386 0.2502718291820303 0.8330291285499934 
0.849609375 0.25000000000000006 0.25 0.25 0.25 0.25 0.25 0.25 0.25 0.25 0.25 0.25 0.25 0.25 0.25 0.2499999999999983 0.2500000000000281 0.25000000002427786 0.25000000145016493 0.24999969425642252 0.24996195770133828 0.6583041377710378 
0.853515625 0.25000000000000006 0.25 0.25 0.25 0.25 0.25 0.25 0.25 0.25 0.25 0.25 0.25 0.25 0.25 0.24999999999999964 0.24999999999993805 0.24999999999804856 0.2500000009396442 0.25000011670666605 0.24999661688861893 0.34812323978920656 
0.857421875 0.25000000000000006 0.25 0.25 0.25 0.25 0.25 0.25 0.25 0.25 0.25 0.25 0.25 0.25 0.25 0.25 0.2499999999999995 0.24999999999741737 0.24999999976906614 0.2500000276788823 0.2500071838262686 0.25957689463827505 
0.861328125 0.25000000000000006 0.25 0.25 0.25 0.25 0.25 0.25 0.25 0.25 0.25 0.25 0.25 0.25 0.25 0.25 0.2500000000000056 0.25000000000040484 0.24999999991148683 0.24999998519612934 0.2500004913349906 0.2509350278396538 
0.865234375 0.25000000000000006 0.25 0.25 0.25 0.25 0.25 0.25 0.25 0.25 0.25 0.25 0.25 0.25 0.25 0.25 0.24999999999999875 0.2500000000002563 0.2500000000324898 0.2499999980496904 0.24999927589649878 0.2500176005233073 
0.869140625 0.25000000000000006 0.25 0.25 0.25 0.25 0.25 0.25 0.25 0.25 0.25 0.25 0.25 0.25 0.25 0.25 0.24999999999999897 0.24999999999993286 0.25000000000757155 0.25000000182288284 0.2500000206785413 0.24997658223528038 
0.873046875 0.25000000000000006 0.25 0.25 0.25 0.25 0.25 0.25 0.25 0.25 0.25 0.25 0.25 0.25 0.25 0.25 0.25 0.24999999999997408 0.24999999999579056 0.2500000000875006 0.2500000841539144 0.2500067118787704 
0.876953125 0.25000000000000006 0.25 0.25 0.25 0.25 0.25 0.25 0.25 0.25 0.25 0.25 0.25 0.25 0.25 0.25 0.25 0.25000000000000794 0.24999999999945308 0.24999999978891554 0.24999999225029565 0.25000349242948766 
0.880859375 0.25000000000000006 0.25 0.25 0.25 0.25 0.25 0.25 0.25 0.25 0.25 0.25 0.25 0.25 0.25 0.25 0.25 0.25000000000000117 0.2500000000005092 0.25000000000579375 0.24999999127598782 0.24999923165227927 
0.884765625 0.25000000000000006 0.25 0.25 0.25 0.25 0.25 0.25 0.25 0.25 0.25 0.25 0.25 0.25 0.25 0.25 0.25 0.24999999999999836 0.25000000000002115 0.2500000000233387 0.2500000015483545 0.24999971613427846 
0.888671875 0.25000000000000006 0.25 0.25 0.25 0.25 0.25 0.25 0.25 0.25 0.25 0.25 0.25 0.25 0.25 0.25 0.25 0.24999999999999964 0.249999999999939 0.24999999999762937 0.25000000087148655 0.25000011687715623 
0.892578125 0.25000000000000006 0.25 0.25 0.25 0.25 0.25 0.25 0.25 0.25 0.25 0.25 0.25 0.25 0.25 0.25 0.25 0.25 0.25000000000000033 0.2499999999975441 0.249999999762371 0.2500000250491257 
0.896484375 0.25000000000000006 0.25 0.25 0.25 0.25 0.25 0.25 0.25 0.25 0.25 0.25 0.25 0.25 0.25 0.25 0.25 0.25 0.2500000000000055 0.25000000000044315 0.2499999999198256 0.24999998537491142 
0.900390625 0.25000000000000006 0.25 0.25 0.25 0.25 0.25 0.25 0.25 0.25 0.25 0.25 0.25 0.25 0.25 0.25 0.25 0.25 0.2499999999999987 0.2500000000002406 0.2500000000327012 0.24999999833862344 
0.904296875 0.25000000000000006 0.25 0.25 0.25 0.25 0.25 0.25 0.25 0.25 0.25 0.25 0.25 0.25 0.25 0.25 0.25 0.25 0.24999999999999897 0.2499999999999299 0.2500000000065979 0.2500000017781866 
0.908203125 0.25000000000000006 0.25 0.25 0.25 0.25 0.25 0.25 0.25 0.25 0.25 0.25 0.25 0.25 0.25 0.25 0.25 0.25 0.25 0.24999999999997588 0.24999999999582906 0.25000000005704265 
0.912109375 0.25000000000000006 0.25 0.25 0.25 0.25 0.25 0.25 0.25 0.25 0.25 0.25 0.25 0.25 0.25 0.25 0.25 0.25 0.25 0.25000000000000816 0.24999999999956227 0.24999999979652465 
0.916015625 0.25000000000000006 0.25 0.25 0.25 0.25 0.25 0.25 0.25 0.25 0.25 0.25 0.25 0.25 0.25 0.25 0.25 0.25 0.25 0.2500000000000009 0.2500000000004979 0.2500000000087885 
0.919921875 0.25000000000000006 0.25 0.25 0.25 0.25 0.25 0.25 0.25 0.25 0.25 0.25 0.25 0.25 0.25 0.25 0.25 0.25 0.25 0.24999999999999836 0.2500000000000093 0.250000000022216 
0.923828125 0.25000000000000006 0.25 0.25 0.25 0.25 0.25 0.25 0.25 0.25 0.25 0.25 0.25 0.25 0.25 0.25 0.25 0.25 0.25 0.24999999999999967 0.24999999999994088 0.24999999999735978 
0.927734375 0.25000000000000006 0.25 0.25 0.25 0.25 0.25 0.25 0.25 0.25 0.25 0.25 0.25 0.25 0.25 0.25 0.25 0.25 0.25 0.25 0.2500000000000015 0.24999999999769576 
0.931640625 0.25000000000000006 0.25 0.25 0.25 0.25 0.25 0.25 0.25 0.25 0.25 0.25 0.25 0.25 0.25 0.25 0.25 0.25 0.25 0.25 0.2500000000000052 0.25000000000046413 
0.935546875 0.25000000000000006 0.25 0.25 0.25 0.25 0.25 0.25 0.25 0.25 0.25 0.25 0.25 0.25 0.25 0.25 0.25 0.25 0.25 0.25 0.24999999999999864 0.2500000000002213 
0.939453125 0.25000000000000006 0.25 0.25 0.25 0.25 0.25 0.25 0.25 0.25 0.25 0.25 0.25 0.25 0.25 0.25 0.25 0.25 0.25 0.25 0.24999999999999897 0.2499999999999287 
0.943359375 0.25000000000000006 0.25 0.25 0.25 0.25 0.25 0.25 0.25 0.25 0.25 0.25 0.25 0.25 0.25 0.25 0.25 0.25 0.25 0.25 0.25 0.24999999999997827 
0.947265625 0.25000000000000006 0.25 0.25 0.25 0.25 0.25 0.25 0.25 0.25 0.25 0.25 0.25 0.25 0.25 0.25 0.25 0.25 0.25 0.25 0.25 0.25000000000000816 
0.951171875 0.25000000000000006 0.25 0.25 0.25 0.25 0.25 0.25 0.25 0.25 0.25 0.25 0.25 0.25 0.25 0.25 0.25 0.25 0.25 0.25 0.25 0.2500000000000007 
0.955078125 0.25000000000000006 0.25 0.25 0.25 0.25 0.25 0.25 0.25 0.25 0.25 0.25 0.25 0.25 0.25 0.25 0.25 0.25 0.25 0.25 0.25 0.24999999999999842 
0.958984375 0.25000000000000006 0.25 0.25 0.25 0.25 0.25 0.25 0.25 0.25 0.25 0.25 0.25 0.25 0.25 0.25 0.25 0.25 0.25 0.25 0.25 0.24999999999999967 
0.962890625 0.25000000000000006 0.25 0.25 0.25 0.25 0.25 0.25 0.25 0.25 0.25 0.25 0.25 0.25 0.25 0.25 0.25 0.25 0.25 0.25 0.25 0.25 
0.966796875 0.25000000000000006 0.25 0.25 0.25 0.25 0.25 0.25 0.25 0.25 0.25 0.25 0.25 0.25 0.25 0.25 0.25 0.25 0.25 0.25 0.25 0.25 
0.970703125 0.25000000000000006 0.25 0.25 0.25 0.25 0.25 0.25 0.25 0.25 0.25 0.25 0.25 0.25 0.25 0.25 0.25 0.25 0.25 0.25 0.25 0.25 
0.974609375 0.25000000000000006 0.25 0.25 0.25 0.25 0.25 0.25 0.25 0.25 0.25 0.25 0.25 0.25 0.25 0.25 0.25 0.25 0.25 0.25 0.25 0.25 
0.978515625 0.25000000000000006 0.25 0.25 0.25 0.25 0.25 0.25 0.25 0.25 0.25 0.25 0.25 0.25 0.25 0.25 0.25 0.25 0.25 0.25 0.25 0.25 
0.982421875 0.25000000000000006 0.25 0.25 0.25 0.25 0.25 0.25 0.25 0.25 0.25 0.25 0.25 0.25 0.25 0.25 0.25 0.25 0.25 0.25 0.25 0.25 
0.986328125 0.25000000000000006 0.25 0.25 0.25 0.25 0.25 0.25 0.25 0.25 0.25 0.25 0.25 0.25 0.25 0.25 0.25 0.25 0.25 0.25 0.25 0.25 
0.990234375 0.25000000000000006 0.25 0.25 0.25 0.25 0.25 0.25 0.25 0.25 0.25 0.25 0.25 0.25 0.25 0.25 0.25 0.25 0.25 0.25 0.25 0.25 
0.994140625 0.25000000000000006 0.25 0.25 0.25 0.25 0.25 0.25 0.25 0.25 0.25 0.25 0.25 0.25 0.25 0.25 0.25 0.25 0.25 0.25 0.25 0.25 
0.998046875 0.25000000000000006 0.25 0.25 0.25 0.25 0.25 0.25 0.25 0.25 0.25 0.25 0.25 0.25 0.25 0.25 0.25 0.25 0.25 0.25 0.25 0.25 
