0.001953125 1.0 1.0 1.0 1.0 1.0 1.0 1.0 1.0 1.0 1.0 1.0 1.0 1.0 1.0 1.0 1.0 1.0 1.0 1.0 1.0 1.0 
0.005859375 1.0 1.0 1.0 1.0 1.0 1.0 1.0 1.0 1.0 1.0 1.0 1.0 1.0 1.0 1.0 1.0 1.0 1.0 1.0 1.0 1.0 
0.009765625 1.0 1.0 1.0 1.0 1.0 1.0 1.0 1.0 1.0 1.0 1.0 1.0 1.0 1.0 1.0 1.0 1.0 1.0 1.0 1.0 1.0 
0.013671875 1.0 1.0 1.0 1.0 1.0 1.0 1.0 1.0 1.0 1.0 1.0 1.0 1.0 1.0 1.0 1.0 1.0 1.0 1.0 1.0 1.0 
0.017578125 1.0 1.0 1.0 1.0 1.0 1.0 1.0 1.0 1.0 1.0 1.0 1.0 1.0 1.0 1.0 1.0 1.0 1.0 1.0 1.0 1.0 
0.021484375 1.0 1.0 1.0 1.0 1.0 1.0 1.0 1.0 1.0 1.0 1.0 1.0 1.0 1.0 1.0 1.0 1.0 1.0 1.0 1.0 1.0 
0.025390625 1.0 1.0 1.0 1.0 1.0 1.0 1.0 1.0 1.0 1.0 1.0 1.0 1.0 1.0 1.0 1.0 1.0 1.0 1.0 1.0 1.0 
0.029296875 1.0 1.0 1.0 1.0 1.0 1.0 1.0 1.0 1.0 1.0 1.0 1.0 1.0 1.0 1.0 1.0 1.0 1.0 1.0 1.0 1.0 
0.033203125 1.0 1.0 1.0 1.0 1.0 1.0 1.0 1.0 1.0 1.0 1.0 1.0 1.0 1.0 1.0 1.0 1.0 1.0 1.0 1.0 1.0 
0.037109375 1.0 1.0 1.0 1.0 1.0 1.0 1.0 1.0 1.0 1.0 1.0 1.0 1.0 1.0 1.0 1.0 1.0 1.0 1.0 1.0 1.0 
0.041015625 1.0 1.0 1.0 1.0 1.0 1.0 1.0 1.0 1.0 1.0 1.0 1.0 1.0 1.0 1.0 1.0 1.0 1.0 1.0 1.0 1.0 
0.044921875 1.0 1.0 1.0 1.0 1.0 1.0 1.0 1.0 1.0 1.0 1.0 1.0 1.0 1.0 1.0 1.0 1.0 1.0 1.0 1.0 1.0 
0.048828125 1.0 1.0 1.0 1.0 1.0 1.0 1.0 1.0 1.0 1.0 1.0 1.0 1.0 1.0 1.0 1.0 1.0 1.0 1.0 1.0 1.0 
0.052734375 1.0 1.0 1.0 1.0 1.0 1.0 1.0 1.0 1.0 1.0 1.0 1.0 1.0 1.0 1.0 1.0 1.0 1.0 1.0 1.0 1.0 
0.056640625 1.0 1.0 1.0 1.0 1.0 1.0 1.0 1.0 1.0 1.0 1.0 1.0 1.0 1.0 1.0 1.0 1.0 1.0 1.0 1.0 1.0 
0.060546875 1.0 1.0 1.0 1.0 1.0 1.0 1.0 1.0 1.0 1.0 1.0 1.0 1.0 1.0 1.0 1.0 1.0 1.0 1.0 1.0 1.0 
0.064453125 1.0 1.0 1.0 1.0 1.0 1.0 1.0 1.0 1.0 1.0 1.0 1.0 1.0 1.0 1.0 1.0 1.0 1.0 1.0 1.0 1.0 
0.068359375 1.0 1.0 1.0 1.0 1.0 1.0 1.0 1.0 1.0 1.0 1.0 1.0 1.0 1.0 1.0 1.0 1.0 1.0 1.0 1.0 1.0 
0.072265625 1.0 1.0 1.0 1.0 1.0 1.0 1.0 1.0 1.0 1.0 1.0 1.0 1.0 1.0 1.0 1.0 1.0 1.0 1.0 1.0 1.0 
0.076171875 1.0 1.0 1.0 1.0 1.0 1.0 1.0 1.0 1.0 1.0 1.0 1.0 1.0 1.0 1.0 1.0 1.0 1.0 1.0 1.0 1.0 
0.080078125 1.0 1.0 1.0 1.0 1.0 1.0 1.0 1.0 1.0 1.0 1.0 1.0 1.0 1.0 1.0 1.0 1.0 1.0 1.0 1.0 1.0 
0.083984375 1.0 1.0 1.0 1.0 1.0 1.0 1.0 1.0 1.0 1.0 1.0 1.0 1.0 1.0 1.0 1.0 1.0 1.0 1.0 1.0 1.0 
0.087890625 1.0 1.0 1.0 1.0 1.0 1.0 1.0 1.0 1.0 1.0 1.0 1.0 1.0 1.0 1.0 1.0 1.0 1.0 1.0 1.0 1.0 
0.091796875 1.0 1.0 1.0 1.0 1.0 1.0 1.0 1.0 1.0 1.0 1.0 1.0 1.0 1.0 1.0 1.0 1.0 1.0 1.0 1.0 0.9999999999999988 
0.095703125 1.0 1.0 1.0 1.0 1.0 1.0 1.0 1.0 1.0 1.0 1.0 1.0 1.0 1.0 1.0 1.0 1.0 1.0 1.0 1.0 1.0000000000000016 
0.099609375 1.0 1.0 1.0 1.0 1.0 1.0 1.0 1.0 1.0 1.0 1.0 1.0 1.0 1.0 1.0 1.0 1.0 1.0 1.0 1.0 1.0000000000000198 
0.103515625 1.0 1.0 1.0 1.0 1.0 1.0 1.0 1.0 1.0 1.0 1.0 1.0 1.0 1.0 1.0 1.0 1.0 1.0 1.0 1.0 1.0000000000000095 
0.107421875 1.0 1.0 1.0 1.0 1.0 1.0 1.0 1.0 1.0 1.0 1.0 1.0 1.0 1.0 1.0 1.0 1.0 1.0 1.0 1.0000000000000002 0.9999999999998934 
0.111328125 1.0 1.0 1.0 1.0 1.0 1.0 1.0 1.0 1.0 1.0 1.0 1.0 1.0 1.0 1.0 1.0 1.0 1.0 1.0 1.0000000000000122 0.9999999999997491 
0.115234375 1.0 1.0 1.0 1.0 1.0 1.0 1.0 1.0 1.0 1.0 1.0 1.0 1.0 1.0 1.0 1.0 1.0 1.0 1.0 1.000000000000018 1.0000000000000024 
0.119140625 1.0 1.0 1.0 1.0 1.0 1.0 1.0 1.0 1.0 1.0 1.0 1.0 1.0 1.0 1.0 1.0 1.0 1.0 1.0 0.9999999999999444 1.0000000000008915 
0.123046875 1.0 1.0 1.0 1.0 1.0 1.0 1.0 1.0 1.0 1.0 1.0 1.0 1.0 1.0 1.0 1.0 1.0 1.0 1.0000000000000029 0.9999999999997922 1.000000000001108 
0.126953125 1.0 1.0 1.0 1.0 1.0 1.0 1.0 1.0 1.0 1.0 1.0 1.0 1.0 1.0 1.0 1.0 1.0 1.0 1.000000000000012 0.9999999999998601 0.9999999999979279 
0.130859375 1.0 1.0 1.0 1.0 1.0 1.0 1.0 1.0 1.0 1.0 1.0 1.0 1.0 1.0 1.0 1.0 1.0 1.0 0.9999999999999758 1.0000000000005418 0.9999999999926376 
0.134765625 1.0 1.0 1.0 1.0 1.0 1.0 1.0 1.0 1.0 1.0 1.0 1.0 1.0 1.0 1.0 1.0 1.0 1.0000000000000007 0.9999999999998473 1.0000000000011702 0.9999999999973086 
0.138671875 1.0 1.0 1.0 1.0 1.0 1.0 1.0 1.0 1.0 1.0 1.0 1.0 1.0 1.0 1.0 1.0 1.0 1.0000000000000016 0.999999999999798 0.9999999999993097 1.0000000000239948 
0.142578125 1.0 1.0 1.0 1.0 1.0 1.0 1.0 1.0 1.0 1.0 1.0 1.0 1.0 1.0 1.0 1.0 1.0 0.9999999999999913 1.0000000000002376 0.9999999999942697 1.000000000045057 
0.146484375 1.0 1.0 1.0 1.0 1.0 1.0 1.0 1.0 1.0 1.0 1.0 1.0 1.0 1.0 1.0 1.0 1.0 0.999999999999905 1.0000000000010074 0.9999999999945206 0.9999999999770772 
0.150390625 1.0 1.0 1.0 1.0 1.0 1.0 1.0 1.0 1.0 1.0 1.0 1.0 1.0 1.0 1.0 1.0 1.0000000000000016 0.9999999999998055 1.0000000000002467 1.0000000000143183 0.9999999997996547 
0.154296875 1.0 1.0 1.0 1.0 1.0 1.0 1.0 1.0 1.0 1.0 1.0 1.0 1.0 1.0 1.0 1.0 1.0000000000000007 1.0000000000000253 0.9999999999961227 1.0000000000414777 0.9999999997804263 
0.158203125 1.0 1.0 1.0 1.0 1.0 1.0 1.0 1.0 1.0 1.0 1.0 1.0 1.0 1.0 1.0 1.0 0.9999999999999537 1.0000000000007319 0.9999999999935432 1.0000000000057836 1.0000000003849092 
0.162109375 1.0 1.0 1.0 1.0 1.0 1.0 1.0 1.0 1.0 1.0 1.0 1.0 1.0 1.0 1.0 1.0 0.9999999999998493 1.0000000000007436 1.0000000000062546 0.9999999998526503 1.0000000013760286 
0.166015625 1.0 1.0 1.0 1.0 1.0 1.0 1.0 1.0 1.0 1.0 1.0 1.0 1.0 1.0 1.0 1.0000000000000016 0.9999999999999037 0.9999999999978522 1.0000000000340257 0.9999999997591 1.0000000008025756 
0.169921875 1.0 1.0 1.0 1.0 1.0 1.0 1.0 1.0 1.0 1.0 1.0 1.0 1.0 1.0 1.0 0.9999999999999857 1.0000000000004274 0.9999999999939526 1.0000000000242026 1.0000000001773073 0.9999999964988786 
0.173828125 1.0 1.0 1.0 1.0 1.0 1.0 1.0 1.0 1.0 1.0 1.0 1.0 1.0 1.0 1.0 0.9999999999999057 1.0000000000008684 1.000000000000354 0.9999999999044459 1.00000000114281 0.999999991632199 
0.177734375 1.0 1.0 1.0 1.0 1.0 1.0 1.0 1.0 1.0 1.0 1.0 1.0 1.0 1.0 1.0000000000000016 0.999999999999862 0.9999999999992263 1.0000000000246403 0.9999999997684202 1.0000000011294572 0.99999999823162 
0.181640625 1.0 1.0 1.0 1.0 1.0 1.0 1.0 1.0 1.0 1.0 1.0 1.0 1.0 1.0 0.9999999999999992 1.000000000000167 0.9999999999952394 1.0000000000329687 1.0000000000143876 0.9999999977280388 1.000000024984744 
0.185546875 1.0 1.0 1.0 1.0 1.0 1.0 1.0 1.0 1.0 1.0 1.0 1.0 1.0 1.0 0.9999999999999527 1.0000000000007383 0.999999999996781 0.9999999999500514 1.0000000008773071 0.9999999924635291 1.0000000474613562 
0.189453125 1.0 1.0 1.0 1.0 1.0 1.0 1.0 1.0 1.0 1.0 1.0 1.0 1.0 1.0 0.9999999999998745 1.0000000000001221 1.0000000000151257 0.9999999998005537 1.0000000012803238 0.9999999957255536 0.9999999991046314 
0.193359375 1.0 1.0 1.0 1.0 1.0 1.0 1.0 1.0 1.0 1.0 1.0 1.0 1.0 1.0000000000000013 0.9999999999999934 0.9999999999968807 1.0000000000336657 0.9999999999008801 0.999999998810073 1.0000000186241982 0.9999998463987166 
0.197265625 1.0 1.0 1.0 1.0 1.0 1.0 1.0 1.0 1.0 1.0 1.0 1.0 1.0 0.9999999999999835 1.0000000000004865 0.9999999999953388 0.9999999999858588 1.0000000006070018 0.9999999935910546 1.0000000449739914 0.9999997347470825 
0.201171875 1.0 1.0 1.0 1.0 1.0 1.0 1.0 1.0 1.0 1.0 1.0 1.0 1.0 0.9999999999999152 1.0000000000005467 1.0000000000069416 0.9999999998465421 1.0000000012756909 0.9999999940368778 1.0000000136189302 1.0000000059666905 
0.205078125 1.0 1.0 1.0 1.0 1.0 1.0 1.0 1.0 1.0 1.0 1.0 1.0 1.0000000000000016 0.9999999999999128 0.9999999999984288 1.000000000028598 0.999999999836668 0.9999999996971963 1.0000000126018762 0.9999998765697757 1.0000008146481305 
0.208984375 1.0 1.0 1.0 1.0 1.0 1.0 1.0 1.0 1.0 1.0 1.0 1.0 0.9999999999999982 1.0000000000002292 0.9999999999955292 1.000000000009983 1.000000000357161 0.9999999949036883 1.0000000408077248 0.9999997431943762 1.000001447407316 
0.212890625 1.0 1.0 1.0 1.0 1.0 1.0 1.0 1.0 1.0 1.0 1.0 1.0 0.9999999999999566 1.0000000000006013 1.0000000000010227 0.999999999897243 1.000000001145952 0.9999999931502375 1.000000024901813 0.9999999385288881 1.0000002152715064 
0.216796875 1.0 1.0 1.0 1.0 1.0 1.0 1.0 1.0 1.0 1.0 1.0 1.0 0.999999999999905 0.9999999999995847 1.0000000000204148 0.999999999816779 1.00000000035742 1.000000007170112 0.9999999063447713 1.0000006825761352 0.9999960318292406 
0.220703125 1.0 1.0 1.0 1.0 1.0 1.0 1.0 1.0 1.0 1.0 1.0 1.0 1.0000000000000409 0.9999999999966854 1.0000000000224154 1.000000000148529 0.9999999962833147 1.0000000353056604 0.999999758856301 1.0000014032910756 0.9999913233156665 
0.224609375 1.0 1.0 1.0 1.0 1.0 1.0 1.0 1.0 1.0 1.0 1.0 0.9999999999999842 1.000000000000435 0.99999999999768 0.9999999999444061 1.0000000009293126 0.9999999930064194 1.0000000327906051 0.9999998822261104 1.0000004761054273 0.9999930530421324 
0.228515625 1.0 1.0 1.0 1.0 1.0 1.0 1.0 1.0 1.0 1.0 1.0 0.9999999999999337 1.0000000000002292 1.000000000011672 0.9999999998319543 1.0000000007780792 1.0000000025518598 0.999999934767001 1.000000550014864 0.9999965980373451 1.0000072062611254 
0.232421875 1.0 1.0 1.0 1.0 1.0 1.0 1.0 1.0 1.0 1.0 1.0 0.9999999999999492 0.9999999999981349 1.0000000000249023 0.9999999999951321 0.9999999976124804 1.0000000288764157 0.9999997809345229 1.0000013341634602 0.9999917328124486 1.0000261770461936 
0.236328125 1.0 1.0 1.0 1.0 1.0 1.0 1.0 1.0 1.0 1.0 0.9999999999999978 1.0000000000002125 0.9999999999966369 0.9999999999817578 1.000000000668532 0.9999999935012185 1.0000000372505973 0.9999998380824677 1.0000007019859176 0.9999926082090234 1.0000167336688357 
0.240234375 1.0 1.0 1.0 1.0 1.0 1.0 1.0 1.0 1.0 1.0 0.9999999999999684 1.0000000000004152 1.0000000000044003 0.9999999998698647 1.0000000009682255 0.9999999989233752 0.9999999608737198 1.000000419757359 0.9999971633129535 1.0000058167566215 0.999911091936379 
0.244140625 1.0 1.0 1.0 1.0 1.0 1.0 1.0 1.0 1.0 1.0 0.9999999999999325 0.9999999999993483 1.0000000000205178 0.999999999902552 0.9999999987839491 1.00000002198204 0.9999998083733187 1.0000012413420192 0.9999922042301189 1.0000251824105966 0.9995845043624367 
0.248046875 1.0 1.0 1.0 1.0 1.0 1.0 1.0 1.0 1.0 1.0 1.0000000000000422 0.9999999999971668 1.0000000000058658 1.000000000406452 0.9999999944880307 1.0000000383998637 0.9999998068858728 1.0000008893734453 0.9999922446296539 1.000018929072889 0.9988121954419793 
0.251953125 1.0 1.0 1.0 1.0 1.0 1.0 1.0 1.0 1.0 0.9999999999999917 1.0000000000003266 0.9999999999997531 0.9999999999169799 1.0000000009591408 0.9999999963955878 0.9999999837393113 1.0000002948427804 0.9999977214218574 1.0000044227872822 0.9999203453319527 0.9971778229063891 
0.255859375 1.0 1.0 1.0 1.0 1.0 1.0 1.0 1.0 1.0 0.9999999999999581 1.00000000000006 1.0000000000129456 0.9999999998671478 0.9999999997116142 1.0000000151176665 0.9999998398465159 1.0000011267834048 0.9999927365700485 1.000024033447343 0.9996049154083566 0.9939481047931605 
0.259765625 1.0 1.0 1.0 1.0 1.0 1.0 1.0 1.0 1.0 0.9999999999999635 0.9999999999983589 1.0000000000165492 1.0000000001806102 0.9999999957854181 1.0000000365313448 0.9999997890998266 1.0000010348865933 0.9999919709961143 1.0000208763622125 0.9988466073150232 0.9884557313284352 
0.263671875 1.0 1.0 1.0 1.0 1.0 1.0 1.0 1.0 0.9999999999999997 1.0000000000001392 0.9999999999978428 0.9999999999608841 1.0000000008020027 0.9999999949958283 1.000000002532469 1.0000001785151862 0.9999982652405425 1.0000030347346918 0.9999294463309031 0.9972259074844043 0.9807256762252319 
0.267578125 1.0 1.0 1.0 1.0 1.0 1.0 1.0 1.0 0.9999999999999842 1.0000000000002722 1.0000000000055578 0.9999999998767202 1.0000000003417073 1.0000000087810634 0.9999998737577888 1.0000009932043616 0.9999933278441714 1.0000227288843868 0.9996255656010675 0.9939819293575461 0.9712578954609509 
0.271484375 1.0 1.0 1.0 1.0 1.0 1.0 1.0 1.0 0.9999999999999596 0.999999999999459 1.000000000016656 1.000000000017638 0.9999999971911873 1.0000000321280826 0.9999997847575715 1.0000011354508658 0.999991796501604 1.0000225600027275 0.9988817923182294 0.9883588830608363 0.960630977238757 
0.275390625 1.0 1.0 1.0 1.0 1.0 1.0 1.0 1.0 1.0000000000000129 0.9999999999979564 0.9999999999927162 1.0000000005619931 0.9999999946528894 1.0000000165891254 1.000000074149193 0.9999987866589288 1.0000016646838377 0.9999383782629448 0.9972749263260655 0.9803335272733129 0.9493107275625223 
0.279296875 1.0 1.0 1.0 1.0 1.0 1.0 1.0 0.9999999999999982 1.000000000000191 1.0000000000005893 0.9999999999129979 1.0000000006623808 1.0000000034305438 0.9999999082629236 1.0000008442157329 0.9999939747874329 1.0000212679771268 0.9996464788580284 0.9940173896507444 0.970430660005028 0.9376077892396382 
0.283203125 1.0 1.0 1.0 1.0 1.0 1.0 1.0 0.9999999999999812 1.0000000000000488 1.0000000000109286 0.9999999999284972 0.999999998503642 1.000000025864925 0.999999793338955 1.0000011885097728 0.9999917308201132 1.0000239628709466 0.9989178929454247 0.9882565265297916 0.9592770860856197 0.9257085430303328 
0.287109375 1.0 1.0 1.0 1.0 1.0 1.0 1.0 0.9999999999999716 0.9999999999989225 1.0000000000088929 1.000000000308294 0.9999999951897569 1.0000000255010113 0.9999999851267508 0.9999992764908696 1.0000003268187203 0.999947122427662 0.9973250780081016 0.9799091430531008 0.9473809781583296 0.9137216597246794 
0.291015625 1.0 1.0 1.0 1.0 1.0 1.0 1.0 1.0000000000000537 0.9999999999986231 0.9999999999559642 1.000000000708813 0.9999999994314186 0.9999999413266806 1.0000006844624496 0.9999946724731333 1.0000196507018873 0.9996676809523074 0.9940546355206232 0.9695259635102677 0.935080950991866 0.9017127638317418 
0.294921875 1.0 1.0 1.0 1.0 1.0 1.0 0.9999999999999968 1.0000000000001654 1.0000000000043356 0.9999999999064297 0.9999999995499635 1.0000000185877853 0.9999998136354394 1.0000011923227579 0.9999917840320283 1.0000250657980534 0.9989550712935177 0.9881481813961627 0.9577886061715569 0.9225789948301103 0.8897239647941021 
0.298828125 1.0 1.0 1.0 1.0 1.0 1.0 0.9999999999999841 0.9999999999997687 1.0000000000115807 1.0000000001008824 0.9999999963305347 1.0000000292162512 0.9999999146444638 0.9999997244134815 0.999999037945693 0.999955657631974 0.9973766261438907 0.9794480302013432 0.9452538018860956 0.9099918992802627 0.8777837412537866 
0.302734375 1.0 1.0 1.0 1.0 1.0 1.0 0.9999999999999888 0.9999999999987831 0.9999999999893551 1.0000000005600775 0.99999999699418 0.9999999708307208 1.0000005197529214 0.9999954137976931 1.0000178780755642 0.999689200553688 0.9940938483548055 0.9685316856685261 0.9322921355015669 0.8973896286281686 0.8659120870372282 
0.306640625 1.0 1.0 1.0 1.0 1.0 1.0 1.0000000000000708 1.0000000000001819 0.99999999992924 1.0000000002184093 1.0000000112581815 0.9999998436160595 1.0000011463809468 0.9999919664504441 1.000025846962944 0.9989935134559197 0.9880333144145058 0.9561435125435275 0.9191232807983574 0.8848168168479774 0.8541234552758273 
0.310546875 1.0 1.0 1.0 1.0 1.0 0.9999999999999978 1.0000000000000866 1.0000000000069604 0.999999999976311 0.9999999977286733 1.0000000281406702 0.9999998654242537 1.0000001189733871 0.9999978181834941 0.9999639594333135 0.9974299177510585 0.9789447721262924 0.942896307486913 0.9058731186029172 0.8723035422236852 0.8424285751971476 
0.314453125 1.0 1.0 1.0 1.0 1.0 0.999999999999988 0.999999999999578 1.0000000000054747 1.0000000003240188 0.999999996113658 0.9999999947530386 1.0000003571448326 0.999996188792907 1.000015952681394 0.9997110706345627 0.9941352554492783 0.9674329458263523 0.9291974478804249 0.8926164279755099 0.8598708838140798 0.8308356152780942 
0.318359375 1.0 1.0 1.0 1.0 1.0 0.9999999999999978 0.9999999999990827 0.9999999999672124 1.0000000004873013 1.000000004850135 0.9999998803229749 1.0000010519794766 0.9999922882721863 1.0000262811003806 0.9990334357685424 0.9879113345780309 0.9543145867427625 0.9152867639134211 0.8794006364903245 0.8475340770153247 0.8193509412443105 
0.322265625 1.0 1.0 1.0 1.0 1.0 1.0000000000000573 1.0000000000017681 0.9999999999377385 0.9999999990232891 1.0000000232163104 0.9999998392968196 1.0000004477295106 0.9999966918671952 0.9999719989204703 0.9974854071407432 0.9783927696104957 0.9402677602407582 0.9013003727953091 0.8662576011543597 0.835304448584096 0.8079796153624619 
0.326171875 1.0 1.0 1.0 1.0 0.999999999999999 1.0000000000000147 1.0000000000068665 1.0000000001087825 0.999999996528013 1.0000000114393717 1.0000002049252825 0.9999969837169896 1.0000138795309985 0.9997333302947082 0.9941791528455001 0.9662112512967694 0.9257425130957189 0.8873184268632796 0.8532096218698988 0.8231906466769742 0.7967257257193899 
0.330078125 1.0 1.0 1.0 1.0 0.9999999999999948 0.9999999999995651 0.9999999999953535 1.000000000437631 1.000000000189929 0.9999999198504644 1.000000912987317 0.9999927589232641 1.0000263384907901 0.9990750937640998 0.9877815894639111 0.9522677692840156 0.9110018087535786 0.8733914694950982 0.8402728292270366 0.8111994344246559 0.7855925993935166 
0.333984375 1.0 1.0 1.0 1.0 1.0000000000000016 0.9999999999995711 0.9999999999560342 0.9999999999235016 1.0000000159329852 0.9999998366307847 1.0000006976546836 0.9999956887154673 0.9999797407667979 0.9975436876165331 0.9777838861182575 0.9373170769700541 0.8961933632308233 0.859553358141083 0.8274592467480395 0.79933620402161 0.7745829328677474 
0.337890625 1.0 1.0 1.0 1.0 1.000000000000036 1.0000000000025027 0.9999999999860073 0.9999999977289253 1.0000000199759327 1.0000000723738864 0.9999977798783373 1.0000116674779274 0.9997560270197694 0.9942259420321126 0.9648433043979777 0.9218591355244828 0.8814033684371032 0.8458277875998294 0.814778089611942 0.7876053055786232 0.7636988613280863 
0.341796875 1.0 1.0 1.0 1.0 0.9999999999999855 1.0000000000044535 1.0000000002319125 0.9999999977457693 0.9999999575019413 1.0000007368421375 0.9999933858764494 1.0000259837119043 0.9991187951249157 0.9876433645481407 0.9499598368650701 0.9061836646948128 0.8666858781285488 0.8322319322602794 0.8022365901535157 0.7760102477635948 0.7529419822790702 
0.345703125 1.0 1.0 1.0 0.9999999999999986 0.9999999999996867 0.9999999999873045 1.0000000003040488 1.0000000082024472 0.9999998556075097 1.0000008560089102 0.9999948452959156 0.9999871401287553 0.997605534679539 0.9771079533234902 0.9339792908981547 0.8904516202465526 0.8520770326615844 0.8187786431560428 0.7898405183042422 0.7645538059486383 0.742313346171951 
0.349609375 1.0 1.0 1.0 1.0000000000000002 0.9999999999998956 0.9999999999623225 0.9999999990637526 1.0000000206345796 0.9999999691189877 0.9999985521779515 1.0000093315451408 0.9997792192863323 0.9942761896694469 0.9632992952873497 0.9174605914129793 0.8747560434405712 0.8376021514615842 0.8054778132280889 0.7775944972058286 0.7532380622687707 0.731813426191917 
0.353515625 1.0 1.0 1.0 1.000000000000015 1.0000000000021534 1.0000000000470726 0.9999999974152777 0.9999999882742413 1.0000005357398327 0.9999941725594534 1.0000251741782746 0.999164918611491 0.9874958889683406 0.9473350556804456 0.9007246803517729 0.8591549952576618 0.8232796518994534 0.7923372245285702 0.7655021750128563 0.7420643969352747 0.7214420799919948 
0.357421875 1.0 1.0 1.0 0.9999999999999966 1.000000000001834 1.0000000002652953 1.000000002004348 0.9999998914249332 1.0000009120449591 0.9999942067574293 0.9999941376844544 0.9976719669579297 0.9763520664822259 0.9301704543319897 0.883947759903585 0.8436872706196977 0.809123384203062 0.7793630575019702 0.7535662928062002 0.7310334489308955 0.7111985170811538 
0.361328125 1.0 1.0 1.0 0.9999999999998459 0.9999999999858721 0.9999999999566804 1.000000015267073 0.9999999037862926 0.9999992674697639 1.0000068967888132 0.999802979183643 0.9943307262647918 0.9615403987158617 0.9124348538129553 0.8672307286991018 0.8283801250692675 0.7951440521123754 0.7665601697525245 0.7417886789154432 0.7201450650811073 0.7010812858714426 
0.365234375 1.0 1.0 1.0 0.9999999999999476 0.9999999999785708 0.9999999984351047 1.000000007863881 1.000000327818612 0.9999951147020464 1.0000238586270822 0.9992139420258601 0.9873383546984874 0.9443202391616601 0.8944860062882124 0.850636302151426 0.8132534883894589 0.7813500581402079 0.7539322120020097 0.7301701973184916 0.7093982578575206 0.6910882932504535 
0.369140625 1.0 1.0 1.000000000000001 1.0000000000011982 1.00000000008091 0.9999999987447942 0.9999999357208658 1.0000008601290993 0.9999938285945115 1.0000006516181241 0.9977443357397466 0.9754995548141835 0.925780107649342 0.8765178621354863 0.8342064359376526 0.7983224285038881 0.7677479672565937 0.7414816302170819 0.71871067893316 0.6987911925922375 0.6812168664257312 
0.373046875 1.0 1.0 1.0000000000000013 1.0000000000007103 1.0000000001972567 1.0000000073388455 0.9999998815328226 0.9999998831602437 1.0000044047828445 0.9998273941532236 0.9943908123444869 0.959514999475695 0.9066346080654766 0.8586404716747746 0.8179707532065954 0.7835985964934338 0.7543427075979798 0.7292095972768294 0.7074088666322372 0.6883212227108475 0.6714638616083045 
0.376953125 1.0 1.0 0.999999999999969 0.9999999999904996 0.999999999623918 1.0000000143290158 1.000000137706907 0.9999961940322168 1.0000219760648943 0.9992664839257706 0.9871699635064689 0.9408172403245801 0.8872854229270237 0.8409220819697917 0.8019510564064013 0.7690910194922089 0.7411375901831212 0.7171159188723375 0.6962624051275729 0.6779849862465508 0.6618258174756844 
0.380859375 1.0 1.0 0.9999999999999392 0.9999999999906397 0.9999999984648981 0.9999999769428425 1.0000007051155562 0.9999937776372723 1.0000065644826222 0.9978244628501891 0.9745284328600654 0.9206598387599203 0.867947449282833 0.8234085222773897 0.7861638821717327 0.7548064548226788 0.7281342177392714 0.705198961445414 0.6852679029622123 0.6677785683844532 0.6522991442993653 
0.384765625 1.0 1.0 1.0000000000002929 1.0000000000690699 1.0000000010429217 0.9999999001460946 1.00000034731346 1.000001924621754 0.9998525655892825 0.994458425126576 0.9571528133607213 0.8998621364509148 0.8487416181949534 0.80613238498345 0.7706218969284867 0.7407494474714102 0.7153323536106065 0.6934556500265973 0.6744210846331924 0.6576977241792386 0.6428803336512982 
0.388671875 1.0 1.0 1.0000000000005451 1.0000000001031526 1.0000000100868294 0.9999999948252465 0.9999973676236271 1.0000194566441678 0.999323366173945 0.9869900327953293 0.9366911682195129 0.8788790255831757 0.8297429505739686 0.7891177979153343 0.7553345365670839 0.7269222076258982 0.702729827131439 0.6818815763768244 0.6637170364495427 0.647738145038717 0.6335661693407244 
0.392578125 1.0 1.0 0.9999999999969841 0.9999999995465985 1.0000000030873457 1.0000004707838999 0.9999941299136513 1.0000117013158463 0.9979148638854161 0.9734089911402602 0.9146053369803531 0.8579505784992432 0.8110021777480361 0.7723829627910674 0.7403081436275218 0.7133244248125971 0.6903225500110052 0.6704712417324653 0.6531505327594308 0.6378957441239668 0.6243539186207818 
0.396484375 1.0 0.9999999999999956 0.9999999999946013 0.9999999990015888 0.9999999453345311 1.000000603611022 0.9999995716747979 0.9998785986666822 0.9945367683424244 0.9543553756576273 0.8918457226938368 0.8372110319031489 0.7925556761412762 0.7559413411923472 0.7255458021350085 0.699953143726484 0.6781047056017548 0.6592184330801144 0.6427164132666806 0.6281669307091827 0.6152414824117828 
0.400390625 1.0 0.9999999999999921 1.000000000028319 1.0000000025314306 0.9999999259784167 0.9999985508294138 1.0000162285330787 0.9993857071860381 0.9867982313742133 0.9317511703270186 0.8689328743139266 0.8167440159603586 0.7744303495638205 0.7398019576053312 0.7110470697079309 0.6868028209047601 0.6660691411910834 0.6481167055796675 0.632409970375404 0.6185488424257789 0.6062274857304298 
0.404296875 1.0 1.0000000000000557 1.0000000000528708 1.0000000084496437 1.0000002104485932 0.9999949589055758 1.0000157927612905 0.9980191281563259 0.9720998963188776 0.9073271735706243 0.8461378878463975 0.7966066459479072 0.7566458942404461 0.7239691806765375 0.6968078145299736 0.673865659189324 0.6542079518907551 0.6371599177244446 0.6222273006104845 0.6090395048585849 0.5973112928393877 
0.408203125 1.0 1.0000000000000429 0.9999999997529357 0.9999999893737123 1.0000006091667064 0.9999975389531207 0.9999055689095617 0.9946312137645646 0.9509799394224477 0.8822014963317137 0.8236119018117131 0.7768400416897105 0.7392154499851983 0.7084423255533338 0.68282035975413 0.66113225013798 0.6425131992911974 0.6263427536973869 0.612165572845358 0.599637894332619 0.5884929405031226 
0.412109375 1.0 0.9999999999990994 0.999999999481308 0.9999999370286599 0.9999995940582729 1.0000122420961537 0.9994550565816662 0.9865951233707981 0.9257176300683168 0.8569777156982308 0.8014499396228445 0.7574738891681078 0.7221453228337573 0.6932154472101821 0.6690740784988021 0.6485924960626448 0.6309776696439195 0.6156611586920865 0.6022231723430063 0.5903438854194073 0.5797729940847799 
0.416015625 1.0 1.0000000000000326 1.0000000019508903 1.0000000107353064 0.9999962970600055 1.0000184134992889 0.9981425960752275 0.9705415554353144 0.8984010963618307 0.8319664947163747 0.7797174840695983 0.7385278630941007 0.7054343676481967 0.6782776700343939 0.6555564704059902 0.6362366791366292 0.6195955670820761 0.605112620637174 0.5923996882257535 0.5811580879192225 0.571152347952024 
0.419921875 1.0 1.000000000012425 1.0000000049152824 1.000000380614145 0.9999961446173603 0.999933426263443 0.994751125601282 0.9468107121009705 0.8703692037281031 0.8073415454629893 0.7584608907056261 0.7200112668347262 0.6890737701620443 0.6636142598281891 0.6422546291802512 0.624056539975118 0.6083630173217119 0.594696240191876 0.5826957346461223 0.5720815899153402 0.5626320055193796 
0.423828125 1.0 0.999999999991324 0.9999999862276008 1.0000002696951382 1.0000075435328466 0.9995335697940202 0.9863834643372992 0.9181630087367432 0.8423341223979822 0.7832133620975268 0.7377106193347138 0.7019220778879143 0.6730477174361417 0.6492084818544016 0.6291568410030534 0.612046146397163 0.597278304454277 0.5844125564016396 0.5731126315861803 0.5631156664729868 0.5542128787382782 
0.427734375 1.0 0.999999999842307 0.9999999549278719 0.9999980295064063 1.0000188879709837 0.9982936160664441 0.9686443218617805 0.8871788822788417 0.8146595929199891 0.7596576101674541 0.7174807338447747 0.6842467643349806 0.6573354706133415 0.6350439253572931 0.6162540929908601 0.6002024218673886 0.5863417342070004 0.5742631530349832 0.5636520005976999 0.554261497578497 0.5458956482376707 
0.431640625 1.0 1.0000000001875309 1.0000000761265166 0.999995874175927 0.9999617232323349 0.994913604965048 0.9415034590550416 0.8554991167955572 0.7875507841580085 0.7367231806577679 0.697767575303841 0.6669617198591633 0.6419145010428435 0.6211069390742455 0.6035410435077582 0.5885251610429137 0.5755551774276166 0.5642501068180205 0.5543153890051578 0.5455199798857906 0.5376807087307588 
0.435546875 1.0 1.0000000018184203 1.0000003534724213 1.0000024888466277 0.9996241475710985 0.9861717048702534 0.908398214659148 0.8239843567291397 0.7611388389167019 0.7144323608485044 0.6785494213465053 0.6500373453893853 0.6267643430137068 0.6073885523487206 0.5910164821030827 0.5770164774647818 0.5649213009435841 0.5543754523981905 0.5451039690477966 0.5368916452848674 0.5295682467437645 
0.439453125 1.0 0.9999999970635512 0.9999996600511635 1.0000162044306775 0.9984859387050298 0.9662653684540361 0.8726179110251591 0.7930748981363888 0.7355062295173085 0.6927777945930103 0.6597902279963588 0.6334433136073153 0.6118701215140103 0.5938854697797531 0.5786825975773486 0.5656798535827293 0.5544428128395517 0.5446407574520539 0.5360184821842854 0.5283767757404907 0.5215584751156476 
0.443359375 1.0 0.9999999802113501 0.9999972417258982 0.9999888197726666 0.9951517946534457 0.9344713662800234 0.8362422603004284 0.7630197947669092 0.710689810021711 0.67172335530491 0.6414470412409465 0.6171554692129464 0.5972246795047772 0.5805998232638985 0.5665439865486961 0.5545188654197726 0.5441218210489814 0.5350470099022405 0.5270593132115978 0.5199757334157291 0.5136520851555881 
0.447265625 1.0 1.0000000325717997 0.9999983137236002 0.9997301098597875 0.9859842947071059 0.8952304390355474 0.8003472564451392 0.7339692666050652 0.6866735929277293 0.6512126035624047 0.6234801676400522 0.6011593116674302 0.5828293388708266 0.5675372752576034 0.5546054190207139 0.5435364794566876 0.5339596618925855 0.5255948265838675 0.5182271054542696 0.5116895858404225 0.5058508587224521 
0.451171875 1.0 1.0000001819210973 1.0000093192428616 0.9987431429505114 0.9631601172783224 0.8529376431736361 0.7654877452661909 0.7059862382903225 0.6633967426150513 0.6311821948478976 0.6058635393355891 0.5854540928974331 0.5686911494675482 0.5547049261549682 0.5428710645639391 0.5327343856041588 0.5239572862127634 0.5162851433888093 0.5095234394954867 0.5035210039989257 0.4981583938341362 
0.455078125 1.0 0.9999996594653692 1.00000959623029 0.9955353130389233 0.9246195956784531 0.8103323142129284 0.7319682928373723 0.6790377310594946 0.6407637401579878 0.6115851722262114 0.5885883952599532 0.570047764676805 0.5548201449249143 0.5421077685625515 0.5313433049358374 0.5221142248765768 0.5141161461173781 0.5071206112721969 0.5009524282248609 0.49547518586056527 0.4905808211481536 
0.458984375 1.0 0.9999979913549613 0.9998523107729811 0.985897704588277 0.8763974044471584 0.7688839595284774 0.6998970904684769 0.6530092080497768 0.6186913506046192 0.5923968983111899 0.5716665706165964 0.5549552949145856 0.5412239179553023 0.5297505723347187 0.5200243009761746 0.511678072681874 0.5044404723224374 0.49810711199748403 0.4925215672639638 0.4875609145033689 0.4831275137915544 
0.462890625 1.0 0.9999999547727408 0.9991033062235192 0.9588716269849273 0.824827575373853 0.7292361610448799 0.6692164696464928 0.627744830635892 0.5971212274486376 0.57362968166 0.5551147368101301 0.540188087791005 0.5279079501634214 0.5176344269388136 0.5089183778865668 0.5014330248038131 0.4949392393539704 0.48925636510266257 0.4842436325237384 0.47979123110117455 0.4758118624643817 
0.466796875 1.0 1.0000113391460588 0.9962252600978341 0.909628810081528 0.7738131919388036 0.6917342480396043 0.6396741517643336 0.6031409755886378 0.5760605513864882 0.5553091918308856 0.538958791581576 0.5257525135314413 0.5148770831105028 0.5057700333495917 0.49803533106685327 0.49139251993326205 0.4856299321842981 0.480585903147045 0.4761368331940911 0.47218473251696064 0.4686518834291388 
0.470703125 1.0 0.9999756553200164 0.9862302958434642 0.8470867898167048 0.7253060336355752 0.6560939586829896 0.6110444190154105 0.5791433474143546 0.5555512559858256 0.5374688366724688 0.5231956479553629 0.5116601960135353 0.5021436245509348 0.49416821335387434 0.4873992068126777 0.4815837435443605 0.476538756961602 0.4721234614360232 0.4682273368118865 0.4647660649947675 0.46167109319140887 
0.474609375 1.0 0.9995980194642727 0.9527412050415947 0.7812345397852264 0.6802092161346063 0.6219101381370324 0.5832077235284988 0.5558593124752313 0.5356269677105574 0.5201278815035213 0.5078643867435814 0.49792581087431637 0.4897381341862889 0.48287630099683426 0.4770476436036575 0.47204654215007263 0.46770553033491014 0.46390424598584284 0.46055103680475945 0.45756942160970987 0.45490147346803383 
0.478515625 1.0 0.9975437185505401 0.8823173207472519 0.7197514765627698 0.6377917672801328 0.5888156472627268 0.5562604316148436 0.5333046156225899 0.5163770176622466 0.5033016468937295 0.49296430479586667 0.4846177512979153 0.47771673351974003 0.4719466395214973 0.467052047172509 0.4628405455052632 0.4591878894463732 0.45598831100443293 0.45316122988226154 0.4506467682093096 0.4483948724720423 
0.482421875 1.0 0.9877616271288323 0.7977928594344755 0.662832889233514 0.5972853386591298 0.5567055426593187 0.5303526707260079 0.5117042957027267 0.49775854738332986 0.48711397156664227 0.47866259014674606 0.4718281770029231 0.46621744206161675 0.4615016193150492 0.45750109864145505 0.4540650749437882 0.45107971589295964 0.4484624715670027 0.4461507877319163 0.4440937526603074 0.4422531825773686 
0.486328125 1.0 0.9451153428376722 0.7083926983974687 0.6102312087470092 0.5571219379149808 0.5264735105414317 0.5057208697791763 0.49095443687708784 0.480080622500088 0.4717536176598611 0.4651060694541046 0.4597853401064302 0.45540092932521115 0.4517059410308141 0.4485789088215192 0.44588589047303717 0.4435499820636604 0.4415051307360839 0.4396953944957711 0.4380957979455504 0.4366738241976231 
0.490234375 1.0 0.8388205540380131 0.6314047019726493 0.562126240013305 0.5226255915288219 0.4982618758608872 0.4829492896449978 0.47202338762202 0.46374923326312373 0.45771222191098254 0.4527745386985201 0.448829320889097 0.44563253997761915 0.44287770735150855 0.4405464643144276 0.4385999098903874 0.4368854373742485 0.43539438851567225 0.4341125538547486 0.43297887571501764 0.43199475128274334 
0.494140625 1.0 0.6844936504493402 0.570061070499069 0.517579835777939 0.48760656258631846 0.4734504821049139 0.4624021089751568 0.454881150021103 0.4498294116939935 0.4453175947419806 0.4421034301522244 0.43954553123964485 0.43718763243269126 0.43545525481625125 0.4339709576746374 0.43262993701679536 0.4315691459366837 0.4306366158081441 0.4298410428408895 0.42919349094959264 0.42863465299909653 
0.498046875 1.0 0.5664608983617491 0.49770500440326315 0.4721146205912604 0.4618265398977101 0.45085743818888696 0.4458597311374463 0.44146962338551815 0.4380389849591825 0.4359716551116702 0.4338373629267247 0.43226388336759103 0.43123356304991056 0.4300276459494113 0.4292459703369674 0.42861607439722765 0.4280333945015381 0.4276663654559723 0.42730580369096266 0.42704295428488687 0.42683452059278737 
0.501953125 0.125 0.4390205995788496 0.4493893620245102 0.43653494930582976 0.4402816037443682 0.4361546443149493 0.43220047337777684 0.43228142642921236 0.4302259887264577 0.4289455644091 0.42882814676450803 0.4277353361852523 0.4274114453718128 0.42717036715022244 0.4267089842257425 0.42663868496390667 0.4264221536308705 0.426318052913878 0.4262765945017372 0.4262001757433269 0.4261865943870376 
0.505859375 0.125 0.365026184131714 0.42371078228531395 0.4247433135573637 0.4239225603871544 0.4292134453683674 0.426495799721515 0.42608216090511647 0.4269751701583471 0.42581366769889734 0.42617268586834317 0.42613307357011726 0.425701065288098 0.42610698377741113 0.4259460086705189 0.42593365115384996 0.42603745415427025 0.42598048331785554 0.4260660881363978 0.4260823869056036 0.42612463380621207 
0.509765625 0.125 0.33119954257755285 0.4054566354107313 0.4242572029982078 0.42000621138103833 0.4244667785883096 0.42583575722165967 0.4237527292288078 0.42555428405729356 0.4255103436090381 0.4251711208311969 0.4259461069536542 0.4256316334868365 0.42583153821205094 0.42606157411448964 0.4259416270104089 0.4261514260158402 0.4261580819597724 0.426226709276681 0.4263050403655325 0.42633311171457877 
0.513671875 0.125 0.27597870162571175 0.3759388475883456 0.4234637898131758 0.42171135974540025 0.4214676288480196 0.4262994415734094 0.4245962244583536 0.4249539739900424 0.4262358343831728 0.4254584903596674 0.42607830355073284 0.426259453544461 0.4260355880402949 0.4264600998801832 0.426343566873215 0.42642862819470406 0.42652050148352305 0.42649075168213463 0.42657095196866157 0.42656054874879806 
0.517578125 0.125 0.18452656698558378 0.3414793590440293 0.4141697913647162 0.42410458915714 0.42235286939514677 0.4265624615393105 0.4269161272194145 0.425432991388184 0.42702422599250917 0.4264583282793577 0.4263602720736207 0.4269603544783922 0.4264755089723964 0.42671772510628375 0.4267736017106091 0.4266116015930786 0.4267271212092255 0.42662350122210874 0.42661586232064774 0.4265810152442306 
0.521484375 0.125 0.1334691099384885 0.3100069187930319 0.39221839818973164 0.42445696366615115 0.42475629945418586 0.42615045457773965 0.42892846420279357 0.42651836530345494 0.4270177266118923 0.4274207146205861 0.4265974356949835 0.42709207069309674 0.4268267553140644 0.42659968675266585 0.42682068683797775 0.4265395917473978 0.426537222573679 0.42646517067863104 0.4263443972518702 0.42630723724589503 
0.525390625 0.125 0.12593871561873027 0.2815008919321077 0.3596512181132734 0.4204211817780465 0.4263100970813418 0.42508825868776645 0.4286435493105634 0.42755762313328455 0.42631331749720935 0.4274244830870468 0.42663878237393704 0.42651020737731377 0.4267221783939467 0.42621031956144817 0.4263600259822594 0.4262242773117504 0.42604309212229485 0.4260510911569342 0.4258969011092027 0.42585422616820096 
0.529296875 0.125 0.12507573066713282 0.2565943060289414 0.321537312330402 0.4061032811671382 0.42537647191422956 0.424102349991327 0.42623004742102677 0.42772248245961053 0.4256376118690738 0.42638968376586706 0.42640577805286384 0.4256876441179708 0.4261400336577113 0.4257964931368414 0.42566875204510135 0.4257924422571283 0.4255412872077376 0.42557626069093035 0.4255051260483558 0.4254487696706046 
0.533203125 0.125 0.12498422701761226 0.22261317389003876 0.286092121447911 0.37477714194025025 0.4206291095761417 0.42359594857942334 0.4236218612864567 0.4267989791429207 0.42564141754569434 0.42510938774998075 0.42594454280595273 0.4252203667747386 0.4254187383436428 0.42553078642248193 0.4251696951172263 0.42542555477179544 0.42531586912199115 0.42528492319905864 0.4253592137734919 0.42531461307368323 
0.537109375 0.125 0.12499974818707162 0.15740203803083458 0.264966864863484 0.334600386386536 0.4095278166684882 0.4228376236984283 0.4228228995021461 0.4251779668573389 0.42609779713949353 0.42454336025018635 0.42540470333419905 0.42535311899436334 0.4250069962294219 0.4254682798333319 0.425189622414949 0.42529414874648674 0.4254555070688436 0.4253540000239096 0.42549845827019894 0.42551949203662676 
0.541015625 0.125 0.12500220612810722 0.12871388421433994 0.2566046692886337 0.2973060679057866 0.3859674795587407 0.42090533430322447 0.4230140799112973 0.4238196193884403 0.4263894698703651 0.4251265769932112 0.42500214528481506 0.42580240988719725 0.42520743142908846 0.42554076679287905 0.425650171971793 0.4254856407934766 0.42579731264011794 0.4257439728371502 0.4258170052965743 0.4259264621922341 
0.544921875 0.125 0.12500023526909954 0.12535216514943406 0.2520282557688786 0.2705188293377321 0.35066079434377234 0.415233823454242 0.4231175736923442 0.4235161815878668 0.42589332710260847 0.4262469066387155 0.42510809382671766 0.4261204074576273 0.42587411431859984 0.4257367374731881 0.42620502076801575 0.4259363526963947 0.42612846442848556 0.4262408046914744 0.42617791341793315 0.4263181548116954 
0.548828125 0.125 0.12499982260451585 0.12500522648851375 0.24694865705960325 0.2578410056148451 0.31216055188294634 0.39790029008823863 0.4222388312653274 0.4238767696489166 0.42508278053340715 0.4271598696279339 0.4258832500898307 0.42610387501022073 0.42660500223191183 0.42608438168184715 0.42651277880068983 0.4264494661166093 0.4263408298754065 0.4265856356221373 0.4264661843390485 0.42652089450654906 
0.552734375 0.125 0.12499998902663301 0.12499205644090766 0.2072248859535446 0.2551190930505763 0.2803782436285426 0.36499596955503383 0.41832742963599345 0.4241227862703637 0.4246656193248624 0.42715104050936054 0.4269533501719977 0.4260151584630348 0.4269252417147951 0.42652791817619673 0.42648710279773877 0.42676183672665113 0.4264460507583501 0.4266209151543086 0.4266035982673302 0.4265072780530343 
0.556640625 0.125 0.12500001707156982 0.12500287210515576 0.14145740882442143 0.2560549817746894 0.2627070320381521 0.32632348477162715 0.40615044331461253 0.42346717056156 0.42465521996400185 0.426297526107241 0.427662996593693 0.42617725140867146 0.4266649293578509 0.4268652189574586 0.42632209032374524 0.42670838474822403 0.426500469547688 0.4264190866560272 0.42656243634548924 0.4263893953653316 
0.560546875 0.125 0.12500000027695257 0.12500126808726597 0.12661189651820143 0.25820756777769766 0.25624572530137907 0.2907213434927888 0.378984509811718 0.42041046863982345 0.42448636057434813 0.4252001424017707 0.42743371232912636 0.4266534006325965 0.42614773100548986 0.42684560360185797 0.42626808227809043 0.42638338331350745 0.42650227514159855 0.42619769616052033 0.42638467137808705 0.42629878541294686 
0.564453125 0.125 0.12499999864461314 0.1249997388069333 0.1251359798805331 0.2592829505687411 0.2554376121784327 0.26722321014047284 0.34122751541357615 0.41164964540470916 0.423581046602133 0.42438785572021165 0.42636124418415644 0.4271033564943457 0.42584433335305705 0.42644525558333324 0.4263914826964481 0.42606054888093176 0.42641650244054624 0.4261510699302604 0.42618703071696484 0.42629274026544267 
0.568359375 0.125 0.12500000005837902 0.12499988702960244 0.12498563672494768 0.2426017086049824 0.25779466887231306 0.2588959446011492 0.30306471374615646 0.39053586768990606 0.4210849774542311 0.4239408129439898 0.4251460942882393 0.4271385953615914 0.42609739409372266 0.42595164522220247 0.4265369597692435 0.4260222997764138 0.42626625712315347 0.4263026823890856 0.42611978674064416 0.42634121603910213 
0.572265625 0.125 0.12500000009766105 0.12500003899530787 0.12499849850989486 0.16993186786429257 0.2613593624302508 0.2572232369865906 0.2748284215594389 0.355834471261288 0.4151054796746489 0.4233852237454707 0.4244289035849874 0.42657587348081 0.42670220179138474 0.42578632169593617 0.4265229521737767 0.4263123834469018 0.4261734914937187 0.4265043586912985 0.4262559856547751 0.42638700117866773 
0.576171875 0.125 0.12499999999010995 0.12500001141612965 0.1250027114056209 0.13037496697012044 0.26429499139498563 0.2581988825953294 0.26113988537992683 0.31685091625392986 0.40028972210488967 0.42200946827802766 0.4241820427736604 0.4257420877764493 0.4271847228554702 0.42617544389738266 0.4263397175287529 0.4266896079931914 0.4262629848797905 0.4265810656258017 0.4265114790197424 0.4264117022444877 
0.580078125 0.125 0.12499999999388618 0.12499999534159723 0.125000353154226 0.1255391418236308 0.264863405486379 0.2604778455071584 0.25700917839084453 0.2834685944495007 0.37029827718309316 0.41813813921949144 0.42386806874346455 0.42506993845690766 0.42708308641534687 0.4268611937973911 0.4261938596143544 0.4268246932133313 0.4265172457735644 0.4264914630834162 0.42668970589646904 0.4264333440201108 
0.583984375 0.125 0.1250000000010559 0.12499999901041034 0.12499974466713278 0.1250266029421402 0.25679957665990155 0.26331728317399306 0.2573021697637864 0.2649962026926263 0.33143845166135355 0.40733156166070633 0.422812154363536 0.4246531161194541 0.42639502815722125 0.4273531946779923 0.42628335031548426 0.4265869547049439 0.4267449561834473 0.426350417546298 0.4266309930486793 0.42646027041617507 
0.587890625 0.125 0.1250000000003285 0.12500000052529223 0.12499999084403782 0.12498828357839041 0.20709903504177946 0.26582713340930925 0.2597426189177313 0.2589611840024095 0.29494718713496854 0.38254584104707773 0.4196920333924009 0.4241630772919529 0.42548791987699114 0.4272036599408154 0.4266109151341032 0.4261904365336156 0.42671848391247524 0.4263059196885254 0.42636785089692314 0.4264552735324537 
0.591796875 0.125 0.12499999999991068 0.12500000008019374 0.12500003161448203 0.12500219837761153 0.14157458938608208 0.2670295738522387 0.2630744056743865 0.25767549790098787 0.2705904604368529 0.34614131966548606 0.4116871699849729 0.4230727597990726 0.4246886940217652 0.42639644538977606 0.4269300586209679 0.4259867169721402 0.4263983780373096 0.4263820175905708 0.42610586288681557 0.4263729405873237 
0.595703125 0.125 0.1249999999999856 0.12499999994541232 0.12499999862329872 0.12500177013701574 0.12673154271814546 0.2661717969959317 0.26600596839043433 0.2587169447632985 0.2601215906941963 0.30787046013998587 0.39300171253311084 0.42057862145552305 0.42404490102208275 0.42539369422844603 0.42694396044610106 0.42619178390252976 0.4260013499546926 0.4264563951678632 0.4260608346308985 0.4262283466388963 
0.599609375 0.125 0.12500000000000613 0.12499999999433191 0.12499999657070995 0.12499985822855607 0.12515469340996316 0.26111599406584335 0.26757344396183497 0.2610536063287082 0.2574934296983975 0.2780413820393513 0.3604243139041376 0.41492862518932166 0.42321527880183624 0.42465464360666155 0.4264991292425688 0.4266399977200422 0.4258487772366952 0.42639598627376085 0.4262618794231371 0.42612002602500554 
0.603515625 0.125 0.12500000000000025 0.12500000000535003 0.12500000044946727 0.12499984237460877 0.12498607397006885 0.23702525107607283 0.2678295278247512 0.26398719084018374 0.2581755469228454 0.26376703054875106 0.32195874499763155 0.4013089917343645 0.42151900347589855 0.424227796681284 0.425779416663243 0.4269689873509542 0.4261174969114629 0.426209561746418 0.4265203994362121 0.4261587935249972 
0.607421875 0.125 0.1249999999999995 0.12500000000031852 0.12500000036142636 0.12500003105006344 0.12499757178238523 0.16622895711133767 0.26708733244995386 0.2667502328873948 0.2605197299769254 0.25897083082477645 0.288385215450836 0.3734752120514852 0.4174584566088887 0.4237054842596632 0.4250881142748922 0.42684119811665905 0.4266408880039842 0.4260738034982012 0.4265997524119923 0.4263539505947741 
0.611328125 0.125 0.125 0.12499999999950477 0.12499999992466002 0.12500001586835174 0.1250029478250787 0.13002931185351474 0.2653280126332851 0.26839012815250834 0.2635004546204541 0.2580193691899981 0.26777659842757817 0.3363142385457955 0.4074418902104284 0.4224514366425434 0.42454858605368734 0.42624623178758353 0.42706134573439974 0.4261728571843613 0.42642828343491535 0.42657288814040967 
0.615234375 0.125 0.125 0.12499999999999088 0.12499999996385695 0.12499999552895755 0.12500054028033475 0.12551398435071365 0.26179778768382017 0.2683108992935527 0.2660701129312306 0.2592236391782941 0.25991092194196264 0.2997935584803432 0.3850684787510465 0.41932011407685127 0.4239713247968863 0.42547975688451634 0.4270393861044575 0.42651106299988595 0.4261768699307582 0.42663149841883385 
0.619140625 0.125 0.125 0.1250000000000425 0.1250000000104371 0.12499999870251559 0.12499971397687311 0.1250240631121119 0.2516010822597246 0.2672347737802622 0.2674073459865531 0.2617154159860099 0.2582418606700355 0.2740443974931408 0.35058464724229965 0.41190884844717857 0.42290221637145914 0.42479118343197275 0.426497331968413 0.4268712037761906 0.4260992294054229 0.42645901299686806 
0.623046875 0.125 0.125 0.12499999999999835 0.12500000000345887 0.12500000060427158 0.12499996681725922 0.12498852485068372 0.20340310410714546 0.26586435269159114 0.26760237398554404 0.2646752012697131 0.25918275001325514 0.26288554886315507 0.31311621837597287 0.39475750536151355 0.4205305969310834 0.424157526936982 0.4257016395433246 0.42696950712846 0.4263180364934186 0.4261859918284137 
0.626953125 0.125 0.125 0.12499999999999607 0.1249999999987047 0.12500000008733933 0.12500003699431197 0.12500233366424207 0.1405010412116891 0.26446285694609595 0.26719503849295 0.26712136217096544 0.2614295562956188 0.2591047662421894 0.2825876203266831 0.36415041395868086 0.415096844894464 0.4232413170551317 0.4249640690217761 0.42664046051495835 0.426691971205674 0.4260551265037439 
0.630859375 0.125 0.125 0.12499999999999986 0.12499999999968484 0.12499999992563929 0.125000001624129 0.1250017919724073 0.12661171959550752 0.2626312966267633 0.26646552760929326 0.2681816985286134 0.26405431055850653 0.2586486270954617 0.2655307764083578 0.3268347931432658 0.402378234797243 0.4214107837472012 0.4243719704391138 0.4260054342480374 0.4269451625652439 0.42623311923618484 
0.634765625 0.125 0.125 0.12500000000000014 0.12500000000014796 0.12499999999715439 0.12499999585994888 0.12499983653544913 0.12514274003255144 0.2584229279220593 0.26558971609029497 0.267781477051257 0.26619272622009094 0.260172269897161 0.25986265666734676 0.2926596342768979 0.37655820226214987 0.4173818254643997 0.4236627403861395 0.42532679009917596 0.4268324691648449 0.4266342945155233 
0.638671875 0.125 0.125 0.125 0.125000000000026 0.1250000000086736 0.12500000013096038 0.12499983379447323 0.12498536253063741 0.23574688034672459 0.264905937281227 0.2666677424937077 0.2672944552887668 0.26278382564444547 0.2589181769021342 0.27095814691277287 0.3409889547187931 0.4080876265475257 0.4222916055227096 0.42472671302195236 0.42633491363134757 0.4269831531513647 
0.642578125 0.125 0.125 0.125 0.12499999999998264 0.12499999999957227 0.12500000044371148 0.12500003468047666 0.12499803530277129 0.1645073089691972 0.2645106891995254 0.265401232366357 0.26743369942295503 0.2655767699074514 0.2600632009682257 0.2620773290145495 0.30500740338294746 0.38747369867222153 0.4192158165498837 0.4240466874753579 0.42564940835743886 0.4269850263947404 
0.646484375 0.125 0.125 0.125 0.12499999999999678 0.12499999999903359 0.12499999995414264 0.12500001769516422 0.1250029286517709 0.12971288207756504 0.264075936942836 0.2645166468582878 0.26698364512030703 0.267545211460166 0.2622479697335521 0.25911829701386985 0.27767230076582855 0.3547399055951183 0.4121696316649817 0.42286038282257044 0.4249581529560797 0.4265329181839789 
0.650390625 0.125 0.125 0.125 0.12500000000000128 0.12500000000012115 0.12499999995591393 0.12499999496155649 0.12500047618366758 0.12547715053440794 0.2625787462934533 0.2643362089645992 0.2661988465717129 0.2679972116029729 0.2646497082462831 0.2591647218445127 0.2641025390764059 0.31787413210642157 0.39622487669444434 0.42040567969493364 0.42425554447623043 0.42581662672593074 
0.654296875 0.125 0.125 0.125 0.1250000000000002 0.12500000000010147 0.12500000000831382 0.1249999983951575 0.12499971335877531 0.1250197371596569 0.25314663966752016 0.26468333127797616 0.2652830060704867 0.26733498218819995 0.26655554617840227 0.2609444090070057 0.25998291001919405 0.28661302897303936 0.3674848245110446 0.41513932716426105 0.4232677208451769 0.42510458744928886 
0.658203125 0.125 0.125 0.125 0.125 0.1249999999999785 0.12500000000404335 0.1250000006886014 0.12499997421586932 0.12498916299080094 0.20097141820132414 0.2652285073695943 0.26453454644909624 0.2661843822049396 0.267518280733176 0.2635770253130828 0.25949178583430155 0.2685980567434481 0.33163378647781633 0.4033297947803914 0.4214151538516133 0.4244776329631721 
0.662109375 0.125 0.125 0.125 0.125 0.12499999999998909 0.12499999999877007 0.1250000001329265 0.12500003703742116 0.12500245445025965 0.13902744175723614 0.2655913137300928 0.26422360484573226 0.26505496591218297 0.2675538379867829 0.2661711935785314 0.26070234335709436 0.2614564950056171 0.29760964366023396 0.3793179008397817 0.41747630873771246 0.42369806992455267 
0.666015625 0.125 0.125 0.125 0.125 0.12500000000000258 0.12499999999966982 0.12499999991423448 0.12500000067718184 0.1250017016195406 0.12645551411518385 0.2651448020896237 0.26444089418094496 0.26440967221955197 0.2669597861474256 0.2677446680943494 0.2627582648030073 0.25929173239839515 0.27366234155531355 0.3451750392104016 0.40859892997843783 0.42223920179666646 
0.669921875 0.125 0.125 0.125 0.125 0.12500000000000078 0.1250000000001618 0.1249999999911027 0.1249999958181413 0.1249998160120521 0.12512737149387573 0.2610294235911227 0.2650980320692932 0.264361639167064 0.26600640255396846 0.26783101988218644 0.2649559196427944 0.25980131604815754 0.2632840823825818 0.3094143773233307 0.3892909899606621 0.41913808342277864 
0.673828125 0.125 0.125 0.125 0.125 0.12499999999999942 0.12500000000001968 0.12500000001007486 0.1250000002519072 0.12499984398504448 0.12498455023070161 0.23395343522087483 0.2658907767126431 0.26468669727469163 0.2649877450434264 0.2670839140530426 0.26667909231622927 0.2617388617800014 0.26023223713792526 0.2814348381009961 0.35828960544441174 0.4124353347803519 
0.677734375 0.125 0.125 0.125 0.125 0.12499999999999983 0.12499999999997861 0.12500000000029962 0.12500000045693116 0.12500003625601847 0.12499859322107065 0.16099116864221402 0.26639601322681294 0.26513077710404614 0.26425640027772435 0.2660209578178807 0.2675210992119053 0.26427169925883987 0.2600433287465822 0.26664611877997985 0.32268533539274036 0.3976998509725641 
0.681640625 0.125 0.125 0.125 0.125 0.125 0.12499999999999853 0.12499999999887952 0.12499999993837589 0.12500001626813081 0.1250028854878915 0.12922069059475177 0.2661525880248901 0.2655110725398553 0.2640739939822612 0.26508382960780674 0.2674735109940301 0.26653376393544803 0.26128532470588806 0.2609765235103663 0.29087996919987985 0.3707151365682713 
0.685546875 0.125 0.125 0.125 0.125 0.125 0.12500000000000172 0.1250000000000422 0.12499999995295712 0.12499999485072832 0.12500040362948736 0.12542259670524142 0.2639419106366652 0.26583913858349356 0.2644683668065781 0.2645776221021056 0.26678566595985537 0.2676198164212113 0.26324640838030716 0.25963963053398337 0.27052337208576305 0.33585949648102387 
0.689453125 0.125 0.125 0.125 0.125 0.125 0.1249999999999996 0.125000000000116 0.12500000001036204 0.12499999858054411 0.12499971701899389 0.12501341939698762 0.25239042568685477 0.26617000057653756 0.2651963162325509 0.2645177647791845 0.2657715366656656 0.2674497219920429 0.26531166592888 0.260523500928129 0.26271247508091905 0.30179662682686026 
0.693359375 0.125 0.125 0.125 0.125 0.125 0.12499999999999957 0.12499999999998584 0.12500000000458217 0.1250000006938478 0.12499998118640142 0.12499018460582498 0.197049322229406 0.26633531444926234 0.2659344513044156 0.2647392626515383 0.26480817226635106 0.26667032181741207 0.2668864557703741 0.26255148416903107 0.2604139690846905 0.2772168645835747 
0.697265625 0.125 0.125 0.125 0.125 0.125 0.125 0.12499999999998761 0.1249999999985101 0.1250000001088185 0.1250000360067114 0.12500263248880178 0.1375870671562523 0.2660148958295562 0.26635454868896796 0.2650652222453157 0.2642572123123384 0.2657296084538292 0.26755359625669295 0.26492287668674863 0.2604637889441358 0.26512568852099905 
0.701171875 0.125 0.125 0.125 0.125 0.125 0.125 0.12500000000000147 0.12499999999958394 0.1249999999139838 0.12499999997091163 0.12500156603098098 0.12630421986515464 0.26464782015066857 0.26634357460810565 0.2654028718350994 0.2643125324514342 0.2649920247059252 0.26731211574567576 0.2668139189341953 0.26177313297515975 0.2607472543725039 
0.705078125 0.125 0.125 0.125 0.125 0.125 0.125 0.12500000000000053 0.1250000000001936 0.12499999999423067 0.12499999599036314 0.12499978525719725 0.1251115970537915 0.25967894887627263 0.26613292765509283 0.2657478348054879 0.26483723628742945 0.2646275890860763 0.2664638441404928 0.26750310582105397 0.26372854387176414 0.26006882588464675 
0.708984375 0.125 0.125 0.125 0.125 0.125 0.125 0.12499999999999943 0.12500000000003225 0.12500000001013467 0.12500000031435504 0.12499985793034858 0.12498408295412287 0.23181625278096918 0.26587429277210295 0.2660821475492761 0.2655244505801539 0.26461457774198993 0.26539632745652 0.2671958935141215 0.26573828677945227 0.26119540567403565 
0.712890625 0.125 0.125 0.125 0.125 0.125 0.125 0.12499999999999985 0.12499999999997502 0.12499999999989425 0.12500000043088608 0.12500003860543424 0.1249992176287055 0.1592161813248927 0.26546570965201355 0.2662763801218123 0.26608747944668204 0.26484228187149955 0.26452000139798704 0.2664328540630476 0.2671730552607966 0.26322278759858814 
0.716796875 0.125 0.125 0.125 0.125 0.125 0.125 0.125 0.12499999999999671 0.1249999999988596 0.12499999993337967 0.1250000145252179 0.12500280207674383 0.12895218011520154 0.26460469201512604 0.26617001222645476 0.2663061844917635 0.2652033600010259 0.2641740233388863 0.26560077218058264 0.2676294439291794 0.26537735165367393 
0.720703125 0.125 0.125 0.125 0.125 0.125 0.125 0.125 0.12500000000000197 0.12500000000009395 0.12499999995662273 0.12499999469967575 0.12500031308020398 0.12539010784904345 0.2622610828681206 0.26580007913870457 0.2661794632557262 0.26562941488703407 0.26444504745725805 0.2649605872519064 0.2671725764964032 0.2669137060607706 
0.724609375 0.125 0.125 0.125 0.125 0.125 0.125 0.125 0.12499999999999971 0.12500000000012032 0.12500000001069508 0.12499999877305851 0.12499972529784051 0.12500968827489492 0.25124968853681506 0.2654141053009466 0.2658907271162051 0.2660465291883682 0.2650737015214459 0.26461888531665434 0.2662036557330885 0.26736159641521406 
0.728515625 0.125 0.125 0.125 0.125 0.125 0.125 0.125 0.12499999999999954 0.12499999999997874 0.12500000000407885 0.12500000069559736 0.12499999058656594 0.12499092725861474 0.19603251660952126 0.26511348972347737 0.265625544974324 0.2663373552406994 0.26575467268529973 0.26458425089370424 0.2651460144602041 0.2670190161311202 
0.732421875 0.125 0.125 0.125 0.125 0.125 0.125 0.125 0.125 0.12499999999998648 0.1249999999984941 0.12500000008860895 0.1250000343124659 0.12500272236332596 0.13714095990793418 0.2646982337018402 0.2654363462919727 0.26638456584757597 0.2662256594816809 0.2648048908211495 0.2644045651827051 0.2663225339359981 
0.736328125 0.125 0.125 0.125 0.125 0.125 0.125 0.125 0.125 0.12500000000000241 0.12499999999965174 0.12499999991539146 0.12499999895996639 0.12500145199200138 0.12624824440454321 0.2636415319779358 0.2652673965717863 0.2661282204184486 0.2663620009932291 0.26520938083476414 0.2642679444500475 0.26558183602158014 
0.740234375 0.125 0.125 0.125 0.125 0.125 0.125 0.125 0.125 0.12500000000000075 0.1250000000001936 0.12499999999620978 0.12499999624097792 0.12499976781017988 0.12510528474383895 0.2592673406913535 0.26515187966104703 0.2656512939027585 0.2662437506364296 0.2657135762921944 0.2646593756394123 0.2649854220911154 
0.744140625 0.125 0.125 0.125 0.125 0.125 0.125 0.125 0.125 0.12499999999999935 0.12500000000002315 0.12500000000979822 0.12500000041073175 0.12499987125288348 0.12498401405551879 0.23111899103118214 0.2651460593331883 0.26516926259552115 0.26601019785020297 0.2661818089040747 0.2652788642343902 0.26464275583003544 
0.748046875 0.125 0.125 0.125 0.125 0.125 0.125 0.125 0.125 0.12499999999999979 0.12499999999997514 0.12499999999971464 0.1250000003970775 0.12500003959978082 0.124999472828175 0.15830599208679458 0.2651112786281702 0.264888682571266 0.2657708386867615 0.26645107802308093 0.26585073131753617 0.26460842997818024 
0.751953125 0.125 0.125 0.125 0.125 0.125 0.125 0.125 0.125 0.125 0.12499999999999827 0.12499999999891788 0.12499999992484784 0.12500001274768827 0.12500274459967173 0.12881986644344556 0.2646990380829279 0.264877745227175 0.2655562138193063 0.2664121552539703 0.2661754461411645 0.26486557078492895 
0.755859375 0.125 0.125 0.125 0.125 0.125 0.125 0.125 0.125 0.125 0.12500000000000222 0.12500000000010916 0.1249999999607783 0.12499999469503414 0.12500027259110735 0.1253751669898653 0.2627055593965028 0.26506402145310765 0.26534307230336074 0.26608183534320157 0.2662329824061228 0.2653381618896047 
0.759765625 0.125 0.125 0.125 0.125 0.125 0.125 0.125 0.125 0.125 0.12499999999999961 0.12500000000011194 0.12500000001135647 0.12499999898452693 0.12499973268647431 0.12500799524029685 0.25105192370524954 0.26534959606388736 0.2651377924467683 0.26561977194939856 0.2661235934004466 0.26588443347575935 
0.763671875 0.125 0.125 0.125 0.125 0.125 0.125 0.125 0.125 0.125 0.12499999999999954 0.12499999999997805 0.1250000000036003 0.125000000681295 0.12499999483469487 0.12499125261585078 0.19395234915094478 0.2655784564395387 0.26500901775706753 0.265221959811983 0.265950714903484 0.26631173068018094 
0.767578125 0.125 0.125 0.125 0.125 0.125 0.125 0.125 0.125 0.125 0.125 0.12499999999998787 0.1249999999984558 0.1250000000645572 0.12500003291248402 0.12500275387226298 0.1364374370616375 0.265480390455835 0.26502079784689425 0.26504104980180854 0.2657650649761545 0.26645683433930717 
0.771484375 0.125 0.125 0.125 0.125 0.125 0.125 0.125 0.125 0.125 0.125 0.12500000000000247 0.12499999999970365 0.12499999991857276 0.12499999851115291 0.12500140499430254 0.12618121924760395 0.26444644246968557 0.2651903136599032 0.265094594675119 0.26556384742041683 0.26626493282008606 
0.775390625 0.125 0.125 0.125 0.125 0.125 0.125 0.125 0.125 0.125 0.125 0.12500000000000058 0.12500000000019346 0.12499999999880083 0.12499999645261838 0.12499976237767128 0.12509864037366827 0.2594336592712939 0.2654837033953462 0.26527174733136066 0.26534660641117813 0.2658501501030255 
0.779296875 0.125 0.125 0.125 0.125 0.125 0.125 0.125 0.125 0.125 0.125 0.12499999999999935 0.12500000000001765 0.12500000000927808 0.12500000044974746 0.1249998765444759 0.12498391657161527 0.2288982614367544 0.26576448332664776 0.2654486520496779 0.26516226823336053 0.26540516600096875 
0.783203125 0.125 0.125 0.125 0.125 0.125 0.125 0.125 0.125 0.125 0.125 0.12499999999999982 0.1249999999999757 0.12499999999944944 0.1250000003673905 0.12500003964155776 0.12499971302648782 0.15631498763315732 0.2657947666286983 0.2655424753014136 0.26509381701888224 0.26510639047912915 
0.787109375 0.125 0.125 0.125 0.125 0.125 0.125 0.125 0.125 0.125 0.125 0.125 0.12499999999999871 0.12499999999899132 0.12499999992217362 0.12500001205293557 0.1250027100564944 0.12856471122235436 0.265212476810941 0.2655551480162141 0.2651932333064338 0.26504619947759067 
0.791015625 0.125 0.125 0.125 0.125 0.125 0.125 0.125 0.125 0.125 0.125 0.125 0.12500000000000205 0.12500000000013434 0.12499999996464398 0.12499999475641635 0.1250002411725698 0.12534800847624847 0.26274448137649015 0.2655778692898728 0.2654313873832555 0.26517224713838905 
0.794921875 0.125 0.125 0.125 0.125 0.125 0.125 0.125 0.125 0.125 0.125 0.125 0.12499999999999957 0.1250000000001023 0.1250000000114166 0.12499999906539759 0.12499973589922536 0.12500494081488261 0.24998573763161622 0.26566923004662246 0.26570318434834655 0.26536564630924775 
0.798828125 0.125 0.125 0.125 0.125 0.125 0.125 0.125 0.125 0.125 0.125 0.125 0.12499999999999954 0.12499999999997591 0.12500000000312236 0.1250000006652376 0.12499999768357159 0.12499184640855691 0.1910802607057345 0.26568682526826165 0.2658833172640738 0.26552559956217453 
0.802734375 0.125 0.125 0.125 0.125 0.125 0.125 0.125 0.125 0.125 0.125 0.125 0.125 0.12499999999998904 0.12499999999847933 0.12500000005567563 0.12500003229690382 0.12500282757674722 0.135524889085542 0.2653502361473619 0.26586923245288474 0.26562046472706047 
0.806640625 0.125 0.125 0.125 0.125 0.125 0.125 0.125 0.125 0.125 0.125 0.125 0.125 0.12500000000000266 0.12499999999976001 0.1249999999214415 0.12499999825087653 0.12500132976194753 0.12608860161100197 0.2640713263774801 0.26569578802123917 0.26568021886668775 
0.810546875 0.125 0.125 0.125 0.125 0.125 0.125 0.125 0.125 0.125 0.125 0.125 0.125 0.12500000000000047 0.1250000000001875 0.1249999999996925 0.12499999654116245 0.12499974950136758 0.12508886837812355 0.25880361610587455 0.2655400936244222 0.26574445234734523 
0.814453125 0.125 0.125 0.125 0.125 0.125 0.125 0.125 0.125 0.125 0.125 0.125 0.125 0.12499999999999935 0.12500000000001157 0.12500000000883396 0.12500000046821869 0.12499988404984115 0.12498393358234067 0.22699538250143858 0.26546220766555717 0.26581579455801674 
0.818359375 0.125 0.125 0.125 0.125 0.125 0.125 0.125 0.125 0.125 0.125 0.125 0.125 0.12499999999999983 0.12499999999997675 0.12499999999937046 0.12500000035560405 0.12500004048154997 0.12500008917110797 0.15463067227830737 0.2652659946767281 0.26582956516254597 
0.822265625 0.125 0.125 0.125 0.125 0.125 0.125 0.125 0.125 0.125 0.125 0.125 0.125 0.125 0.1249999999999995 0.1249999999990544 0.12499999992144077 0.12500001117002427 0.125002642278079 0.1283317346528866 0.2645937818989093 0.2657083949545588 
0.826171875 0.125 0.125 0.125 0.125 0.125 0.125 0.125 0.125 0.125 0.125 0.125 0.125 0.125 0.12500000000000203 0.12500000000013997 0.12499999996608822 0.12499999471916219 0.12500018747960165 0.1253216749719364 0.26218712637006847 0.2655087668795144 
0.830078125 0.125 0.125 0.125 0.125 0.125 0.125 0.125 0.125 0.125 0.125 0.125 0.125 0.125 0.12499999999999949 0.1250000000000942 0.12500000001133038 0.12499999915767436 0.12499974250862039 0.12500201763502072 0.24920877938500258 0.265374802982658 
0.833984375 0.125 0.125 0.125 0.125 0.125 0.125 0.125 0.125 0.125 0.125 0.125 0.125 0.125 0.12499999999999957 0.1249999999999758 0.12500000000295614 0.12500000066256545 0.12500000298076835 0.12499250382118422 0.18915131091659085 0.26526953931911407 
0.837890625 0.125 0.125 0.125 0.125 0.125 0.125 0.125 0.125 0.125 0.125 0.125 0.125 0.125 0.125 0.12499999999999006 0.12499999999850965 0.1250000000465371 0.12500003115333053 0.12500288801814782 0.13489880438728954 0.26493130835847234 
0.841796875 0.125 0.125 0.125 0.125 0.125 0.125 0.125 0.125 0.125 0.125 0.125 0.125 0.125 0.125 0.12500000000000247 0.12499999999977773 0.12499999992237291 0.12499999771459419 0.1250012371156034 0.12602180625619344 0.2637455916340165 
0.845703125 0.125 0.125 0.125 0.125 0.125 0.125 0.125 0.125 0.125 0.125 0.125 0.125 0.125 0.125 0.12500000000000033 0.1250000000001815 0.12500000000052625 0.12499999669644568 0.12499973789960829 0.12508152757436838 0.25844470454794677 
0.849609375 0.125 0.125 0.125 0.125 0.125 0.125 0.125 0.125 0.125 0.125 0.125 0.125 0.125 0.125 0.12499999999999935 0.12500000000000958 0.12500000000867095 0.12500000051603186 0.12499989418689292 0.1249840698247261 0.22538398021718734 
0.853515625 0.125 0.125 0.125 0.125 0.125 0.125 0.125 0.125 0.125 0.125 0.125 0.125 0.125 0.125 0.12499999999999985 0.12499999999997759 0.12499999999930224 0.12500000033600212 0.12500004101998688 0.1250003726975374 0.15328660765097038 
0.857421875 0.125 0.125 0.125 0.125 0.125 0.125 0.125 0.125 0.125 0.125 0.125 0.125 0.125 0.125 0.125 0.12499999999999947 0.1249999999990771 0.12499999991751416 0.12500000990872143 0.1250025725804831 0.12815420086607535 
0.861328125 0.125 0.125 0.125 0.125 0.125 0.125 0.125 0.125 0.125 0.125 0.125 0.125 0.125 0.125 0.125 0.1250000000000017 0.1250000000001438 0.12499999996837377 0.12499999473534833 0.12500014454124014 0.12530230997208414 
0.865234375 0.125 0.125 0.125 0.125 0.125 0.125 0.125 0.125 0.125 0.125 0.125 0.125 0.125 0.125 0.125 0.12499999999999949 0.12500000000009087 0.12500000001160555 0.12499999929867919 0.12499975037617994 0.1249999106047678 
0.869140625 0.125 0.125 0.125 0.125 0.125 0.125 0.125 0.125 0.125 0.125 0.125 0.125 0.125 0.125 0.125 0.1249999999999996 0.12499999999997562 0.12500000000270348 0.12500000065117137 0.1250000072335885 0.1249929995499722 
0.873046875 0.125 0.125 0.125 0.125 0.125 0.125 0.125 0.125 0.125 0.125 0.125 0.125 0.125 0.125 0.125 0.125 0.12499999999999038 0.12499999999849584 0.12500000003140244 0.12500002981747066 0.12500292282257155 
0.876953125 0.125 0.125 0.125 0.125 0.125 0.125 0.125 0.125 0.125 0.125 0.125 0.125 0.125 0.125 0.125 0.125 0.12500000000000247 0.12499999999980402 0.12499999992457787 0.1249999972910867 0.12500116777426665 
0.880859375 0.125 0.125 0.125 0.125 0.125 0.125 0.125 0.125 0.125 0.125 0.125 0.125 0.125 0.125 0.125 0.125 0.12500000000000033 0.12500000000018124 0.1250000000020693 0.12499999688263222 0.12499973127342905 
0.884765625 0.125 0.125 0.125 0.125 0.125 0.125 0.125 0.125 0.125 0.125 0.125 0.125 0.125 0.125 0.125 0.125 0.12499999999999935 0.125000000000007 0.12500000000833542 0.12500000055127042 0.1249999017381944 
0.888671875 0.125 0.125 0.125 0.125 0.125 0.125 0.125 0.125 0.125 0.125 0.125 0.125 0.125 0.125 0.125 0.125 0.12499999999999988 0.12499999999997771 0.12499999999915223 0.12500000031164823 0.12500004109383056 
0.892578125 0.125 0.125 0.125 0.125 0.125 0.125 0.125 0.125 0.125 0.125 0.125 0.125 0.125 0.125 0.125 0.125 0.125 0.12499999999999968 0.12499999999912219 0.12499999991511854 0.12500000897557795 
0.896484375 0.125 0.125 0.125 0.125 0.125 0.125 0.125 0.125 0.125 0.125 0.125 0.125 0.125 0.125 0.125 0.125 0.125 0.12500000000000172 0.12500000000015782 0.12499999997135343 0.12499999479740052 
0.900390625 0.125 0.125 0.125 0.125 0.125 0.125 0.125 0.125 0.125 0.125 0.125 0.125 0.125 0.125 0.125 0.125 0.125 0.12499999999999949 0.1250000000000856 0.1250000000116813 0.12499999940197523 
0.904296875 0.125 0.125 0.125 0.125 0.125 0.125 0.125 0.125 0.125 0.125 0.125 0.125 0.125 0.125 0.125 0.125 0.125 0.12499999999999963 0.12499999999997462 0.1250000000023557 0.12500000063525174 
0.908203125 0.125 0.125 0.125 0.125 0.125 0.125 0.125 0.125 0.125 0.125 0.125 0.125 0.125 0.125 0.125 0.125 0.125 0.125 0.12499999999999113 0.12499999999850997 0.12500000002051234 
0.912109375 0.125 0.125 0.125 0.125 0.125 0.125 0.125 0.125 0.125 0.125 0.125 0.125 0.125 0.125 0.125 0.125 0.125 0.125 0.12500000000000266 0.12499999999984342 0.12499999992729678 
0.916015625 0.125 0.125 0.125 0.125 0.125 0.125 0.125 0.125 0.125 0.125 0.125 0.125 0.125 0.125 0.125 0.125 0.125 0.125 0.12500000000000025 0.1250000000001775 0.1250000000031394 
0.919921875 0.125 0.125 0.125 0.125 0.125 0.125 0.125 0.125 0.125 0.125 0.125 0.125 0.125 0.125 0.125 0.125 0.125 0.125 0.12499999999999936 0.12500000000000286 0.12500000000793451 
0.923828125 0.125 0.125 0.125 0.125 0.125 0.125 0.125 0.125 0.125 0.125 0.125 0.125 0.125 0.125 0.125 0.125 0.125 0.125 0.12499999999999988 0.12499999999997848 0.12499999999905612 
0.927734375 0.125 0.125 0.125 0.125 0.125 0.125 0.125 0.125 0.125 0.125 0.125 0.125 0.125 0.125 0.125 0.125 0.125 0.125 0.125 0.12500000000000025 0.1249999999991767 
0.931640625 0.125 0.125 0.125 0.125 0.125 0.125 0.125 0.125 0.125 0.125 0.125 0.125 0.125 0.125 0.125 0.125 0.125 0.125 0.125 0.12500000000000172 0.12500000000016526 
0.935546875 0.125 0.125 0.125 0.125 0.125 0.125 0.125 0.125 0.125 0.125 0.125 0.125 0.125 0.125 0.125 0.125 0.125 0.125 0.125 0.12499999999999944 0.12500000000007855 
0.939453125 0.125 0.125 0.125 0.125 0.125 0.125 0.125 0.125 0.125 0.125 0.125 0.125 0.125 0.125 0.125 0.125 0.125 0.125 0.125 0.12499999999999963 0.12499999999997415 
0.943359375 0.125 0.125 0.125 0.125 0.125 0.125 0.125 0.125 0.125 0.125 0.125 0.125 0.125 0.125 0.125 0.125 0.125 0.125 0.125 0.125 0.12499999999999191 
0.947265625 0.125 0.125 0.125 0.125 0.125 0.125 0.125 0.125 0.125 0.125 0.125 0.125 0.125 0.125 0.125 0.125 0.125 0.125 0.125 0.125 0.12500000000000264 
0.951171875 0.125 0.125 0.125 0.125 0.125 0.125 0.125 0.125 0.125 0.125 0.125 0.125 0.125 0.125 0.125 0.125 0.125 0.125 0.125 0.125 0.1250000000000002 
0.955078125 0.125 0.125 0.125 0.125 0.125 0.125 0.125 0.125 0.125 0.125 0.125 0.125 0.125 0.125 0.125 0.125 0.125 0.125 0.125 0.125 0.12499999999999935 
0.958984375 0.125 0.125 0.125 0.125 0.125 0.125 0.125 0.125 0.125 0.125 0.125 0.125 0.125 0.125 0.125 0.125 0.125 0.125 0.125 0.125 0.1249999999999999 
0.962890625 0.125 0.125 0.125 0.125 0.125 0.125 0.125 0.125 0.125 0.125 0.125 0.125 0.125 0.125 0.125 0.125 0.125 0.125 0.125 0.125 0.125 
0.966796875 0.125 0.125 0.125 0.125 0.125 0.125 0.125 0.125 0.125 0.125 0.125 0.125 0.125 0.125 0.125 0.125 0.125 0.125 0.125 0.125 0.125 
0.970703125 0.125 0.125 0.125 0.125 0.125 0.125 0.125 0.125 0.125 0.125 0.125 0.125 0.125 0.125 0.125 0.125 0.125 0.125 0.125 0.125 0.125 
0.974609375 0.125 0.125 0.125 0.125 0.125 0.125 0.125 0.125 0.125 0.125 0.125 0.125 0.125 0.125 0.125 0.125 0.125 0.125 0.125 0.125 0.125 
0.978515625 0.125 0.125 0.125 0.125 0.125 0.125 0.125 0.125 0.125 0.125 0.125 0.125 0.125 0.125 0.125 0.125 0.125 0.125 0.125 0.125 0.125 
0.982421875 0.125 0.125 0.125 0.125 0.125 0.125 0.125 0.125 0.125 0.125 0.125 0.125 0.125 0.125 0.125 0.125 0.125 0.125 0.125 0.125 0.125 
0.986328125 0.125 0.125 0.125 0.125 0.125 0.125 0.125 0.125 0.125 0.125 0.125 0.125 0.125 0.125 0.125 0.125 0.125 0.125 0.125 0.125 0.125 
0.990234375 0.125 0.125 0.125 0.125 0.125 0.125 0.125 0.125 0.125 0.125 0.125 0.125 0.125 0.125 0.125 0.125 0.125 0.125 0.125 0.125 0.125 
0.994140625 0.125 0.125 0.125 0.125 0.125 0.125 0.125 0.125 0.125 0.125 0.125 0.125 0.125 0.125 0.125 0.125 0.125 0.125 0.125 0.125 0.125 
0.998046875 0.125 0.125 0.125 0.125 0.125 0.125 0.125 0.125 0.125 0.125 0.125 0.125 0.125 0.125 0.125 0.125 0.125 0.125 0.125 0.125 0.125 
