0.001953125 0.0 0.0 0.0 0.0 0.0 0.0 0.0 0.0 0.0 0.0 0.0 0.0 0.0 0.0 0.0 0.0 0.0 0.0 0.0 0.0 0.0 
0.005859375 0.0 0.0 0.0 0.0 0.0 0.0 0.0 0.0 0.0 0.0 0.0 0.0 0.0 0.0 0.0 0.0 0.0 0.0 0.0 0.0 0.0 
0.009765625 0.0 0.0 0.0 0.0 0.0 0.0 0.0 0.0 0.0 0.0 0.0 0.0 0.0 0.0 0.0 0.0 0.0 0.0 0.0 0.0 0.0 
0.013671875 0.0 0.0 0.0 0.0 0.0 0.0 0.0 0.0 0.0 0.0 0.0 0.0 0.0 0.0 0.0 0.0 0.0 0.0 0.0 0.0 0.0 
0.017578125 0.0 0.0 0.0 0.0 0.0 0.0 0.0 0.0 0.0 0.0 0.0 0.0 0.0 0.0 0.0 0.0 0.0 0.0 0.0 0.0 0.0 
0.021484375 0.0 0.0 0.0 0.0 0.0 0.0 0.0 0.0 0.0 0.0 0.0 0.0 0.0 0.0 0.0 0.0 0.0 0.0 0.0 0.0 0.0 
0.025390625 0.0 0.0 0.0 0.0 0.0 0.0 0.0 0.0 0.0 0.0 0.0 0.0 0.0 0.0 0.0 0.0 0.0 0.0 0.0 0.0 0.0 
0.029296875 0.0 0.0 0.0 0.0 0.0 0.0 0.0 0.0 0.0 0.0 0.0 0.0 0.0 0.0 0.0 0.0 0.0 0.0 0.0 0.0 0.0 
0.033203125 0.0 0.0 0.0 0.0 0.0 0.0 0.0 0.0 0.0 0.0 0.0 0.0 0.0 0.0 0.0 0.0 0.0 0.0 0.0 0.0 0.0 
0.037109375 0.0 0.0 0.0 0.0 0.0 0.0 0.0 0.0 0.0 0.0 0.0 0.0 0.0 0.0 0.0 0.0 0.0 0.0 0.0 0.0 0.0 
0.041015625 0.0 0.0 0.0 0.0 0.0 0.0 0.0 0.0 0.0 0.0 0.0 0.0 0.0 0.0 0.0 0.0 0.0 0.0 0.0 0.0 0.0 
0.044921875 0.0 0.0 0.0 0.0 0.0 0.0 0.0 0.0 0.0 0.0 0.0 0.0 0.0 0.0 0.0 0.0 0.0 0.0 0.0 0.0 0.0 
0.048828125 0.0 0.0 0.0 0.0 0.0 0.0 0.0 0.0 0.0 0.0 0.0 0.0 0.0 0.0 0.0 0.0 0.0 0.0 0.0 0.0 0.0 
0.052734375 0.0 0.0 0.0 0.0 0.0 0.0 0.0 0.0 0.0 0.0 0.0 0.0 0.0 0.0 0.0 0.0 0.0 0.0 0.0 0.0 0.0 
0.056640625 0.0 0.0 0.0 0.0 0.0 0.0 0.0 0.0 0.0 0.0 0.0 0.0 0.0 0.0 0.0 0.0 0.0 0.0 0.0 0.0 0.0 
0.060546875 0.0 0.0 0.0 0.0 0.0 0.0 0.0 0.0 0.0 0.0 0.0 0.0 0.0 0.0 0.0 0.0 0.0 0.0 0.0 0.0 0.0 
0.064453125 0.0 0.0 0.0 0.0 0.0 0.0 0.0 0.0 0.0 0.0 0.0 0.0 0.0 0.0 0.0 0.0 0.0 0.0 0.0 0.0 0.0 
0.068359375 0.0 0.0 0.0 0.0 0.0 0.0 0.0 0.0 0.0 0.0 0.0 0.0 0.0 0.0 0.0 0.0 0.0 0.0 0.0 0.0 0.0 
0.072265625 0.0 0.0 0.0 0.0 0.0 0.0 0.0 0.0 0.0 0.0 0.0 0.0 0.0 0.0 0.0 0.0 0.0 0.0 0.0 0.0 0.0 
0.076171875 0.0 0.0 0.0 0.0 0.0 0.0 0.0 0.0 0.0 0.0 0.0 0.0 0.0 0.0 0.0 0.0 0.0 0.0 0.0 0.0 0.0 
0.080078125 0.0 0.0 0.0 0.0 0.0 0.0 0.0 0.0 0.0 0.0 0.0 0.0 0.0 0.0 0.0 0.0 0.0 0.0 0.0 0.0 0.0 
0.083984375 0.0 0.0 0.0 0.0 0.0 0.0 0.0 0.0 0.0 0.0 0.0 0.0 0.0 0.0 0.0 0.0 0.0 0.0 0.0 0.0 -6.158037043254203e-17 
0.087890625 0.0 0.0 0.0 0.0 0.0 0.0 0.0 0.0 0.0 0.0 0.0 0.0 0.0 0.0 0.0 0.0 0.0 0.0 0.0 0.0 -1.0184445879228074e-16 
0.091796875 0.0 0.0 0.0 0.0 0.0 0.0 0.0 0.0 0.0 0.0 0.0 0.0 0.0 0.0 0.0 0.0 0.0 0.0 0.0 0.0 1.609616144075213e-15 
0.095703125 0.0 0.0 0.0 0.0 0.0 0.0 0.0 0.0 0.0 0.0 0.0 0.0 0.0 0.0 0.0 0.0 0.0 0.0 0.0 -9.473903143468003e-19 -3.2192322881504285e-15 
0.099609375 0.0 0.0 0.0 0.0 0.0 0.0 0.0 0.0 0.0 0.0 0.0 0.0 0.0 0.0 0.0 0.0 0.0 0.0 0.0 -1.7526720815415805e-16 -2.38339718331796e-14 
0.103515625 0.0 0.0 0.0 0.0 0.0 0.0 0.0 0.0 0.0 0.0 0.0 0.0 0.0 0.0 0.0 0.0 0.0 0.0 0.0 8.370193427253978e-16 -1.2514552357363994e-14 
0.107421875 0.0 0.0 0.0 0.0 0.0 0.0 0.0 0.0 0.0 0.0 0.0 0.0 0.0 0.0 0.0 0.0 0.0 0.0 0.0 2.6100603160254105e-16 1.238466514526711e-13 
0.111328125 0.0 0.0 0.0 0.0 0.0 0.0 0.0 0.0 0.0 0.0 0.0 0.0 0.0 0.0 0.0 0.0 0.0 0.0 -9.189686049163963e-17 -1.4258224230919335e-14 2.9073656075221716e-13 
0.115234375 0.0 0.0 0.0 0.0 0.0 0.0 0.0 0.0 0.0 0.0 0.0 0.0 0.0 0.0 0.0 0.0 0.0 0.0 1.6579330501069017e-16 -2.2609943547043514e-14 -8.715517196833966e-15 
0.119140625 0.0 0.0 0.0 0.0 0.0 0.0 0.0 0.0 0.0 0.0 0.0 0.0 0.0 0.0 0.0 0.0 0.0 0.0 1.496876696667943e-15 6.1132254813856e-14 -1.0651424039072783e-12 
0.123046875 0.0 0.0 0.0 0.0 0.0 0.0 0.0 0.0 0.0 0.0 0.0 0.0 0.0 0.0 0.0 0.0 0.0 -1.0421293457814803e-17 -5.917873598567288e-15 2.3766565012313833e-13 -1.3257225835635202e-12 
0.126953125 0.0 0.0 0.0 0.0 0.0 0.0 0.0 0.0 0.0 0.0 0.0 0.0 0.0 0.0 0.0 0.0 0.0 -6.252776074688876e-17 -2.0174676744015086e-14 1.5453878177140673e-13 2.4337135566080803e-12 
0.130859375 0.0 0.0 0.0 0.0 0.0 0.0 0.0 0.0 0.0 0.0 0.0 0.0 0.0 0.0 0.0 0.0 0.0 9.95233525221313e-16 2.0354680903741052e-14 -6.539773759565535e-13 8.691394744649484e-12 
0.134765625 0.0 0.0 0.0 0.0 0.0 0.0 0.0 0.0 0.0 0.0 0.0 0.0 0.0 0.0 0.0 0.0 0.0 -7.403855306620267e-16 1.6719639006623752e-13 -1.4015545464947828e-12 3.1618422250782153e-12 
0.138671875 0.0 0.0 0.0 0.0 0.0 0.0 0.0 0.0 0.0 0.0 0.0 0.0 0.0 0.0 0.0 0.0 -5.779080917515482e-17 -1.2199071382686554e-14 2.2150838200711054e-13 7.964573001118006e-13 -2.8416702946287864e-11 
0.142578125 0.0 0.0 0.0 0.0 0.0 0.0 0.0 0.0 0.0 0.0 0.0 0.0 0.0 0.0 0.0 0.0 2.150576013567236e-16 -1.2590817277668732e-15 -2.991062804843148e-13 6.75778437653207e-12 -5.334081218203806e-11 
0.146484375 0.0 0.0 0.0 0.0 0.0 0.0 0.0 0.0 0.0 0.0 0.0 0.0 0.0 0.0 0.0 0.0 1.2363443602225736e-15 9.995015185874461e-14 -1.2095313195459313e-12 6.4614710026944315e-12 2.709584284351277e-11 
0.150390625 0.0 0.0 0.0 0.0 0.0 0.0 0.0 0.0 0.0 0.0 0.0 0.0 0.0 0.0 0.0 0.0 -3.75592890122789e-15 2.1867900083331387e-13 -3.079686431798687e-13 -1.6964723670298566e-11 2.370268755195562e-10 
0.154296875 0.0 0.0 0.0 0.0 0.0 0.0 0.0 0.0 0.0 0.0 0.0 0.0 0.0 0.0 0.0 2.178997722997641e-17 -7.0381626452823715e-15 -4.1127160936109446e-14 4.5731113118563356e-12 -4.909793129096817e-11 2.5977940936172626e-10 
0.158203125 0.0 0.0 0.0 0.0 0.0 0.0 0.0 0.0 0.0 0.0 0.0 0.0 0.0 0.0 0.0 5.475916016924502e-16 4.7179090264156303e-14 -8.752209623708041e-13 7.625410110752754e-12 -6.861053236661821e-12 -4.554549647650677e-10 
0.162109375 0.0 0.0 0.0 0.0 0.0 0.0 0.0 0.0 0.0 0.0 0.0 0.0 0.0 0.0 0.0 4.495367041575557e-16 1.70741050927366e-13 -8.892664974761498e-13 -7.415857794512725e-12 1.743286560440538e-10 -1.6281666167590917e-9 
0.166015625 0.0 0.0 0.0 0.0 0.0 0.0 0.0 0.0 0.0 0.0 0.0 0.0 0.0 0.0 0.0 -4.979009797049608e-15 1.0754064305729071e-13 2.529216184636124e-12 -4.0275520518662194e-11 2.8501530190775716e-10 -9.496483675282699e-10 
0.169921875 0.0 0.0 0.0 0.0 0.0 0.0 0.0 0.0 0.0 0.0 0.0 0.0 0.0 0.0 1.501613648239678e-16 1.4425438621401556e-14 -5.113146054706402e-13 7.143704768471547e-12 -2.8652900141423638e-11 -2.0981406502566404e-10 4.142557159999194e-9 
0.173828125 0.0 0.0 0.0 0.0 0.0 0.0 0.0 0.0 0.0 0.0 0.0 0.0 0.0 0.0 8.692306134131883e-16 1.0880635651725839e-13 -1.0342949015769882e-12 -4.299100927104075e-13 1.1304572969568965e-10 -1.352210880630384e-9 9.900890861066113e-9 
0.177734375 0.0 0.0 0.0 0.0 0.0 0.0 0.0 0.0 0.0 0.0 0.0 0.0 0.0 0.0 -1.5011399530825065e-15 1.5892993587840447e-13 9.079599294636884e-13 -2.9166837596979645e-11 2.7399108356955065e-10 -1.336411285042985e-9 2.092352190648677e-9 
0.181640625 0.0 0.0 0.0 0.0 0.0 0.0 0.0 0.0 0.0 0.0 0.0 0.0 0.0 2.7474319116057214e-17 -4.571158266723272e-16 -2.0351601885219422e-13 5.622238556194735e-12 -3.90218104939776e-11 -1.7043520017523973e-11 2.688197731022989e-9 -2.9562375287165812e-8 
0.185546875 0.0 0.0 0.0 0.0 0.0 0.0 0.0 0.0 0.0 0.0 0.0 0.0 0.0 4.765373281164401e-16 5.3848718077157737e-14 -8.810630447442229e-13 3.796332729658982e-12 5.908363836700432e-11 -1.038065361550859e-9 8.917246110703049e-9 -5.6157064585704455e-8 
0.189453125 0.0 0.0 0.0 0.0 0.0 0.0 0.0 0.0 0.0 0.0 0.0 0.0 0.0 4.3153628818496574e-16 1.4444718014298492e-13 -1.5327543678722416e-13 -1.790928934042313e-11 2.3596973951119524e-10 -1.5149195093044878e-9 5.057568451150003e-9 1.0594214070164467e-9 
0.193359375 0.0 0.0 0.0 0.0 0.0 0.0 0.0 0.0 0.0 0.0 0.0 0.0 0.0 -3.523818274212924e-15 1.7024603948807349e-15 3.681065171197891e-12 -3.9849286774066646e-11 1.172596749180829e-10 1.4079202927064263e-9 -2.2036474697983996e-8 1.8174336400799492e-7 
0.197265625 0.0 0.0 0.0 0.0 0.0 0.0 0.0 0.0 0.0 0.0 0.0 0.0 1.7289873236829099e-16 1.781756964192027e-14 -5.839415469684656e-13 5.5030450122709736e-12 1.6714766104541992e-11 -7.182370803586006e-10 7.583141551492643e-9 -5.3213975418013034e-8 3.1385117487872055e-7 
0.201171875 0.0 0.0 0.0 0.0 0.0 0.0 0.0 0.0 0.0 0.0 0.0 0.0 7.157533824890068e-16 9.755041219250404e-14 -6.563496413036759e-13 -8.227054119439957e-12 1.8155457534400422e-10 -1.5094424355766008e-9 7.055633406120383e-9 -1.6114131175015542e-8 -7.058568736322331e-9 
0.205078125 0.0 0.0 0.0 0.0 0.0 0.0 0.0 0.0 0.0 0.0 0.0 0.0 -1.6508276227493002e-15 9.787063011875322e-14 1.848522875510146e-12 -3.385356895554042e-11 1.9323597750068627e-10 3.5825831711615233e-10 -1.4910773318869524e-8 1.4604450339656228e-7 -9.639135925847125e-7 
0.208984375 0.0 0.0 0.0 0.0 0.0 0.0 0.0 0.0 0.0 0.0 0.0 2.7474319116057214e-17 1.2837138759399181e-15 -2.783328530616323e-13 5.277963547693307e-12 -1.183083166248851e-11 -4.226212728516056e-10 6.030009418604242e-9 -4.828439086802896e-8 3.038561277084754e-7 -1.7126235550245844e-6 
0.212890625 0.0 0.0 0.0 0.0 0.0 0.0 0.0 0.0 0.0 0.0 0.0 4.0927261579781755e-16 4.873944211188545e-14 -7.18507446132813e-13 -1.2230619480154414e-12 1.2156491919768088e-10 -1.3559331255426808e-9 8.10471619843155e-9 -2.9464228698353997e-8 7.273521762129961e-8 -2.545113004946545e-7 
0.216796875 0.0 0.0 0.0 0.0 0.0 0.0 0.0 0.0 0.0 0.0 0.0 2.287947609147516e-16 1.0832460854241297e-13 4.815817078451813e-13 -2.4168271769061286e-11 2.1676914296146268e-10 -4.229324839381326e-10 -8.483826024037946e-9 1.1081427097773647e-7 -8.0764265612648e-7 4.695039411344243e-6 
0.220703125 0.0 0.0 0.0 0.0 0.0 0.0 0.0 0.0 0.0 0.0 0.0 -2.6015338031963125e-15 -5.5628390782658456e-14 3.908959437618853e-12 -2.653953951418467e-11 -1.7576442938131288e-10 4.3976133852652315e-9 -4.1774260677603545e-8 2.853246258425199e-7 -1.6604286318174844e-6 1.0263024636874231e-5 
0.224609375 0.0 0.0 0.0 0.0 0.0 0.0 0.0 0.0 0.0 0.0 1.307398633798584e-16 1.5131718100747087e-14 -5.240465839051465e-13 2.729304545330996e-12 6.576087088205898e-11 -1.0996007726286422e-9 8.274888025046783e-9 -3.879837028174876e-8 1.3935376016007604e-7 -5.631543696007139e-7 8.222149588091986e-6 
0.228515625 0.0 0.0 0.0 0.0 0.0 0.0 0.0 0.0 0.0 0.0 5.542233338928778e-16 7.425787392397368e-14 -2.801177364138606e-13 -1.382550938918333e-11 1.9881465789239859e-10 -9.206591073507288e-10 -3.019432835079311e-9 7.71846600827077e-8 -6.507924912042995e-7 4.025209310310159e-6 -8.606969858498816e-6 
0.232421875 0.0 0.0 0.0 0.0 0.0 0.0 0.0 0.0 0.0 0.0 -1.164816391489392e-15 5.493395368224184e-14 2.1954126812791714e-12 -2.948105143711164e-11 5.737133790261762e-12 2.8249253522479517e-9 -3.416707420124492e-8 2.5920127321512583e-7 -1.5786395834467704e-6 9.778309197475685e-6 -3.1452131617356347e-5 
0.236328125 0.0 0.0 0.0 0.0 0.0 0.0 0.0 0.0 0.0 0.0 6.972792713592471e-16 -2.588421921245756e-13 3.965634694698863e-12 2.156639264209546e-11 -7.91041154002414e-10 7.689434076022887e-9 -4.407550240396549e-8 1.9158529306414063e-7 -8.304403530630061e-7 8.748860841762928e-6 -2.026799215362391e-5 
0.240234375 0.0 0.0 0.0 0.0 0.0 0.0 0.0 0.0 0.0 2.979542538620685e-16 3.349972151530284e-14 -5.027648815788169e-13 -5.220989862664292e-12 1.539584848349779e-10 -1.1456433943142947e-9 1.273852618055554e-9 4.629479672691649e-8 -4.966679239653145e-7 3.3564741600059756e-6 -6.952350479504834e-6 0.00010624361119206184 
0.244140625 0.0 0.0 0.0 0.0 0.0 0.0 0.0 0.0 0.0 3.0553337637684163e-16 7.422187309202843e-14 7.601911988786023e-13 -2.4292920860110204e-11 1.1528219706254532e-10 1.438826743556852e-9 -2.600953555903137e-8 2.2673521579482261e-7 -1.4688153176786968e-6 9.220387223778436e-6 -3.0277686401484525e-5 0.0004934008982115222 
0.248046875 0.0 0.0 0.0 0.0 0.0 0.0 0.0 0.0 0.0 -1.8170946229171623e-15 -5.468384263925462e-14 3.3433584197458282e-12 -6.955510893173215e-12 -4.809405069750028e-10 6.5218269995170836e-9 -4.543533291846789e-8 2.284975617991821e-7 -1.0521809071571828e-6 9.179081652679104e-6 -2.2927287435754288e-5 0.0014069323522843467 
0.251953125 0.0 0.0 0.0 0.0 0.0 0.0 0.0 0.0 3.5527136788005004e-17 7.8604974381354e-15 -3.902201228811462e-13 2.846562097147332e-13 9.821492028549984e-11 -1.1348906909347525e-9 4.264773499566357e-9 1.9239880839450123e-8 -3.4886498669900917e-7 2.6962087919500295e-6 -5.291957754864077e-6 9.534738308238101e-5 0.003334934123365804 
0.255859375 0.0 0.0 0.0 0.0 0.0 0.0 0.0 0.0 3.7421917416698576e-16 4.5989168029336677e-14 -7.843018086835617e-14 -1.5328545543979995e-11 1.571742094104895e-10 3.411982338737624e-10 -1.7887502591899365e-8 1.894955891870609e-7 -1.3332708529645737e-6 8.590446983297286e-6 -2.8917784711367748e-5 0.00046934935859869304 0.007133916210110516 
0.259765625 0.0 0.0 0.0 0.0 0.0 0.0 0.0 0.0 -2.8942774103294824e-16 3.655221310812812e-14 1.9286844121779722e-12 -1.9600478632734497e-11 -2.1372475155582559e-10 4.986730467730161e-9 -4.3224480167699115e-8 2.495421359820205e-7 -1.2243751034688402e-6 9.502525986061021e-6 -2.5299007319778795e-5 0.0013663913888720773 0.013562381743563348 
0.263671875 0.0 0.0 0.0 0.0 0.0 0.0 0.0 0.0 -8.161767558097671e-16 -1.7462061426461643e-13 2.5380359147675283e-12 4.6260772042690737e-11 -9.48968689347868e-10 5.920984631776102e-9 -2.9964664894539433e-9 -2.11222217317679e-7 2.052841153494952e-6 -3.63820093732086e-6 8.463178602797877e-5 0.0032783939172699225 0.022536943770952448 
0.267578125 0.0 0.0 0.0 0.0 0.0 0.0 0.0 8.47914331340386e-17 1.5489357944413002e-14 -3.2862222572778877e-13 -6.5895008560801235e-12 1.4584837515485541e-10 -4.043365369928601e-10 -1.0389929888769236e-8 1.4937121612964195e-7 -1.1752204316328131e-6 7.89084465178054e-6 -2.7370455603243253e-5 0.00044503334408543387 0.0070941681679111135 0.03341147090681411 
0.271484375 0.0 0.0 0.0 0.0 0.0 0.0 0.0 3.3869203737898067e-16 4.430612913589958e-14 6.34573401233259e-13 -1.972074462249413e-11 -2.088620618678785e-11 3.3234123118101396e-9 -3.8014464651325834e-8 2.546797452524171e-7 -1.3433853913326717e-6 9.708325855873054e-6 -2.7364662469362534e-5 0.001324949769507548 0.013675221180921416 0.045462744885257735 
0.275390625 0.0 0.0 0.0 0.0 0.0 0.0 0.0 -8.019659010945667e-16 -1.9834089926007537e-14 2.408851192588674e-12 8.604837375969547e-12 -6.649782998617105e-10 6.326765745257028e-9 -1.9628499737223056e-8 -8.773260581307387e-8 1.4359675273676512e-6 -2.005535625117744e-6 7.411486653181122e-5 0.003220764959864619 0.022989738849581245 0.058118823899061894 
0.279296875 0.0 0.0 0.0 0.0 0.0 0.0 0.0 1.0558665053395103e-15 -2.342233074159593e-13 -7.087739580432203e-13 1.0292739792324322e-10 -7.83762977600113e-10 -4.059108989906707e-9 1.0854417937764539e-7 -9.98936185515712e-7 7.125444194895649e-6 -2.563432833891426e-5 0.00042042662835265897 0.007052495739038607 0.034355099143731166 0.07100380705507986 
0.283203125 0.0 0.0 0.0 0.0 0.0 0.0 3.884300288821881e-17 1.9119757628989942e-14 -6.781325131062918e-14 -1.2944704508299757e-11 8.45839769188688e-11 1.7704890533802135e-9 -3.0603807362676124e-8 2.4452582028402466e-7 -1.4061874823596533e-6 9.78505653431226e-6 -2.910370490022649e-5 0.001282443689524184 0.013794446020867022 0.04698570309132073 0.08389524179577997 
0.287109375 0.0 0.0 0.0 0.0 0.0 0.0 1.9374131928392044e-16 2.888687807474824e-14 1.2624089625508832e-12 -1.053999909572664e-11 -3.6480089136148315e-10 5.691530728313407e-9 -3.017317378066757e-8 1.7602118866476912e-8 8.564582237355055e-7 -4.1093531157327506e-7 6.381668898849098e-5 0.003161814850136539 0.02347948896951783 0.060256707121697506 0.09666552210695832 
0.291015625 0.0 0.0 0.0 0.0 0.0 0.0 -7.257009807896488e-16 -6.884495936295332e-14 1.6183420825655027e-12 5.208430735592627e-11 -8.38701491545634e-10 6.727197804441943e-10 6.942261141441962e-8 -8.099137614318389e-7 6.300072572690372e-6 -2.3708858977474308e-5 0.00039550094067255566 0.007008723360516774 0.03538591714568072 0.07375823297127261 0.109239429287067 
0.294921875 0.0 0.0 0.0 0.0 0.0 0.0 2.8904878490720875e-15 -2.0135596893548281e-13 -5.140443685528835e-12 1.1069462810079725e-10 5.324680581490322e-10 -2.1993379007293836e-8 2.2051036566163377e-7 -1.4107225903122363e-6 9.720825639993296e-6 -3.0492952764367424e-5 0.00123868684421624 0.013920606210245733 0.04865690124936621 0.08724941840941723 0.12157046261384086 
0.298828125 0.0 0.0 0.0 0.0 0.0 6.631732200427602e-18 1.823773724633307e-14 2.668689565628788e-13 -1.3714101972558016e-11 -1.1938249523761164e-10 4.341747609259981e-9 -3.4569079123987934e-8 1.0099961083274829e-7 3.2652920488942803e-7 1.125485582763927e-6 5.3759778700010985e-5 0.0031012350635815913 0.024011310658259313 0.0626068517937317 0.1005934885506724 0.13362885055228718 
0.302734375 0.0 0.0 0.0 0.0 0.0 1.4684549872375394e-16 1.0194867172685886e-14 1.4327743732186105e-12 1.2582942569376151e-11 -6.627093341649012e-10 3.556501457543003e-9 3.451297549759157e-8 -6.150254942009312e-7 5.423129925817704e-6 -2.1594704521374786e-5 0.00037022483686111626 0.006962638878075697 0.036517393042510476 0.07678706175030825 0.11371069228306897 0.14539526863212557 
0.306640625 0.0 0.0 0.0 0.0 0.0 -5.02116866603804e-16 -8.855967810935298e-14 -2.2248940467761938e-13 8.370951434244486e-11 -2.584452753732563e-10 -1.3320880114993847e-8 1.850364512615479e-7 -1.3563892248015447e-6 9.503478909665346e-6 -3.1505822683838334e-5 0.0011934651892551423 0.014054309930568944 0.050500087136796316 0.090935874389653 0.12655224216362632 0.15685723201713428 
0.310546875 0.0 0.0 0.0 0.0 0.0 2.1467864523098496e-15 -1.0907162580527546e-13 -8.247725228708684e-12 2.801255571209052e-11 2.687450577809614e-9 -3.329641639690327e-8 1.5923916962918806e-7 -1.4026598071741708e-7 2.5796506842321026e-6 4.396986087631574e-5 0.0030386195446356046 0.024591364797053546 0.06520352739194397 0.1049063340325183 0.1390872428451358 0.1680068716613777 
0.314453125 0.0 0.0 0.0 0.0 0.0 1.0953726814477694e-14 4.907690254185582e-13 -6.492265451167115e-12 -3.8340183152740784e-10 4.598351563818894e-9 6.20774141282263e-9 -4.2262201741370616e-7 4.506404536309579e-6 -1.929434025421179e-5 0.00034456219385374553 0.006913976757243861 0.037766023503920325 0.08013433309357271 0.11861376203519787 0.15129590514998223 0.17883951380234422 
0.318359375 0.0 0.0 0.0 0.0 9.284425080598643e-17 -2.529058444148787e-15 1.0735940729015664e-12 3.877939936576999e-11 -5.766026646369932e-10 -5.738781986508464e-9 1.4160384158827807e-7 -1.244720116998128e-6 9.12101269213678e-6 -3.211131666271566e-5 0.0011465294782172968 0.014196227906256768 0.05254448613126763 0.09500722923349463 0.1320069511660874 0.16316567786699573 0.1893527548140508 
0.322265625 0.0 0.0 0.0 0.0 -2.861118749327337e-16 -7.44359833030709e-14 -2.1043301027627124e-12 7.365063462808993e-11 1.1556383048135414e-9 -2.7469820567678943e-8 1.9015465485760282e-7 -5.292060025472706e-7 3.922447284338154e-6 3.4477062546240724e-5 0.002973436830747504 0.025227148056571027 0.06808890495254205 0.10966391335993493 0.14505387070671585 0.1746888783455397 0.199545849684412 
0.326171875 0.0 0.0 0.0 0.0 8.550197586979873e-16 -2.170944905325676e-14 -8.13666171476749e-12 -1.2873306663626273e-10 4.108081154659731e-9 -1.3535740328525897e-8 -2.4250877739244045e-7 3.5661503969616114e-6 -1.6813077235772773e-5 0.00031847028993860335 0.006862391323629197 0.03915225626053614 0.08385411354518085 0.12401434329124855 0.15773431969844792 0.18586118927953865 0.20941930372883522 
0.330078125 0.0 0.0 0.0 0.0 5.825976738075646e-15 5.075212546519953e-13 5.484074468616516e-12 -5.178318682889459e-10 -2.2475579489386628e-10 9.483385554413339e-8 -1.0802927827924679e-6 8.562346815096561e-6 -3.227270170763742e-5 0.0010975845449621208 0.014347095722285468 0.054826498882668315 0.09952784785852868 0.1380047600699594 0.17003577225641567 0.19668068787399906 0.21897459967909946 
0.333984375 0.0 0.0 0.0 0.0 -3.4560798667371293e-15 4.995063325926204e-13 5.2007540792449895e-11 9.049427897404518e-11 -1.885206436706236e-8 1.933099047027059e-7 -8.248781140731373e-7 5.118340560658388e-6 2.5317840204329944e-5 0.0029049929873255793 0.025927890585361307 0.07131548956310531 0.11493910836668238 0.15160200541093533 0.18195085106287734 0.20714721158074634 0.22821401730193336 
0.337890625 0.0 0.0 0.0 -6.631732200427602e-18 -4.614169786994656e-14 -2.96879629028505e-12 1.6542135009937305e-11 2.68714580992461e-9 -2.3636257031966984e-8 -8.566573296586014e-8 2.62448197054018e-6 -1.4160741346519048e-5 0.00029189749025003973 0.006807413670849398 0.04070177745235462 0.0880135261322752 0.12999200934152202 0.16478554941528883 0.1934757378108842 0.2172619420318937 0.23714051714443363 
0.341796875 0.0 0.0 0.0 -9.616011690620025e-17 1.1580425507418199e-14 -5.2807502963029545e-12 -2.744188426125523e-10 2.6672098314861543e-9 5.0283579654812224e-8 -8.719064861073391e-7 7.818720947844318e-6 -3.194581958064521e-5 0.0010462737576926358 0.01450771177423208 0.0573920776735183 0.10457729534394132 0.1446301152932523 0.17754302161705973 0.2046091581045214 0.22702713433008484 0.24575766815852265 
0.345703125 0.0 0.0 0.0 1.0473399925103875e-15 3.647159019237731e-13 1.500859572918974e-11 -3.597703089515858e-10 -9.705161970903955e-9 1.7085673358441964e-7 -1.0122126900886472e-6 6.1236366138695825e-6 1.6538059418366972e-5 0.002832380961737285 0.026705109111956848 0.07494951323619309 0.12082152825118102 0.1588191780832292 0.18986751658165923 0.2153517293599972 0.23644594503571875 0.2540696033948718 
0.349609375 0.0 0.0 0.0 -4.67537120130148e-16 1.1611026214571481e-13 4.4567815867442976e-11 1.1077633317313486e-9 -2.4415469242455817e-8 3.651448823565757e-8 1.711102199424869e-6 -1.1354456952402864e-5 0.0002647806908051269 0.006748381439378485 0.042447346167200944 0.0926969461970461 0.1366439693762155 0.1725384662323837 0.20175591709292948 0.22570554412108645 0.24552232674974928 0.26208099029842796 
0.353515625 0.0 0.0 0.0 -1.7518667997743846e-14 -2.5559918033953475e-12 -5.5711356594656564e-11 3.0582495445704164e-9 1.3872872556438214e-8 -6.339896677838885e-7 6.8861664793127765e-6 -3.107699177681506e-5 0.0009921562037800069 0.014678926256843933 0.06030012249242329 0.110255073824828 0.15198539897478563 0.18577595295848398 0.21320784040657048 0.23567390947572256 0.25426096496125006 0.2697970035145633 
0.357421875 0.0 0.0 0.0 2.8019068546806924e-15 -2.178806823849295e-12 -3.139146575866409e-10 -2.3714770070644955e-9 1.2847693050540937e-7 -1.0785021754652262e-6 6.884433507537328e-6 8.197940672330216e-6 0.002754408987166102 0.02757339293927129 0.07907576190756553 0.12742251584010716 0.1668105636799033 0.19852544610469375 0.22422497826743726 0.24526119002687685 0.2626672368223257 0.2772232893996945 
0.361328125 0.0 0.0 6.489623653275582e-17 1.7701940654054237e-13 1.6706459859960886e-11 5.123767910693832e-11 -1.8064424352814966e-8 1.1382568190091026e-7 8.652450786551465e-7 -8.423299130864364e-6 0.00023704297029072672 0.00668432268821153 0.04443147177810717 0.09801191945988877 0.14409007448950706 0.1810987268678158 0.21078482907929838 0.2348106915045976 0.2544727159413799 0.27074717378166774 0.28436591329107774 
0.365234375 0.0 0.0 5.409598694920227e-16 5.456068189838904e-14 2.5342424692098535e-11 1.851568700791025e-9 -9.306282337699152e-9 -3.880011968893393e-7 5.769827847319197e-6 -2.9600596572400175e-5 0.0009346727764721295 0.014861612108938299 0.06362744961518603 0.11668722221161448 0.1601956721420371 0.19483848699936535 0.22255498193254952 0.2449697701710129 0.26331472463632893 0.27850741206764756 0.29123128345800764 
0.369140625 0.0 0.0 -1.305977548327064e-15 -1.427414038820037e-12 -9.574770984954739e-11 1.4852637761464362e-9 7.606458825648585e-8 -1.0170934747909158e-6 7.334541901372888e-6 3.801123185426167e-7 0.002669495189045078 0.02855154865807789 0.08380459709403115 0.1348820064117083 0.17570321095167477 0.20802473208540823 0.2338391314131687 0.2547082964224187 0.2717943085300082 0.2859551180122817 0.29782604962829246 
0.373046875 0.0 0.0 -3.673979639036889e-15 -8.479285421950985e-13 -2.3340918507604604e-10 -8.683470657426065e-9 1.4016598512445914e-7 1.3733064221478953e-7 -5.416151038656873e-6 0.00020859255489738367 0.006613760226520695 0.046710429390513994 0.10409767964267001 0.152479517594869 0.190592259313121 0.22065681550146704 0.24464247402281444 0.2640335602755746 0.27991934463344126 0.29309787986221547 0.30415697870703173 
0.376953125 0.0 0.0 3.435521496915801e-14 1.123506005266487e-11 4.449500442168152e-10 -1.6956171153500063e-8 -1.630788466191767e-7 4.491430506300274e-6 -2.7436747312285082e-5 0.0008730951544831329 0.015056599288381187 0.0674762580150827 0.12403566983061651 0.16941481135429798 0.20485248327517722 0.23273747889600171 0.2549719659460343 0.2729539850861425 0.28769838678966997 0.29994356407731493 0.31023081512192374 
0.380859375 0.0 0.0 6.715292026152986e-14 1.1067996297242607e-11 1.816415399010414e-9 2.7288562155073743e-8 -8.337450545804847e-7 7.39433387884151e-6 -6.796995242810452e-6 0.002575505158951301 0.029664315155229954 0.08928242982863002 0.14337803953347042 0.1856512370702548 0.21848044420939738 0.24427224037161704 0.2648361984600259 0.28147902533687336 0.2951405089845744 0.30650014158937383 0.31605413705011837 
0.384765625 0.0 3.26849658449646e-17 -3.5205260928705677e-13 -8.173482323551676e-11 -1.2338812496182103e-9 1.1815309231574621e-7 -4.1117212286489054e-7 -2.4151113662502846e-6 0.000179325687286393 0.006534373991197286 0.049360475293986204 0.11113768464748794 0.16199983590352007 0.20116918083446345 0.23147774964604767 0.25526906278937933 0.27424528916014096 0.2896190078666947 0.302255098718117 0.31277549662446436 0.32163322208583295 
0.388671875 0.0 1.2789769243681788e-17 -6.518220629914132e-13 -1.2208599429186488e-10 -1.193675084797026e-8 5.970542802913071e-9 3.1019214746431594e-6 -2.4490535727744594e-5 0.0008064484031612101 0.015264532460807242 0.07198570075216992 0.13251173220638296 0.17983336445640227 0.21596012035450182 0.24385002436250547 0.2657381642653896 0.28321073032290134 0.29738490048015265 0.30905161117231394 0.31877723606996766 0.3269739357466711 
0.392578125 0.0 -5.22012063205087e-16 3.5614438805472065e-12 5.364836709986774e-10 -3.6485558586226196e-9 -5.566062062451729e-7 6.9733088514197885e-6 -1.3156252730125023e-5 0.00246948905056731 0.030945018737148115 0.09570779632088981 0.1531400881366034 0.19684195802325113 0.23002332256480096 0.25560636827254646 0.2756918555557296 0.2917451491318928 0.30478801008335976 0.3155393057728041 0.32451251964689826 0.33208165476883866 
0.396484375 0.0 4.140095673695516e-15 6.383859367057678e-12 1.1815558854285269e-9 6.46957604412061e-8 -7.136471678151663e-7 4.4154540076323076e-7 0.00014913946992548783 0.006442400658137149 0.05248783065858702 0.1193785271299801 0.172888972602714 0.21300773195387152 0.2433640483212563 0.26675905840353886 0.2851443091020735 0.29986195935199217 0.3118396304415732 0.32172699391145226 0.3299879298631037 0.3369612333162514 
0.400390625 0.0 7.798917067702853e-15 -3.352281889116662e-11 -2.9966680306377693e-9 8.743831534493041e-8 1.7017537981052073e-6 -2.0657315511373517e-5 0.0007333936691691548 0.015485561240217032 0.07735047214321988 0.1423959341957457 0.19168831978397347 0.22832533546141187 0.2559926289550624 0.2773233001587073 0.29411118731930586 0.30757491194225867 0.3185506779091592 0.32762282782545404 0.3352093974362926 0.3416170170639669 
0.404296875 0.0 -6.845179238249934e-14 -6.2577498738392e-11 -9.996634117707486e-9 -2.487646992382984e-7 5.9840528076260035e-6 -1.8421476454441142e-5 0.0023472346279526783 0.03243984610829121 0.10335685162605086 0.16446784569197745 0.2095024925617772 0.24279868482995912 0.2679239841485931 0.2873168627159548 0.3026091072516158 0.3148975854287991 0.3249313591389892 0.3332341579316868 0.3401821908059928 0.3460529038641528 
0.408203125 0.0 -5.368624063824719e-14 2.9252341988694754e-10 1.2594362068796285e-8 -7.194695180989653e-7 2.920823953371597e-6 0.0001179692101048313 0.006331524162120313 0.056245437823271974 0.12915922730398935 0.18545115678457622 0.22631711733541088 0.2564393234418837 0.27917722436032083 0.2967594899247955 0.31065495667689835 0.3218428809089816 0.3309909184795363 0.3385674764906497 0.3449109743764265 0.3502724453679414 
0.412109375 0.0 1.0611704700143794e-12 6.131329821338713e-10 7.439980338972411e-8 4.685215540244308e-7 -1.5847410538056776e-5 0.0006520545830059498 0.015718646269037007 0.08385194959843925 0.15406760196814795 0.20527441611247943 0.24213274143610525 0.269265616549439 0.289775059688123 0.3056720514862952 0.31826515577587183 0.32842259120604106 0.3367374978689134 0.3436284583212503 0.34939992573152606 0.35427897534202585 
0.416015625 0.0 -5.066311814516746e-14 -2.310013551702166e-9 -1.2700405770734517e-8 4.3879630616274285e-6 -2.2144371837847114e-5 0.0022024717519111363 0.034215022732313125 0.11262534202359736 0.17775756527517925 0.22390528108891342 0.2569618208112857 0.2813020738465037 0.29974283666843926 0.3140754907181347 0.32545494808736675 0.3346471201888371 0.3421781343328183 0.34842209366676113 0.3536529026793548 0.3580757459315816 
0.419921875 0.0 -1.466522216257241e-11 -5.798357010178273e-9 -4.4860970007836893e-7 4.636409255119619e-6 8.58861338791878e-5 0.006190724641756457 0.060862655454727285 0.14095790476949294 0.20007675502960734 0.24133674291411378 0.27082727174866617 0.29257839333573665 0.3091071447989132 0.3219897387465042 0.3322378799793819 0.3405253788396287 0.34731889707496266 0.3529528954637374 0.3576736220058907 0.3616660502387837 
0.423828125 0.0 1.0260308158649439e-11 1.6255915775313195e-8 -3.2753652258416264e-7 -1.0070575580392459e-5 0.0005597833015303414 0.015959874166175076 0.09191305965717947 0.16804939309193823 0.22095488917987982 0.2575811871728904 0.2837613187276936 0.3031277499350151 0.31789419816927156 0.32943273838000275 0.33862550573692085 0.3460649133007608 0.352165142672256 0.3572251496981642 0.36146583691212175 0.36505330983196993 
0.427734375 0.0 1.8557589479920951e-10 5.31345212465339e-8 2.321965398702256e-6 -2.3572015186737343e-5 0.002025399284335678 0.036369737372745424 0.12410062504754149 0.19353791367390819 0.24036848670934832 0.2726675797652003 0.29580382394489096 0.31298457928749795 0.3261281806622136 0.3364198758841289 0.3446274368960721 0.3512721913680472 0.35672185708548937 0.3612431476344432 0.36503345325047054 0.36824112190859515 
0.431640625 0.0 -2.1812750408874628e-10 -8.866123445964532e-8 4.995639038492541e-6 5.3347089092083906e-5 0.005999838041181172 0.06670095765018674 0.15546825413019916 0.21726354438700465 0.25832699100573436 0.28663971248823567 0.3069991873370353 0.322181854805457 0.3338300396052587 0.342963711530569 0.35025168421341457 0.35615308786188027 0.3609939823875415 0.3650113875738851 0.3683806085549587 0.3712332505020965 
0.435546875 0.0 -2.1431239398831757e-9 -4.208866415941273e-7 -3.7008334294602284e-6 0.00045295929883499013 0.016198180119882916 0.10220165469894363 0.18507363980140382 0.23916517315674946 0.27486799703186565 0.29955255681327353 0.3173927218495357 0.33074880149896874 0.3410168494165515 0.349074507936676 0.35550523194076455 0.3607133246068067 0.3649867133682845 0.36853463371189077 0.37151165007231046 0.3740335830923392 
0.439453125 0.0 3.349810947383959e-9 3.7968482914484106e-7 -2.1432910212403036e-5 0.0017998816596207759 0.039060161821483474 0.1386909313635257 0.21251359494575892 0.2592423363638179 0.29005278595891515 0.31146727485717823 0.3270257800759546 0.33870942079485933 0.34770199665280055 0.3547606636067393 0.36039483012623497 0.36495894571496673 0.368705607565557 0.3718179836619116 0.37443108406827624 0.376646022140886 
0.443359375 0.0 2.369669107338266e-8 3.362949991000617e-6 2.1840234482394307e-5 0.005719642962170636 0.07437002771543332 0.1737264997348954 0.23762904500028256 0.27754488144749445 0.30396023705394226 0.32244389063237333 0.3359336144339338 0.346081943455916 0.35389623576908796 0.3600302994782838 0.36492743887273005 0.36889647315792 0.37215662227284796 0.3748666404779433 0.3771434290444307 0.379074372306979 
0.447265625 0.0 -3.714879628091697e-8 1.7724708878939469e-6 0.0003274546171409565 0.01640287184285307 0.11583493380044582 0.20617601504258337 0.26039249784231305 0.2941615668472575 0.3166771193536153 0.3325343074755504 0.3441418426990154 0.35288056875341384 0.35960884737132365 0.36489141802243313 0.3691109417146212 0.372532943919846 0.375345946502366 0.3776859576625378 0.3796530405524501 0.38132219277953755 
0.451171875 0.0 -2.287436161973724e-7 -1.3882399337173011e-5 0.0014982100242612482 0.042548023894189844 0.15787820005768485 0.2355981995773122 0.28086938955568963 0.3092138705392926 0.3282819582331641 0.3417791711569093 0.35167071170860353 0.35911634507741075 0.36485005776792295 0.3693535866107853 0.3729535081044248 0.3758757680990399 0.37827972263197274 0.3802808239707383 0.3819639786092947 0.38339273328726275 
0.455078125 0.0 4.187433718399805e-7 -4.37441366843669e-6 0.005267257874462721 0.08499495652599917 0.19730609957929138 0.2618833283153997 0.2991996918211873 0.32282069492386306 0.3388415940344494 0.350204626497591 0.35853294169642774 0.36480151272525463 0.3696300385320034 0.3734267048345381 0.37646441193948105 0.37893209149285273 0.3809638915003214 0.38265603756486927 0.38407981326703744 0.3852889240465618 
0.458984375 0.0 2.51025292165489e-6 0.00018315802320390003 0.01648045515787361 0.134835163914616 0.2328044808189357 0.28510237013604345 0.31557270534890025 0.33509630458155076 0.34839424855605133 0.35783257648270334 0.3647441956634409 0.36994890834782657 0.3739633110597964 0.3771215998662423 0.37965159187622877 0.3817089915060959 0.3834033748752867 0.38481532244136124 0.38600387689972915 0.38701343188556775 
0.462890625 0.0 -1.363415029690415e-6 0.0010748093846850981 0.047306182961014895 0.18418591457843111 0.26386461046176396 0.3055172751887716 0.3301634441820419 0.3461038125397641 0.3569725696947237 0.36467354329159674 0.3703201700751614 0.37457495591072315 0.3778592355950453 0.38044904617532815 0.38252412255090884 0.3842118976264485 0.3856032834222908 0.3867627023716068 0.3877390225240338 0.3885688733356578 
0.466796875 0.0 -1.3553662352045598e-5 0.004450202166148419 0.10092830692629377 0.22866460440042385 0.2907044359970827 0.32340874737105896 0.3431248255550912 0.3558935425079714 0.3645914048047215 0.3707601023836771 0.3752791452226223 0.37869539451734385 0.38133714423273507 0.38341712620227714 0.38508715831636153 0.3864465834192519 0.38756647033266695 0.3885011242818609 0.38928853428268495 0.38995793978388776 
0.470703125 0.0 4.244396900998122e-5 0.016051651979231783 0.16332977631459722 0.26663917472720616 0.3136144303968545 0.33907471879635726 0.35449201653908324 0.3644917351957261 0.3712783424907935 0.37609513420333907 0.3796483953775773 0.3823254676627724 0.3843967268871607 0.3860361965458185 0.3873481860648751 0.3884165998913542 0.3892993455904818 0.39003474172040514 0.3906553491293688 0.39118383457232486 
0.474609375 0.0 0.0004817252612093314 0.054231681238942626 0.22171039873087017 0.298400866314674 0.33328838830714813 0.3526362823839533 0.36437423282260784 0.3719016415556096 0.3770694246810018 0.38074853057475716 0.38343302463095835 0.3854807422005214 0.3870644206769273 0.388307076894011 0.3893112646512956 0.39012833934149455 0.39080207359102354 0.39136740283291865 0.3918438107680073 0.3922501460933462 
0.478515625 0.0 0.002885251509722925 0.12737165398122804 0.27164275840403607 0.32435225667140377 0.35013123507669247 0.3641920861325923 0.37266294697451413 0.37824901518150045 0.381989693866302 0.38466765321461605 0.38667022691441877 0.38815960505580865 0.38932241904677983 0.3902472464790582 0.3909817765522659 0.391586223234401 0.3920867638021092 0.3925030674932844 0.3928573031004161 0.39315965495406796 
0.482421875 0.0 0.014180667720971367 0.21307940151279528 0.3094760802966028 0.34633799326297593 0.3637940914197361 0.3737176905609572 0.37969314955553424 0.3834172646292867 0.386103161321587 0.3879848186906371 0.3893383207861184 0.3904010474575426 0.39120720515607477 0.39184418228418216 0.39237032395412597 0.39279416980641835 0.3931464100134889 0.393446144675329 0.39369824888733107 0.3939142310548212 
0.486328125 0.0 0.061998876292266795 0.2739593168125133 0.33815052095224246 0.3628294633329421 0.37503286257008017 0.38119074125815194 0.3850744946372041 0.3876884258086522 0.38931938409327266 0.39056590710827677 0.3914852604690599 0.39215014972299234 0.39270179205823164 0.39314117561023115 0.3934752972731337 0.39376177991177397 0.39400285830427645 0.39419592831211536 0.3943652462772535 0.3945091931583731 
0.490234375 0.0 0.17222613495480105 0.3239609257214461 0.362301157599165 0.3785136219734835 0.3835134745618786 0.3871076597461603 0.38956820945639786 0.3908053809943777 0.39185613945474795 0.39259232942736827 0.3930745061547935 0.39355621950944547 0.3938479169194825 0.3940793279924798 0.39431726583917226 0.39448187291976083 0.39462190213612675 0.3947580389645859 0.39485610343033745 0.39494584778143227 
0.494140625 0.0 0.28752878939749127 0.3677656557641661 0.38165907307468017 0.38587917580406106 0.3898085099034474 0.391086703439126 0.3921727861179513 0.3932043414814356 0.39347193588965473 0.3939779360401826 0.3942790681638135 0.3943859564041428 0.3946380519306454 0.39481819862608236 0.39486150828251 0.3950028837418026 0.3950694478890791 0.39511319374997833 0.39517888376166305 0.3952124337022066 
0.498046875 0.0 0.37618671129360415 0.3800711893865638 0.390083179056035 0.39253418372577603 0.39236459171258115 0.39434429847610514 0.3940838049485815 0.3942903251267193 0.3951423054604527 0.3947594890341153 0.39489646390658006 0.39534125966012873 0.39505854271786767 0.3951583286985023 0.39525337491438384 0.3952176212522642 0.39531422324314414 0.39532272554881653 0.3953446483483631 0.39536691973564125 
0.501953125 0.0 0.35878793195680964 0.38720309965217714 0.3863894714513302 0.3958971611918431 0.39523756298792306 0.3938292276515746 0.39604088127579906 0.39505940985985 0.3946986254541088 0.3956273884638788 0.39515480849774154 0.3951694832231077 0.39546346864617077 0.39528089200001887 0.39542493966140624 0.3953885282689496 0.3953810273599703 0.3954191580511354 0.3953943463348484 0.3954113233135585 
0.505859375 0.0 0.34899419869490933 0.39163052122970865 0.3928630613965937 0.3916079818867052 0.39805602852381083 0.39563294799819676 0.3949588140636292 0.3963137441053135 0.3951716461103487 0.3955088724477157 0.39565153708895423 0.39516089694812373 0.39557097025276783 0.39542161969117284 0.395380373610373 0.3954641766314426 0.3953789447372921 0.3954253959078771 0.39540349848485784 0.39540058258537236 
0.509765625 0.0 0.32645180169885035 0.38611117958085106 0.39919295594744375 0.39248248927451146 0.3959947378620144 0.396917555303237 0.39439609641104106 0.39587649363746025 0.3956650589755304 0.39514981261919596 0.39575597589594 0.39533351654513493 0.3954146119252541 0.39554074190812843 0.3953312542511456 0.3954489974105799 0.39538561116101245 0.3953835441773975 0.39540337418983806 0.3953774663150784 
0.513671875 0.0 0.24777523842802487 0.3505857831512517 0.3981131422781773 0.3939517811492654 0.39251003306251336 0.3969241083679837 0.3949088184072671 0.395010108952202 0.3960886592377596 0.395034147128249 0.39547174877362445 0.39556565987405845 0.3952156783560866 0.395535972074681 0.39535838087875735 0.3953680706636027 0.395411917756292 0.3953426814043117 0.3953917596347142 0.39536537732350235 
0.517578125 0.0 0.09453394270825517 0.31360394804949904 0.3829651312584108 0.39366573600764077 0.39197395929093837 0.3958957155985807 0.3962326249221076 0.3945729377013371 0.3960120087520061 0.39531457832745004 0.39515892708410044 0.39569440265846073 0.39517511298377045 0.3953814246515913 0.39544206758181966 0.39528641306254036 0.39541506923457714 0.3953428130049532 0.39536955548848496 0.39537935122060097 
0.521484375 0.0 0.010810012716032193 0.2862173957653568 0.3606203118391202 0.3921852002250118 0.3930402604930556 0.39454071365196236 0.39720080646485334 0.3947991757720305 0.3953220260662195 0.39573991862656377 0.39504705789071504 0.3955652606174553 0.39535667525353113 0.3952209316176969 0.39550358622598925 0.39531024137933635 0.39538771756401975 0.3953972156162724 0.39536454208936783 0.3954104834632861 
0.525390625 0.0 0.0010593639341415172 0.2633226897646288 0.3321872586738715 0.38851558641655237 0.3940457493640676 0.39304160421605916 0.39670436699275363 0.39566726957210546 0.39467617012381506 0.39588643189840883 0.3953024574713913 0.3952942047322113 0.39557999776862063 0.39523005002143513 0.3954750745800495 0.39543636339778304 0.3953613752585623 0.3954554934705697 0.3953926783214301 0.39543102635877425 
0.529296875 0.0 8.007954383803872e-5 0.2376130641416068 0.2981606267188127 0.3774648153030207 0.3939289479819957 0.39243442711556914 0.3949854666457019 0.3963874221994359 0.3946680516203697 0.39560562774543484 0.39567235805934153 0.3951030550357184 0.39564345821680164 0.39540931376754523 0.39536721568111094 0.3955500898794995 0.3953796573694236 0.3954683640405452 0.3954476984571434 0.3954356100530267 
0.533203125 0.0 -1.1414933246827503e-5 0.17613700415318778 0.2638748185006774 0.34887180404149165 0.3907901454597457 0.39302019591046805 0.39334607108258884 0.39649890320166037 0.39549162423382833 0.39511558800793517 0.39585056300213955 0.39525121521328044 0.3954972471236136 0.39560998993106716 0.3953044224808001 0.3955580018850672 0.3954603131963362 0.3954330724355251 0.3954907413426018 0.3954341371859398 
0.537109375 0.0 -1.9691524337568856e-6 0.04850486822948093 0.24602939987249156 0.3103779597975897 0.38066758575612963 0.3931155035923404 0.3934194470315512 0.3956085674584504 0.3963796142376683 0.3949729317115375 0.39565880745842336 0.3956146535094193 0.3952981697132893 0.39565722656394164 0.3953749199506553 0.39543792251171495 0.39553659388058865 0.3953985351850912 0.3954751131429197 0.39543784386135206 
0.541015625 0.0 2.353937130117245e-6 0.0044875183757283835 0.2392486145418521 0.27553754115599327 0.35827792122924484 0.3916531837975819 0.3936084142315877 0.3944103958547604 0.39662088841269727 0.3953852035230361 0.39518043221437515 0.39589515425049704 0.3952797963748848 0.39548048212901094 0.39553331354444204 0.39531793948227995 0.3955281057459587 0.39541290283029334 0.39540807410888223 0.39544140144903706 
0.544921875 0.0 2.807781416095169e-7 0.00038755305207740495 0.2334960039612018 0.2505954492746684 0.32591388364777224 0.3857874164203384 0.3933039098242511 0.39373907122191837 0.3957068726180816 0.3960123774921365 0.3949240275187631 0.3957763740693203 0.3954648336825068 0.3952504978362364 0.3956300318411466 0.39531346624545605 0.39541646976163985 0.3954633212106201 0.39534654086393417 0.39542227240763694 
0.548828125 0.0 -1.975526230583094e-7 1.4587831648791602e-5 0.21825848250165913 0.23831284643116252 0.2904475302110096 0.36914830189529724 0.39180011437488504 0.393532450916004 0.39446049955396845 0.3963755458083453 0.39521074178609633 0.3952872648943083 0.39570238215039083 0.39518294352416056 0.3955234937931726 0.3954280932677368 0.39528536086441296 0.39547890870785474 0.3953461665466243 0.39537439492324483 
0.552734375 0.0 -1.1313308929613229e-8 -9.212415401254985e-6 0.12796650088908174 0.23623480828007884 0.260779404267214 0.33870383803684295 0.38750680387430214 0.39330762528033825 0.39373724844109176 0.39598883613726016 0.3958641432321145 0.3948730875016621 0.39570932822580274 0.3953661098432814 0.395289555193957 0.3955436061271014 0.39525377239984893 0.3954148149341123 0.39541246102946653 0.39533159802063444 
0.556640625 0.0 1.8315986416617124e-8 2.4816334365398254e-6 0.02053583333049416 0.23755976957652203 0.24417127714932657 0.30276852218627526 0.37616708231680507 0.39242685959009255 0.3935768275584164 0.39504964043166985 0.39636976356718756 0.39492187459153905 0.39543148352365526 0.39566262831675086 0.39513306923212477 0.3955293776256631 0.39536936988434807 0.395310376836024 0.3954757955584623 0.3953383029478558 
0.560546875 0.0 2.282404561052949e-10 1.4148220253138888e-6 0.0018023201959937484 0.23895847089500957 0.2372952549506189 0.26931785617968745 0.35127491349692563 0.3896401067591136 0.3934726462704029 0.3940393289595695 0.3961966486970291 0.39549303314486023 0.3950803317355678 0.3957688105753835 0.3952307018961805 0.3953850270339046 0.39552990855197034 0.3952629336584227 0.3954641067866125 0.39540312440024966 
0.564453125 0.0 -1.4328493433524158e-9 -2.791605982874756e-7 0.00013919151004536398 0.2355886371799687 0.23579938421317456 0.24728865259966398 0.31635713319994957 0.38181569396289405 0.39284488844449594 0.39345752629665853 0.39537204516300384 0.3961431608584718 0.39498262554223895 0.39555732484522244 0.3955191342852011 0.3952379534310618 0.3955825854005432 0.39533750364268755 0.3953754937550452 0.39547434522030345 
0.568359375 0.0 6.383960962826508e-11 -1.2324999225488872e-7 -6.568317168192188e-6 0.19329492984198815 0.23817519759227535 0.24052540594991545 0.2810936804130608 0.36214624274467166 0.390762545059497 0.39326641410400737 0.3944201193758572 0.3963601631135766 0.3953231563794916 0.39518390696662953 0.3957418232658119 0.3952485306728798 0.3954617886416298 0.39547933705829813 0.39529059209542416 0.39547949052105 
0.572265625 0.0 1.0292305721767053e-10 4.192404686319166e-8 -3.6239812643422345e-6 0.06290169586499905 0.24176309709400434 0.23931625260272274 0.25511272472865554 0.3297735785528082 0.3851837105312032 0.3928697542500056 0.39381793555787264 0.39584914575163965 0.3958468185159029 0.394994060013058 0.3956805581280486 0.3954250102789585 0.3952757313828362 0.3955609530282349 0.39529820428887213 0.39539959783920653 
0.576171875 0.0 -1.0471291626383082e-11 1.2066662995439502e-8 2.7807160276628525e-6 0.006258559376320076 0.2442708898572538 0.23997000843149238 0.24195343150548762 0.2936282920085878 0.37111033466047677 0.3915118441193792 0.3934442146791383 0.3949164485693121 0.3961567280378489 0.3952154707515187 0.3953599477897913 0.3956176337619475 0.3952120755990535 0.39549265733345634 0.3954030711158505 0.3953020252119069 
0.580078125 0.0 -6.452983036808746e-12 -4.9534864528411025e-9 4.250251825296187e-7 0.0005914035527131382 0.242968416730429 0.24130971757129 0.23767830374914622 0.2621205695311438 0.3431759721094063 0.3876249304151765 0.3929391603678966 0.3940748682948707 0.3959010997267866 0.39569765022019826 0.3950762890376662 0.39561958613099196 0.395350621153848 0.3953316243345781 0.3955086176146895 0.39528150394286665 
0.583984375 0.0 1.1152862337363935e-12 -1.0426417366815604e-9 -2.8026144589906215e-7 3.4450023387559166e-5 0.22446824414316352 0.24346931882702677 0.23824442171128332 0.24537994880234354 0.3071362731930543 0.3775278742211015 0.39179027826988433 0.39354327949909834 0.3952109860860231 0.39608341449293233 0.39510669543568383 0.39540219284741085 0.39557661407701505 0.39523157611733384 0.3955057421716175 0.39537070012889264 
0.587890625 0.0 3.4758643370954203e-13 5.558180877921849e-10 -1.026110644364313e-8 -1.1197768421862614e-5 0.12789931187585735 0.2456640711783876 0.24105412407713492 0.2404368809013605 0.27352203514059115 0.3548070943586915 0.3889493742563669 0.3931205295844724 0.3944530408484088 0.3960081225924107 0.39549610553497866 0.3951554734266538 0.3956622901278252 0.3953091028400981 0.39538994505706626 0.395491977796183 
0.591796875 0.0 -9.411399067478969e-14 8.472007818246168e-11 3.3833164706760945e-8 1.3295271570459692e-6 0.021208436325780834 0.24660871775474588 0.24461539577361285 0.2392926792495575 0.25092922497951764 0.3211997753686229 0.3818478671194448 0.3922936069492957 0.39388933263268827 0.3954161977372389 0.3959564701952514 0.39513373709084637 0.3955027688602777 0.3955125832501244 0.3952755854441416 0.3955299195992452 
0.595703125 0.0 -1.496663533847216e-14 -5.773796042755443e-11 -1.5169102479006784e-9 1.9399998553862352e-6 0.0019527723050461908 0.24504689981733288 0.24734406357916577 0.23991977113354343 0.2406179672526579 0.285553355722478 0.36464362938714584 0.39018494442601953 0.39343413196091825 0.3946328736875329 0.3961060061652916 0.39543399271813495 0.39521866423601953 0.39565683198374696 0.39529679849920246 0.3954405011097374 
0.599609375 0.0 6.670930474683698e-15 -5.998411782096969e-12 -3.6326171808080215e-9 -1.4169663101508665e-7 0.00015971962113391712 0.2357523641593093 0.24831380561051605 0.24170042527829858 0.23828787074110178 0.25736212125093777 0.33425516044187414 0.3849311277462971 0.3926925051987495 0.3940153482010396 0.39572244798516293 0.39584987512030106 0.3950776055189374 0.3955901421866542 0.3954586983974815 0.3953060538952477 
0.603515625 0.0 3.717322745918261e-16 5.6618150168219445e-12 4.782820094343745e-10 -1.7305337427870887e-7 -5.4805738891011155e-6 0.18678802045378848 0.24809484571671814 0.24434855835595662 0.23928469350753045 0.24477349622031622 0.2986016858379756 0.37210464619214845 0.3910283492936359 0.3935884761935528 0.3949828972764285 0.3960737087431662 0.395264856906861 0.39534277826622743 0.3956204751257377 0.395265511526079 
0.607421875 0.0 -4.2105578283250596e-16 3.3815847899632035e-13 3.8210422618571254e-10 3.35413388486453e-8 -4.673612215532334e-6 0.0591863077946778 0.24703972391741985 0.2473655841895781 0.24182487462562902 0.2404512117741623 0.2676804369898505 0.34635168800780636 0.38712446054197264 0.39303125909741893 0.39423278904543885 0.3958539553686915 0.3956788130920347 0.3951318880793579 0.39561376430547895 0.3953778113966581 
0.611328125 0.0 4.085620730620554e-18 -5.235007094483989e-13 -7.975201044748321e-11 1.6852926551950513e-8 2.9893381186457863e-6 0.00593362366133214 0.2448050759149123 0.2494618824239889 0.2447611545227924 0.23927625861331234 0.24826131154093878 0.3120370836325891 0.377845388390572 0.3918015189565291 0.39365314384834055 0.3952469602862071 0.39602790187083675 0.3951710203777415 0.3954158493940744 0.3955540693251966 
0.615234375 0.0 1.2316074086508406e-17 -8.991444625886955e-15 -3.823144953211493e-11 -4.772096872152071e-9 6.30175957813073e-7 0.0005660139199862854 0.23931044391354087 0.24945349656309648 0.2469497648673779 0.2400029642913603 0.24066168460742268 0.27788409642528117 0.3571264760377563 0.38888513980886735 0.39311130553872564 0.39453598976518545 0.39600574640721276 0.3954813930060774 0.39519190555931694 0.39562510694316405 
0.619140625 0.0 -4.144832625267252e-18 4.5518729526368884e-14 1.1044043783196367e-11 -1.3681486383513668e-9 -3.132145408227297e-7 3.233807326731942e-5 0.21848802877045714 0.24819476287462547 0.24779566898544042 0.24217345353862876 0.23942734439317304 0.2539542939843392 0.3250176314030485 0.3820126464246016 0.39217320952328666 0.393929613065869 0.39552647712270395 0.39585254183520274 0.3951595229270831 0.395505047142069 
0.623046875 0.0 0.0 -1.313023763790017e-15 3.661473021073411e-12 6.399411885145883e-10 -3.602847809176528e-8 -1.1221777998849563e-5 0.12251544898904781 0.2466304947567552 0.24778889777921645 0.2451177752767834 0.2405723667743836 0.24416532480264605 0.29037612500126025 0.3660464139480534 0.39004718618791906 0.39337213000095256 0.3948144260580565 0.39599381863891625 0.395398964119268 0.39528289664397476 
0.626953125 0.0 0.0 -3.91082721762359e-15 -1.369458620577764e-12 9.216096958179313e-11 3.960574487038571e-8 1.5109506853197106e-6 0.01969885064889237 0.2448795450553992 0.24762991353065839 0.24779333252764202 0.24275605322663282 0.24052314927738844 0.2621001027289337 0.3377102121274155 0.38505635817608946 0.39253904778582993 0.39414831064508143 0.3957220217262859 0.3957529873027394 0.395164187111843 
0.630859375 0.0 0.0 7.513989430663024e-17 -3.325203815999583e-13 -7.866052940859917e-11 1.6541512780558357e-9 1.966544892142192e-6 0.0018156494668784358 0.2418903226086122 0.24735074131073645 0.249062511335211 0.24501453736545759 0.2397353517793805 0.24576987924775864 0.3031224783123206 0.3732764387725262 0.3908373004212627 0.3935923701917467 0.395127161774754 0.39595883105275825 0.3952985189282481 
0.634765625 0.0 0.0 1.8888594392289328e-16 1.5723937707434727e-13 -3.00757339033454e-12 -4.387362893787384e-9 -1.659857937929959e-7 0.00014690882929231772 0.23256566032273956 0.24676095264963246 0.24854880214365144 0.24663330724748814 0.24098037470964198 0.24073856326148807 0.2710893842499215 0.3492206259362925 0.38705885316628375 0.39290007380000125 0.3944533290844591 0.3958003207263662 0.39562202423311316 
0.638671875 0.0 0.0 -3.280338963425792e-17 2.784107759149874e-14 9.178410564913972e-12 1.419007283824193e-10 -1.8202692009830674e-7 -6.572671970772652e-6 0.18284747894244455 0.246149103367325 0.24721791605325188 0.24737323500549208 0.24349823304476778 0.24023305819980992 0.2513312447661631 0.3161565087122977 0.37837165496801123 0.3915743723161665 0.39383401138721974 0.3952962995522119 0.39590863089816003 
0.642578125 0.0 0.0 -5.033011044967376e-18 -1.7689435101904858e-14 -4.5128458007563006e-13 4.691385238212811e-10 3.741527642979743e-8 -4.1804770955194485e-6 0.0556208497577878 0.2455935371136867 0.2458094074306548 0.24752739355845615 0.24632618914054275 0.24151639161550756 0.24325952613671928 0.2829061877892062 0.3592807404902961 0.3886836264137976 0.3931699008590035 0.3946607014261755 0.39590873882373817 
0.646484375 0.0 0.0 0.0 -2.709299451453263e-15 -1.0214940597090089e-12 -4.856842353480783e-11 1.877798093055105e-8 2.9940564823985935e-6 0.005515219845206008 0.2445025457468276 0.24500141376352144 0.24743075951217003 0.24837403145763057 0.24350640740645269 0.240187629371562 0.2573149157022152 0.3290345371429234 0.3821979363489947 0.3920978621514999 0.39406960683680814 0.39552539366131556 
0.650390625 0.0 0.0 0.0 1.5218049043141936e-15 1.2924529594708166e-13 -4.6631160325697845e-11 -5.37248638300032e-9 5.593010751346368e-7 0.0005230709150308051 0.24046187683017967 0.24510573840771493 0.24703099643302642 0.24873879321196743 0.24547535252150177 0.23996550129262356 0.24440095533557066 0.2947924420089882 0.3674880170667143 0.3898975965978704 0.3934833792944498 0.39490373682069396 
0.654296875 0.0 0.0 0.0 1.55431223447522e-16 1.0805584575261184e-13 8.796894235274516e-12 -1.693111334037194e-9 -3.140159948525084e-7 2.8438672319684776e-5 0.21875140863379244 0.24574186504640902 0.24625276869154555 0.24783286336676935 0.24698462011670846 0.24170027717647877 0.24104717496108832 0.26565319918279257 0.3407540223849413 0.38505169292489 0.3925974230061901 0.3942616159275068 
0.658203125 0.0 0.0 0.0 -8.840335870748577e-17 -2.2488322315439257e-14 4.279607601631597e-12 7.291305650506761e-10 -2.799601906276674e-8 -1.0968962744840264e-5 0.11664770315354771 0.24642841308906852 0.2453791982936847 0.2464668277192459 0.2478119825304937 0.24438470805766127 0.24088140217585285 0.24935358148194445 0.30756256795424175 0.37402441494488453 0.39085026004399676 0.3936627267091845 
0.662109375 0.0 0.0 0.0 -1.0066022089934776e-18 -1.1388401333078948e-14 -1.300981959199513e-12 1.4040234527594e-10 3.962233264023968e-8 1.7207389442197228e-6 0.01751962535075603 0.24659008800858143 0.24483773677290066 0.24529570944110568 0.2480252509236099 0.24708039535581572 0.24204318475699504 0.24255265992405028 0.2760701359468383 0.35173219673111966 0.3871309435941768 0.39291691381662225 
0.666015625 0.0 0.0 0.0 2.723747153747051e-18 2.959528918230108e-15 -3.4864970170171263e-13 -9.072711997977945e-11 6.506853366635369e-10 1.8732876760809697e-6 0.0016318036548999037 0.24501922933270961 0.24490480690939756 0.24488181549441554 0.24771984842670114 0.24865459085954109 0.24374101310407512 0.24016412658614808 0.2534204963967815 0.3200951416546163 0.37891198686366157 0.3915726592541937 
0.669921875 0.0 0.0 0.0 0.0 9.854043507099655e-16 1.7231975846243574e-13 -9.411787201448392e-12 -4.43018994703929e-9 -1.898773730203487e-7 0.00013059852500859256 0.2352776012330022 0.2456727733951835 0.24514205510932902 0.24693158929033443 0.24855160250413247 0.24550759299204242 0.24061286272590657 0.2439491559085179 0.2868262235295125 0.3610803921322288 0.3887590680559189 
0.673828125 0.0 0.0 0.0 0.0 -4.613198711922446e-16 2.194227022300768e-14 1.066229291524223e-11 2.696898006249167e-10 -1.70821076947784e-7 -7.957053693005153e-6 0.1787488554673433 0.24671314696895752 0.24565652315509345 0.24582686986958766 0.24761891480498152 0.24698992345991316 0.2426120245314485 0.24156645228469836 0.26104818980579836 0.3323107428452869 0.38259566966704606 
0.677734375 0.0 0.0 0.0 0.0 -1.3293070348178541e-16 -2.178381919293314e-14 3.1892977148118125e-13 4.831186945016458e-10 3.909265598404466e-8 -3.564601304726329e-6 0.05051121124888606 0.24734416547474236 0.24604589988865425 0.24486306121000834 0.24648351550517286 0.24792240437282614 0.24521262166435084 0.2415335083790455 0.24752379824471374 0.29938778474699124 0.3688786307518725 
0.681640625 0.0 0.0 0.0 0.0 2.4868995751603476e-17 -8.467300934474572e-16 -1.1846036448067322e-12 -6.524470765138321e-11 1.7253399378761953e-8 2.9781713230262233e-6 0.004935709673506543 0.24678048786268794 0.24617707259361044 0.24447560722525907 0.24567312469001656 0.2481766756067074 0.24748911369334284 0.2425357122152582 0.24191726865823054 0.26971904628321197 0.34381460093802 
0.685546875 0.0 0.0 0.0 0.0 -8.052817671947804e-18 2.3043493039646514e-15 4.563845597734414e-14 -4.976199227494741e-11 -5.487166196438404e-9 4.784728921135207e-7 0.00046162764765851134 0.24226622420457328 0.2463016218830904 0.24487329428111823 0.24541608889606625 0.24774214182203716 0.2483898984612069 0.24406527211037587 0.2405110387602705 0.2504141387589309 0.31145244330253374 
0.689453125 0.0 0.0 0.0 0.0 0.0 -2.964739564959013e-16 1.2361347501155246e-13 1.0964348184927518e-11 -1.4968565812623076e-9 -3.102412531365671e-7 2.2690692172401353e-5 0.2178536678517419 0.24667909419120532 0.2457913397284631 0.24552963944083503 0.24676496447636403 0.24798564183004707 0.24578479001665995 0.24149521218806247 0.24365077152241388 0.2798136226665355 
0.693359375 0.0 0.0 0.0 0.0 0.0 -3.5242919693700963e-16 -1.440157622785893e-14 4.850202965182387e-12 7.345812779983396e-10 -2.0377840991929038e-8 -1.050153984669908e-5 0.11075819531534516 0.24700246693082548 0.24675214692781916 0.24572452623295435 0.24567657928002012 0.24708053597812255 0.24729384329220228 0.24362731864096 0.24180958723295523 0.2573151429673316 
0.697265625 0.0 0.0 0.0 0.0 0.0 1.7763568393998391e-19 -1.2610594050480963e-14 -1.5754356041952622e-12 1.1490739169062193e-10 3.849530488390465e-8 2.0332338445908083e-6 0.01564554633579145 0.24668202242196516 0.24722244224683915 0.24581242825963565 0.24496122030548392 0.24621689943677968 0.24814888626524373 0.24602205327925722 0.24183107005738091 0.24598911378334992 
0.701171875 0.0 0.0 0.0 0.0 0.0 6.3356727271942276e-18 2.084021843984371e-15 -4.3927326961086997e-13 -9.099170270587817e-11 -9.786192123328109e-11 1.7327619413980715e-6 0.0014622491969732338 0.24449814282758026 0.2470566886418473 0.24586502372605878 0.24496121224430975 0.24574351124823232 0.24815046013295367 0.24777603054843794 0.24281111323363352 0.24153469516410922 
0.705078125 0.0 0.0 0.0 0.0 0.0 -5.092222939614053e-18 8.70414851306123e-16 2.0561892929057028e-13 -6.102193180386934e-12 -4.246302599083169e-9 -2.257014154250095e-7 0.00011438795623700787 0.23411315411362732 0.2467221364835761 0.24606956487548498 0.2455796755908216 0.24564033515515024 0.24737603481845802 0.2481632700427781 0.24439699925724168 0.2409537659576224 
0.708984375 0.0 0.0 0.0 0.0 0.0 0.0 -4.427865481678354e-16 3.4765612610954155e-14 1.072504064817773e-11 3.3552544339935656e-10 -1.5539273777118728e-7 -9.148031109157028e-6 0.17563790653627812 0.24647804367387507 0.246522500175395 0.24639359541605804 0.24572447325023475 0.24621678578791212 0.2476434094504621 0.24624562965234273 0.242216643974988 
0.712890625 0.0 0.0 0.0 0.0 0.0 0.0 -1.2250941002397057e-16 -2.5781273412424802e-14 -1.1049827719489078e-13 4.5554659280355705e-10 4.1586865694812954e-8 -2.839390501676322e-6 0.047860395735544736 0.24607091221661134 0.246960117805797 0.24700372666542 0.24582833186724098 0.24519061048730412 0.24685177721365698 0.24776595252036643 0.2443129001685623 
0.716796875 0.0 0.0 0.0 0.0 0.0 0.0 2.1908401019269743e-17 -2.681825132337209e-15 -1.2056837306317898e-12 -7.052145889474557e-11 1.5387055026631446e-8 2.920219050840877e-6 0.004616175607020135 0.2448659023150483 0.24699729998077743 0.24708888272560683 0.24595842258412412 0.24476318722752072 0.2462106947526557 0.24843266392802305 0.24640117277641124 
0.720703125 0.0 0.0 0.0 0.0 0.0 0.0 -8.34887714518118e-18 2.640968925030999e-15 1.0062037129424998e-13 -4.588437529188618e-11 -5.64283033614998e-9 3.7735487916344617e-7 0.0004250103228688813 0.24026599414488464 0.24659634463776336 0.2467227118624908 0.2462116949871509 0.24512196747076345 0.24582967195318547 0.24809056367188048 0.24768680144654623 
0.724609375 0.0 0.0 0.0 0.0 0.0 0.0 0.0 -6.371199863982156e-17 1.2845955410512035e-13 1.131724142548287e-11 -1.293062832926259e-9 -3.0133280882983117e-7 1.918894834108934e-5 0.216121777110666 0.246167259994291 0.246259727272409 0.2466240484063484 0.24591364702709306 0.2456357444314679 0.24705438863177528 0.2478598295729584 
0.728515625 0.0 0.0 0.0 0.0 0.0 0.0 0.0 -3.649821186021048e-16 -2.145264706617428e-14 4.318217013595436e-12 7.362758548623555e-10 -1.0177351692478983e-8 -1.0063588874404475e-5 0.10855275870285355 0.24582406507270063 0.24603443146972848 0.2470399566827618 0.24671306396206757 0.24554065664298774 0.24584989904843332 0.24742378002196624 
0.732421875 0.0 0.0 0.0 0.0 0.0 0.0 0.0 -1.6697754290362383e-17 -1.3564852944606777e-14 -1.5921306939503647e-12 9.354841209822487e-11 3.665520267694213e-8 2.208672161591468e-6 0.01498075959125604 0.24518792468753936 0.2460378249486174 0.24722012623517955 0.2471544208465549 0.24555344104807597 0.24499116179510355 0.24685711041622022 
0.736328125 0.0 0.0 0.0 0.0 0.0 0.0 0.0 1.16055313507483e-17 3.0588272655525814e-15 -3.6748393957471636e-13 -8.950130799452906e-11 -1.1671264242470543e-9 1.6125963065364952e-6 0.0013970259624297692 0.2430813281406539 0.24603011791362622 0.24696724516103621 0.2471233898978396 0.24575975653683071 0.24488539278376367 0.24637921373426974 
0.740234375 0.0 0.0 0.0 0.0 0.0 0.0 0.0 -6.513308411134254e-18 1.1134796788307243e-15 2.0572189877536094e-13 -4.008947603513984e-12 -3.979303299672664e-9 -2.4611764338248525e-7 0.00010794173326052451 0.2329384726232727 0.24598594084020078 0.24633577207483243 0.24683946688289696 0.2462170821283865 0.2454168420482261 0.24599047428951656 
0.744140625 0.0 0.0 0.0 0.0 0.0 0.0 0.0 0.0 -5.760133111228537e-16 2.5299525437579513e-14 1.0369090593561236e-11 4.371715297916496e-10 -1.4080824580228561e-7 -9.538217719342918e-6 0.17343528272497447 0.24598656761548168 0.24567725868353615 0.246552442035583 0.24680270044532215 0.24615861176299017 0.24566520759955182 
0.748046875 0.0 0.0 0.0 0.0 0.0 0.0 0.0 0.0 -1.6123398912289603e-16 -2.5637388508433395e-14 -3.0043570594291957e-13 4.197715166280129e-10 4.262804142089271e-8 -2.5300927407932646e-6 0.046278723449471634 0.2458286431354294 0.24533317855154688 0.24641507536736482 0.24724572748261464 0.246736125827029 0.2454621998098042 
0.751953125 0.0 0.0 0.0 0.0 0.0 0.0 0.0 0.0 2.854013321969733e-17 -1.3841964611553252e-15 -1.1442544097424919e-12 -7.953860645670816e-11 1.3492636455758603e-8 2.8706793748362102e-6 0.004447982415753538 0.24486374512548922 0.24539754175464282 0.2463604461841744 0.24730919574000232 0.24691378116142665 0.2454998030217903 
0.755859375 0.0 0.0 0.0 0.0 0.0 0.0 0.0 0.0 -8.348877145181179e-18 2.6673774300434154e-15 1.1619416540042924e-13 -4.148940687305943e-11 -5.6444442895061305e-9 3.321356702605511e-7 0.000407796380736407 0.24025155288078454 0.24571417997518324 0.24622840984121017 0.24693141244746522 0.24678930798373133 0.24585606323013554 
0.759765625 0.0 0.0 0.0 0.0 0.0 0.0 0.0 0.0 -5.921189464667502e-20 -2.4963734783038085e-16 1.1924055816810625e-13 1.2016602468634112e-11 -1.0693774115111419e-9 -2.933548797583303e-7 1.7609663139132443e-5 0.21473438543357243 0.24612749339852136 0.24594489934051847 0.2463436396209796 0.24659030338068127 0.24645276151257983 
0.763671875 0.0 0.0 0.0 0.0 0.0 0.0 0.0 0.0 0.0 -3.946472778200888e-16 -2.244586738697758e-14 3.811496362970957e-12 7.210417196645836e-10 -5.587767436783998e-9 -9.875458385337765e-6 0.10478526966712358 0.24639659745865938 0.2456429547161631 0.2458482496671788 0.24649328385192248 0.24701733542072724 
0.767578125 0.0 0.0 0.0 0.0 0.0 0.0 0.0 0.0 0.0 -1.0658141036401543e-17 -1.2247921195770082e-14 -1.632707243478154e-12 6.81179791683918e-11 3.515234977046568e-8 2.277107216035464e-6 0.014035414040312442 0.24607516785922517 0.24549884793084212 0.24568620581535486 0.2464951769717088 0.2472719004171278 
0.771484375 0.0 0.0 0.0 0.0 0.0 0.0 0.0 0.0 0.0 1.0776564825694855e-17 3.0581759347114704e-15 -3.125301499077676e-13 -8.613546764735246e-11 -1.641019239132877e-9 1.5631172981289984e-6 0.0013205917965177067 0.24386754230316307 0.2456232749613776 0.24585062005852856 0.2464638879273586 0.24706190529854138 
0.775390625 0.0 0.0 0.0 0.0 0.0 0.0 0.0 0.0 0.0 -6.513308411134254e-18 8.97237839581067e-16 2.0579976241682128e-13 -1.267211698537589e-12 -3.754669480748873e-9 -2.5269639303792455e-7 0.00010135386553907023 0.23267782903892198 0.2460197033804191 0.2461218756583129 0.24628960574544267 0.24653365515156328 
0.779296875 0.0 0.0 0.0 0.0 0.0 0.0 0.0 0.0 0.0 0.0 -5.693815789224264e-16 1.9689612903069574e-14 9.819081962329316e-12 4.782971078161793e-10 -1.3500640347127536e-7 -1.000798999391836e-5 0.16932462701940684 0.24645005888458896 0.2462914979345078 0.24601126998530018 0.24598298153120143 
0.783203125 0.0 0.0 0.0 0.0 0.0 0.0 0.0 0.0 0.0 0.0 -1.4708234630234076e-16 -2.5149660132228733e-14 -5.814029554092769e-13 3.88363133829728e-10 4.266768137792807e-8 -2.235888986632404e-6 0.0433167570485693 0.24650311064072516 0.2462496592058816 0.24580671941611032 0.2456783385434341 
0.787109375 0.0 0.0 0.0 0.0 0.0 0.0 0.0 0.0 0.0 0.0 2.5875597960596964e-17 -8.492169930226157e-16 -1.0665768120550934e-12 -8.236395488599624e-11 1.2752078122820388e-8 2.8455705669379315e-6 0.004142139526935669 0.24547647545510967 0.24607648595817064 0.2458332312674456 0.24574049069475312 
0.791015625 0.0 0.0 0.0 0.0 0.0 0.0 0.0 0.0 0.0 0.0 -8.052817671947804e-18 2.559730205575761e-15 1.431990526157276e-13 -3.739925057052082e-11 -5.578185155978112e-9 2.965924221803938e-7 0.00037707887479653137 0.24033985071707037 0.24600174491554816 0.24610888290554572 0.24602382178080046 
0.794921875 0.0 0.0 0.0 0.0 0.0 0.0 0.0 0.0 0.0 0.0 0.0 -3.0932293763422944e-16 1.0921521464979378e-13 1.208047155643044e-11 -9.838345799669442e-10 -2.8986540124638064e-7 1.4741490296837762e-5 0.21289304751801164 0.2461740675560518 0.2464744942638841 0.24630560541376562 
0.798828125 0.0 0.0 0.0 0.0 0.0 0.0 0.0 0.0 0.0 0.0 0.0 -3.808509063674135e-16 -2.480332976044031e-14 3.3057321028688133e-12 7.040113059038804e-10 -2.477345526467474e-9 -9.524300995696025e-6 0.09997071193006442 0.2462913037982998 0.24671564776898572 0.24642353822562577 
0.802734375 0.0 0.0 0.0 0.0 0.0 0.0 0.0 0.0 0.0 0.0 0.0 -2.6645352591004174e-18 -1.1071499272929935e-14 -1.6079765667124464e-12 5.872752826263661e-11 3.448279322141682e-8 2.4176233610672767e-6 0.012828243324118908 0.2458423446268364 0.24663234873496478 0.2463891193421747 
0.806640625 0.0 0.0 0.0 0.0 0.0 0.0 0.0 0.0 0.0 0.0 0.0 8.171241461241155e-18 3.2244429348793325e-15 -2.5293580563356983e-13 -8.309971833616221e-11 -1.9162053258507124e-9 1.4839554566526896e-6 0.0012157509753566362 0.2434977613004971 0.24629416805755633 0.24633176583741556 
0.810546875 0.0 0.0 0.0 0.0 0.0 0.0 0.0 0.0 0.0 0.0 0.0 -5.921189464667503e-18 7.526423928538871e-16 1.9927295369370765e-13 -3.2383032551784014e-13 -3.66031777723208e-9 -2.6784338760741336e-7 9.179667598956459e-5 0.2318839185216593 0.24605234001882273 0.2463744572245557 
0.814453125 0.0 0.0 0.0 0.0 0.0 0.0 0.0 0.0 0.0 0.0 0.0 0.0 -5.701513335528333e-16 1.2950884809015452e-14 9.348831338703194e-12 4.977205519433398e-10 -1.2670039272369612e-7 -1.0584566808560264e-5 0.16577964616859842 0.2460032508909242 0.2465321573018097 
0.818359375 0.0 0.0 0.0 0.0 0.0 0.0 0.0 0.0 0.0 0.0 0.0 0.0 -1.2967404927621828e-16 -2.3970277614656267e-14 -6.650816194072199e-13 3.758904211300279e-10 4.354958612976151e-8 -1.7628615149501353e-6 0.0407192788602338 0.24577142547638658 0.24664397485379635 
0.822265625 0.0 0.0 0.0 0.0 0.0 0.0 0.0 0.0 0.0 0.0 0.0 0.0 2.6230869328477024e-17 -1.5247062871519277e-16 -9.99850927977756e-13 -8.313553194009651e-11 1.1807771631625979e-8 2.7901369317537683e-6 0.003859543421285838 0.24464588290003142 0.24650743077253467 
0.826171875 0.0 0.0 0.0 0.0 0.0 0.0 0.0 0.0 0.0 0.0 0.0 0.0 -8.70414851306123e-18 2.3395211693847764e-15 1.4895166581633602e-13 -3.5872079055347216e-11 -5.615321863080188e-9 2.359818611121042e-7 0.00034719691267274974 0.2395264452376189 0.2461989742506375 
0.830078125 0.0 0.0 0.0 0.0 0.0 0.0 0.0 0.0 0.0 0.0 0.0 0.0 0.0 -3.992065937078824e-16 1.0030998254251242e-13 1.198901043627149e-11 -8.862251799968143e-10 -2.8262357489185276e-7 1.1915471169909441e-5 0.2112467315299245 0.2460009666756847 
0.833984375 0.0 0.0 0.0 0.0 0.0 0.0 0.0 0.0 0.0 0.0 0.0 0.0 0.0 -3.616662525018908e-16 -2.496995203197607e-14 3.129621006792151e-12 7.011126809786105e-10 3.2662180917241474e-9 -9.078895642086356e-6 0.09646737147181339 0.24584039218878576 
0.837890625 0.0 0.0 0.0 0.0 0.0 0.0 0.0 0.0 0.0 0.0 0.0 0.0 0.0 7.993605777301099e-18 -1.0004796990870094e-14 -1.576163851287521e-12 4.907107034786887e-11 3.324218542744005e-8 2.5450156753751784e-6 0.011988685120479308 0.24525183137698064 
0.841796875 0.0 0.0 0.0 0.0 0.0 0.0 0.0 0.0 0.0 0.0 0.0 0.0 0.0 5.6251299914341294e-18 3.126980156290907e-15 -2.3407942251196817e-13 -8.21145205165408e-11 -2.4825239985185905e-9 1.3855231016096424e-6 0.0011396428248773962 0.24285916120343948 
0.845703125 0.0 0.0 0.0 0.0 0.0 0.0 0.0 0.0 0.0 0.0 0.0 0.0 0.0 -5.861977570020828e-18 5.94724269831205e-16 1.930814027180833e-13 5.581399638761653e-13 -3.495021231358918e-9 -2.815497769197721e-7 8.470895096809477e-5 0.23089383616733575 
0.849609375 0.0 0.0 0.0 0.0 0.0 0.0 0.0 0.0 0.0 0.0 0.0 0.0 0.0 0.0 -5.764277943853812e-16 1.0990911884315854e-14 9.176833870583324e-12 5.481024808536475e-10 -1.1557562447996144e-7 -1.0927149597988791e-5 0.16247963305700072 
0.853515625 0.0 0.0 0.0 0.0 0.0 0.0 0.0 0.0 0.0 0.0 0.0 0.0 0.0 0.0 -1.0966042888564214e-16 -2.3132962212457623e-14 -7.368779956588375e-13 3.5515403708312e-10 4.410271491609067e-8 -1.394385751474248e-6 0.03863435480055196 
0.857421875 0.0 0.0 0.0 0.0 0.0 0.0 0.0 0.0 0.0 0.0 0.0 0.0 0.0 0.0 2.7296683432117174e-17 -3.730349362741841e-18 -9.755648733289493e-13 -8.728387577150433e-11 1.0463500941545103e-8 2.7278082001844927e-6 0.0036434457311070078 
0.861328125 0.0 0.0 0.0 0.0 0.0 0.0 0.0 0.0 0.0 0.0 0.0 0.0 0.0 0.0 -9.473903143468004e-18 2.2702432526481656e-15 1.53389656531999e-13 -3.3454024143490343e-11 -5.595550074725488e-9 1.8748080493497377e-7 0.00032518959011810855 
0.865234375 0.0 0.0 0.0 0.0 0.0 0.0 0.0 0.0 0.0 0.0 0.0 0.0 0.0 0.0 0.0 -3.778310997404322e-16 9.715452146489651e-14 1.2280630024008575e-11 -7.371328182514966e-10 -2.740276226186701e-7 9.85371557552207e-6 
0.869140625 0.0 0.0 0.0 0.0 0.0 0.0 0.0 0.0 0.0 0.0 0.0 0.0 0.0 0.0 0.0 -3.4034997042908793e-16 -2.4993932849307957e-14 2.862439885120695e-12 6.889863549019989e-10 7.862921246134082e-9 -8.727807522976862e-6 
0.873046875 0.0 0.0 0.0 0.0 0.0 0.0 0.0 0.0 0.0 0.0 0.0 0.0 0.0 0.0 0.0 3.0790185216270702e-18 -9.532463707273567e-15 -1.5903779034450345e-12 3.307270309467958e-11 3.1803978278925155e-8 2.6277884126476617e-6 
0.876953125 0.0 0.0 0.0 0.0 0.0 0.0 0.0 0.0 0.0 0.0 0.0 0.0 0.0 0.0 0.0 5.565918096787453e-18 3.1324868624930457e-15 -2.0612240803075124e-13 -7.978158175584816e-11 -2.9291419621083954e-9 1.3116241265040074e-6 
0.880859375 0.0 0.0 0.0 0.0 0.0 0.0 0.0 0.0 0.0 0.0 0.0 0.0 0.0 0.0 0.0 -5.092222939614053e-18 5.817568649035825e-16 1.9284573937738956e-13 2.1905930106905985e-12 -3.2973133804385197e-9 -2.895580544824007e-7 
0.884765625 0.0 0.0 0.0 0.0 0.0 0.0 0.0 0.0 0.0 0.0 0.0 0.0 0.0 0.0 0.0 0.0 -5.487166276907367e-16 8.384641129547813e-15 8.821865963663333e-12 5.852152208755486e-10 -1.0729296051395682e-7 
0.888671875 0.0 0.0 0.0 0.0 0.0 0.0 0.0 0.0 0.0 0.0 0.0 0.0 0.0 0.0 0.0 0.0 -1.0142997552975431e-16 -2.2790835885189144e-14 -8.954529562288355e-13 3.2939286954321774e-10 4.4166318788126526e-8 
0.892578125 0.0 0.0 0.0 0.0 0.0 0.0 0.0 0.0 0.0 0.0 0.0 0.0 0.0 0.0 0.0 0.0 2.4691360067663483e-17 3.1240195615585315e-16 -9.276553451324315e-13 -8.981443061865457e-11 9.46949927710014e-9 
0.896484375 0.0 0.0 0.0 0.0 0.0 0.0 0.0 0.0 0.0 0.0 0.0 0.0 0.0 0.0 0.0 0.0 -8.82257230235458e-18 2.2293278334473137e-15 1.680733774378493e-13 -3.0302258835490656e-11 -5.527957611957862e-9 
0.900390625 0.0 0.0 0.0 0.0 0.0 0.0 0.0 0.0 0.0 0.0 0.0 0.0 0.0 0.0 0.0 0.0 0.0 -4.0648965674942285e-16 9.134459115027008e-14 1.2360630859594326e-11 -6.279293327082783e-10 
0.904296875 0.0 0.0 0.0 0.0 0.0 0.0 0.0 0.0 0.0 0.0 0.0 0.0 0.0 0.0 0.0 0.0 0.0 -3.245403945584256e-16 -2.6154308348698872e-14 2.4944286044122564e-12 6.720931957933842e-10 
0.908203125 0.0 0.0 0.0 0.0 0.0 0.0 0.0 0.0 0.0 0.0 0.0 0.0 0.0 0.0 0.0 0.0 0.0 8.052817671947763e-18 -8.84157932053616e-15 -1.5757673684409682e-12 2.1560672240165565e-11 
0.912109375 0.0 0.0 0.0 0.0 0.0 0.0 0.0 0.0 0.0 0.0 0.0 0.0 0.0 0.0 0.0 0.0 0.0 3.84877315203388e-18 3.2124229202660576e-15 -1.6484401991571483e-13 -7.690564872338727e-11 
0.916015625 0.0 0.0 0.0 0.0 0.0 0.0 0.0 0.0 0.0 0.0 0.0 0.0 0.0 0.0 0.0 0.0 0.0 -4.381680203853952e-18 5.206501896282143e-16 1.8874081556911422e-13 3.322401672297313e-12 
0.919921875 0.0 0.0 0.0 0.0 0.0 0.0 0.0 0.0 0.0 0.0 0.0 0.0 0.0 0.0 0.0 0.0 0.0 0.0 -5.516772224230707e-16 3.879563337250186e-15 8.397648088021015e-12 
0.923828125 0.0 0.0 0.0 0.0 0.0 0.0 0.0 0.0 0.0 0.0 0.0 0.0 0.0 0.0 0.0 0.0 0.0 0.0 -9.740356669378042e-17 -2.21266560629374e-14 -9.971577933735396e-13 
0.927734375 0.0 0.0 0.0 0.0 0.0 0.0 0.0 0.0 0.0 0.0 0.0 0.0 0.0 0.0 0.0 0.0 0.0 0.0 2.682298827494377e-17 7.820114925986328e-16 -8.70321829419633e-13 
0.931640625 0.0 0.0 0.0 0.0 0.0 0.0 0.0 0.0 0.0 0.0 0.0 0.0 0.0 0.0 0.0 0.0 0.0 0.0 -9.473903143468004e-18 2.1401547201094215e-15 1.7587738672849172e-13 
0.935546875 0.0 0.0 0.0 0.0 0.0 0.0 0.0 0.0 0.0 0.0 0.0 0.0 0.0 0.0 0.0 0.0 0.0 0.0 0.0 -4.353850613370006e-16 8.397063785044646e-14 
0.939453125 0.0 0.0 0.0 0.0 0.0 0.0 0.0 0.0 0.0 0.0 0.0 0.0 0.0 0.0 0.0 0.0 0.0 0.0 0.0 -3.1506649141495767e-16 -2.66460631337395e-14 
0.943359375 0.0 0.0 0.0 0.0 0.0 0.0 0.0 0.0 0.0 0.0 0.0 0.0 0.0 0.0 0.0 0.0 0.0 0.0 0.0 7.815970093361061e-18 -7.935578120547389e-15 
0.947265625 0.0 0.0 0.0 0.0 0.0 0.0 0.0 0.0 0.0 0.0 0.0 0.0 0.0 0.0 0.0 0.0 0.0 0.0 0.0 3.4342898895071525e-18 3.2321404811834002e-15 
0.951171875 0.0 0.0 0.0 0.0 0.0 0.0 0.0 0.0 0.0 0.0 0.0 0.0 0.0 0.0 0.0 0.0 0.0 0.0 0.0 -4.381680203853952e-18 4.0376590959567777e-16 
0.955078125 0.0 0.0 0.0 0.0 0.0 0.0 0.0 0.0 0.0 0.0 0.0 0.0 0.0 0.0 0.0 0.0 0.0 0.0 0.0 0.0 -5.419072598063695e-16 
0.958984375 0.0 0.0 0.0 0.0 0.0 0.0 0.0 0.0 0.0 0.0 0.0 0.0 0.0 0.0 0.0 0.0 0.0 0.0 0.0 0.0 -8.32519238732251e-17 
0.962890625 0.0 0.0 0.0 0.0 0.0 0.0 0.0 0.0 0.0 0.0 0.0 0.0 0.0 0.0 0.0 0.0 0.0 0.0 0.0 0.0 2.3270274596143267e-17 
0.966796875 0.0 0.0 0.0 0.0 0.0 0.0 0.0 0.0 0.0 0.0 0.0 0.0 0.0 0.0 0.0 0.0 0.0 0.0 0.0 0.0 -8.881784197001254e-18 
0.970703125 0.0 0.0 0.0 0.0 0.0 0.0 0.0 0.0 0.0 0.0 0.0 0.0 0.0 0.0 0.0 0.0 0.0 0.0 0.0 0.0 0.0 
0.974609375 0.0 0.0 0.0 0.0 0.0 0.0 0.0 0.0 0.0 0.0 0.0 0.0 0.0 0.0 0.0 0.0 0.0 0.0 0.0 0.0 0.0 
0.978515625 0.0 0.0 0.0 0.0 0.0 0.0 0.0 0.0 0.0 0.0 0.0 0.0 0.0 0.0 0.0 0.0 0.0 0.0 0.0 0.0 0.0 
0.982421875 0.0 0.0 0.0 0.0 0.0 0.0 0.0 0.0 0.0 0.0 0.0 0.0 0.0 0.0 0.0 0.0 0.0 0.0 0.0 0.0 0.0 
0.986328125 0.0 0.0 0.0 0.0 0.0 0.0 0.0 0.0 0.0 0.0 0.0 0.0 0.0 0.0 0.0 0.0 0.0 0.0 0.0 0.0 0.0 
0.990234375 0.0 0.0 0.0 0.0 0.0 0.0 0.0 0.0 0.0 0.0 0.0 0.0 0.0 0.0 0.0 0.0 0.0 0.0 0.0 0.0 0.0 
0.994140625 0.0 0.0 0.0 0.0 0.0 0.0 0.0 0.0 0.0 0.0 0.0 0.0 0.0 0.0 0.0 0.0 0.0 0.0 0.0 0.0 0.0 
0.998046875 0.0 0.0 0.0 0.0 0.0 0.0 0.0 0.0 0.0 0.0 0.0 0.0 0.0 0.0 0.0 0.0 0.0 0.0 0.0 0.0 0.0 
