0.0033333333333333335 0.02094241988335696 0.018100134672994816 0.01593700783508862 0.014235641691927575 0.012862459844119028 0.011730868017486996 0.010782270547977967 0.009975601908031732 0.00928122784335078 0.00867722684025169 0.008147034378283343 
0.01 0.06279051952931337 0.05427990114595734 0.047798700312916 0.04269908015220968 0.038582151342725426 0.03518898707068548 0.03234423036062204 0.029924914606322076 0.02784226659044987 0.02603059804263694 0.02444026200958917 
0.016666666666666666 0.10452846326765346 0.09039814681610883 0.07962340356542699 0.0711389678317291 0.06428614661747345 0.058636246857803456 0.05389844033356728 0.04986854954024953 0.046399051199298 0.043380719239944444 0.04073096423963076 
0.023333333333333334 0.14608302856241162 0.12641382627152653 0.11138640021914088 0.09953955752562767 0.08996394851039675 0.08206538524640018 0.07543971841787343 0.06980271082123606 0.06494873805905203 0.06072541840226421 0.05701745358225261 
0.03 0.1873813145857246 0.16228584616363712 0.14306288551784554 0.12788503163471035 0.11560501017772687 0.10546910614016335 0.09696285939025072 0.08972358659942616 0.08348847241760432 0.07806251560594274 0.07329803687730858 
0.03666666666666667 0.22835087011065572 0.19797304666417115 0.17462793206733163 0.15615947349643838 0.14119871475035262 0.12884006552590543 0.11846262530416296 0.1096273424694693 0.1020153837625964 0.09538981974713148 0.08957101290970339 
0.043333333333333335 0.2689198206152657 0.2334341831285035 0.20605645431678804 0.18434683840067448 0.16673435477195475 0.15217085738656722 0.13993373586688818 0.1295101148399201 0.12052658119560133 0.11270512527474544 0.10583467007846771 
0.05 0.3090169943749474 0.2686279082069022 0.23732317257144864 0.2124309240144487 0.19220111118308753 0.1754539993124818 0.16137085862455094 0.14936800417359086 0.13901914870123147 0.13000620881144712 0.12208728392838965 
0.056666666666666664 0.3485720473218152 0.3035127545568564 0.26840257649010846 0.24039534009505983 0.21758803173250219 0.19868191771663585 0.1827685988964357 0.16919706809547852 0.1574901403880373 0.1472908258426493 0.1383271148292015 
0.06333333333333334 0.387515586452103 0.3380471182793027 0.29926888798325074 0.2682234773684215 0.2428840087134125 0.22184693257239113 0.2041214893683058 0.18899331421769863 0.17593657544655544 0.16455670709765174 0.15455240533280173 
0.07 0.4257792915650727 0.37218924321360947 0.3298960234158338 0.295898475428668 0.2680777559117823 0.24494124161527261 0.22542397937988595 0.20875269287052864 0.19435543318568319 0.18180155511629154 0.1707613777497322 
0.07666666666666666 0.4632960351198618 0.4058972062371916 0.36025755502017387 0.32340318950439606 0.2931577846323091 0.2679569038726296 0.2466704236742427 0.22847108932310983 0.2127436475796773 0.19902304039490365 0.18695223140005682 
0.08333333333333333 0.5 0.43912890372767033 0.390326671425105 0.3507201559303491 0.3181123786816048 0.2908858225273441 0.2678550708599787 0.24814431601101672 0.23109810193688704 0.21621879763414842 0.20312313995713321 
0.09 0.5358267949789967 0.4718420393594171 0.4200761372076265 0.37783155614965674 0.3429295681240424 0.3137197268150782 0.2889720510237625 0.2677681040381965 0.2494156230734537 0.23338642169928983 0.21927224847631893 
0.09666666666666666 0.5707135676844317 0.5039941134219758 0.44947825137413644 0.40471917906959415 0.3675971017298647 0.33645015318506905 0.3100153630955405 0.2873380945991622 0.2676929753613777 0.2505234635003834 0.23539767076945364 
0.10333333333333333 0.6045991148623748 0.5355424138653644 0.4785048046790952 0.43136438155734347 0.39210241779187904 0.3590684250686449 0.3309788611033191 0.30684982973930663 0.2859268544399608 0.267627425473265 0.2514974856702667 
0.11 0.6374239897486897 0.5664440092967682 0.5071270356921055 0.45774804689846754 0.4164326133882641 0.3815656318584822 0.3518562399620992 0.32629874266472664 0.30411388064912304 0.2846957573508665 0.26756973492941655 
0.11666666666666667 0.6691306063588582 0.5966557441746755 0.5353155855240955 0.483850540918829 0.44057441144992415 0.40393260606991327 0.3726410202005909 0.34568014747253983 0.32225059190531385 0.3017258507035123 0.2836124181465346 
0.12333333333333334 0.6996633405133654 0.6261342364701868 0.5630404511354735 0.5096516656497421 0.46451412605366094 0.4261598993884917 0.39332653170461224 0.3649892283099589 0.3403334365479085 0.318715034930275 0.2996234914966728 
0.13 0.7289686274214116 0.654835878091066 0.5902709371351971 0.5351306100480049 0.4882376248053964 0.44823775679572847 0.41390589635777303 0.38422102763975785 0.35835876506949993 0.3356605701548432 0.3156008613614622 
0.13666666666666666 0.7569950556517565 0.6827168383923544 0.616975606031088 0.5602658978253835 0.5117302890929384 0.4701560887813083 0.43437200956232863 0.4033704338946271 0.3763228225423855 0.352559643946435 0.3315423827255114 
0.14333333333333334 0.7836934573258398 0.7097330711277002 0.6431222268104795 0.5850353315379201 0.5349769708428381 0.4919044415594711 0.454717520080896 0.4224321680916738 0.394221738218652 0.36940936236470806 0.3474458535889176 
0.15 0.8090169943749475 0.7358403252287777 0.6686777219148762 0.6094159333593128 0.5579619461581996 0.5134719649479424 0.4749348085071755 0.4414007698539524 0.41205151821244246 0.38620674621895573 0.3633090105308062 
0.15666666666666668 0.8329212407100995 0.7609941598342207 0.6936081123959085 0.6333838810628004 0.5806688653920016 0.5348473771239587 0.4950159642106969 0.4602705810496138 0.4298080324248041 0.40294872215260125 0.3791295251532489 
0.16333333333333333 0.8553642601605067 0.785149964030748 0.7178784615058518 0.6569144402187528 0.6030806985573592 0.556018927094824 0.5149527598612833 0.4790357308020836 0.4474870065199754 0.4196321160203466 0.39490499716826016 
0.17 0.8763066800438637 0.8082629817970094 0.7414528163959425 0.6799818905602188 0.6251796763385609 0.5769743535958237 0.5347366236898802 0.4976901153425586 0.465084007054919 0.43625364555721485 0.41063295091538754 
0.17666666666666667 0.8957117602394129 0.8302883427160295 0.7642941483879966 0.7025594471932056 0.6469472265383597 0.5977008393301231 0.5543586106666206 0.5162273809077791 0.4825944310512303 0.452809909950791 0.4263108269524292 
0.18333333333333332 0.9135454576426009 0.8511810989784827 0.786364291340143 0.7246191762435154 0.6683639028930298 0.6181849624910908 0.5738093686418293 0.5346408991945326 0.5000134910592839 0.4692973825307242 0.4419359836983976 
0.19 0.9297764858882515 0.8708962694466601 0.8076238792351362 0.7461319021311824 0.6894093089615833 0.6384126432307233 0.5930791033855766 0.5529237483256189 0.517336198798427 0.48571240029786344 0.4575056630100082 
0.19666666666666666 0.9443763702374811 0.8893888911746491 0.8280322812288327 0.7670671092678047 0.7100620153710627 0.6583690825333404 0.6121575382986839 0.5710686835297835 0.5345573512238754 0.50205115172433 0.47301706856251785 
0.20333333333333334 0.9573194975320674 0.9066140795734776 0.8475475378726463 0.7873928359638986 0.7302994647680604 0.6780386979166326 0.631033874461262 0.5890681108144877 0.5516715107327229 0.518309666718584 0.4884671178569104 
0.21 0.9685831611286311 0.9225270973891623 0.8661262944436546 0.8070755547699221 0.7500978713098947 0.6974050525185272 0.6496967373417547 0.6069140574809642 0.5686729854328274 0.5344838034181528 0.5038530702891978 
0.21666666666666667 0.9781476007338057 0.9370834336736352 0.8837237343831097 0.8260800502902041 0.769432111700299 0.7164507725454982 0.6681341291498283 0.6245981366494278 0.5855558084787696 0.5505692325493183 0.519170906756031 
0.22333333333333333 0.985996037070505 0.9502388942603307 0.9002935181963903 0.8443692835838411 0.7882755949828616 0.7351574562252681 0.6863333685532785 0.6421115110209493 0.6023137134443828 0.5665614290248773 0.5344192149012092 
0.23 0.9921147013144779 0.9619497020387304 0.9157877128194601 0.8619042341504012 0.806600124963823 0.7535055821660372 0.7042810263584203 0.6594448498611312 0.6189401093950768 0.5824556298838786 0.5495901854479817 
0.23666666666666666 0.9964928592495044 0.9721726116815357 0.9301567321705632 0.8786437489796652 0.8243757570881937 0.7714743923422498 0.7219628493504765 0.6765882853462746 0.6354280513803748 0.5982469005028128 0.5646894401349595 
0.24333333333333335 0.9991228300988584 0.9808650408716372 0.9433492906478934 0.8945443707940035 0.8415706172755354 0.7890417643957585 0.7393636817385107 0.6935313628731311 0.6517702068010287 0.6139298572786686 0.5796941565109733 
0.25 1.0 0.9879851998831307 0.9553123224474213 0.9095601191263175 0.8581507009673859 0.806184075478923 0.756467380155179 0.7102629784156654 0.6679588212751847 0.629499368417303 0.5946375621665521 
0.25666666666666665 0.9991228300988584 0.9934922686589092 0.9659909511522495 0.9236423051732048 0.8740796865334325 0.8228760580279882 0.773256700301698 0.7267713159430023 0.6839856847244887 0.6449486411002221 0.6094456246716267 
0.2633333333333333 0.9964928592495044 0.997346573213078 0.975328492072258 0.9367393327776737 0.8893186898585854 0.8390905966248973 0.7897131781403588 0.7430437825411601 0.6998420735557973 0.6602738114551672 0.6242390279682896 
0.27 0.9921147013144778 0.9995096984185967 0.9832663256528427 0.9487963700953814 0.9038259461181792 0.8547985215834678 0.8058170142012595 0.7590669239454358 0.7155187196111963 0.6754632444438005 0.6387985971566243 
0.27666666666666667 0.985996037070505 0.9999448157667699 0.989743926883648 0.9597551016201828 0.9175565433868594 0.8699684183115575 0.8215469241910627 0.774826324644007 0.7310057272810316 0.6905209172861951 0.6534705760748863 
0.2833333333333333 0.9781476007338057 0.9986169113290321 0.9946990834292875 0.969553584568409 0.9304621453871927 0.8845663515708959 0.8368799438984786 0.7903065063443391 0.7462925452179563 0.7054174444271889 0.6677002803018408 
0.29 0.9685831611286312 0.995492873258153 0.99806758331871 0.9781257443451472 0.9424904617984508 0.8985554946596831 0.8517912327184896 0.805490823887236 0.7613679269866958 0.7201875868297809 0.6823025045415145 
0.2966666666666667 0.9573194975320672 0.9905418950621749 0.9997830872348565 0.985400857842819 0.9535847554068926 0.9118958193642768 0.8662538910081387 0.820361326556016 0.7762195172281079 0.7347443725888972 0.6961028702621629 
0.30333333333333334 0.9443763702374811 0.9837357480424049 0.9997781209181367 0.9913037437897051 0.9636836132831842 0.9245438075841087 0.8802386969020694 0.8348985776263725 0.7908349931334838 0.7492176075962844 0.7106834245525051 
0.31 0.9297764858882515 0.9750490600363828 0.997983697215044 0.9957543701526658 0.9727202979710343 0.9364518588721956 0.8937137186891695 0.8490814779240403 0.8051983752048476 0.7633636157179471 0.7239758652963323 
0.31666666666666665 0.913545457642601 0.964459643220628 0.9943289818369887 0.9986661440314948 0.9806214907094174 0.9475675395852539 0.9066439709932099 0.862887081651523 0.8192991184650701 0.7775493446997304 0.7385383782485611 
0.3233333333333333 0.895711760239413 0.9519488390354814 0.9887421943553951 0.999946111008328 0.9873069174492236 0.957833238561921 0.9189911607339606 0.8762904247614463 0.8331104486200589 0.791183642953428 0.7512861925139154 
0.33 0.8763066800438635 0.9375018762644676 0.9811508670669273 0.9994964912382918 0.9926895423941436 0.967185707716028 0.9307131553629368 0.8892640094863364 0.8466358248309109 0.805103650761135 0.7657968760571605 
0.33666666666666667 0.8553642601605067 0.9211082432323671 0.9714821387621111 0.9972118315735903 0.9966732509903065 0.9755544285478497 0.9417630739858245 0.9017777313165589 0.8598137445026564 0.8181171155483826 0.7779886855323418 
0.3433333333333333 0.8329212407100995 0.9027620718590168 0.9596632814118062 0.9929781941186085 0.9991496474569006 0.9828600597849825 0.952088696700876 0.9137981167666354 0.8727009926352484 0.8317615890929199 0.7923498211929291 
0.35 0.8090169943749475 0.8824625300278116 0.94562235816524 0.9866740642742167 0.9999996797039494 0.9890147431658278 0.9616322542287555 0.9252887457723856 0.8851354252620436 0.8440909936902292 0.8041216123379179 
0.3566666666666667 0.7836934573258398 0.8602142181183993 0.9292890050945232 0.9781696219284003 0.9990940668610626 0.9939212285008837 0.9703291374515778 0.9362084408831491 0.8973261573040033 0.8573733553557482 0.8179767666604221 
0.36333333333333334 0.7569950556517564 0.8360275647900026 0.910595367714704 0.9673260727242324 0.9962860673283861 0.9974674706853247 0.978105319796472 0.9465105695045692 0.9088628721078114 0.8689743415532957 0.8296360148003753 
0.37 0.7289686274214114 0.8099192162680638 0.8894772159632989 0.9539953773968846 0.9914102974420462 0.9995230019885295 0.984876457636676 0.9561457399336215 0.9203054605870087 0.8818506744682898 0.8427145878517491 
0.37666666666666665 0.6996633405133657 0.7819124125584586 0.8658752556057646 0.9380201866595372 0.9842819583127894 0.999942592865693 0.9905486516284858 0.9650495021433299 0.9307462485085833 0.8925213158665606 0.8540785358002065 
0.38333333333333336 0.669130606358858 0.7520373432161427 0.8397366517684955 0.9192340096566141 0.9746929429603297 0.9985621439768126 0.9950147657276512 0.9731726603552888 0.9413577239289935 0.9050652748978693 0.8668248727296194 
0.39 0.6374239897486899 0.7203314745635073 0.8110167761546219 0.8974617674241212 0.9624075463659728 0.9951861078847146 0.9981459295937353 0.9804006940852137 0.950534294269848 0.9147540078695657 0.8773817419438019 
0.39666666666666667 0.6045991148623749 0.6868398396308306 0.7796811822008374 0.872520911656444 0.9471579745114593 0.9895850596062802 0.9997888340973143 0.9867191764949934 0.9600517548039289 0.9264323582348086 0.889627523564201 
0.4033333333333333 0.5707135676844317 0.6516152816245738 0.7457078016954606 0.8442233291962866 0.9286391397647498 0.9814897288503924 0.9997716752934799 0.991892590563876 0.9679354427078253 0.9357009842024224 0.9001491229881802 
0.41 0.5358267949789967 0.6147186414690052 0.7090893416676382 0.812378315884393 0.9065026051605776 0.9705791840131128 0.9978880425495262 0.9960375081058253 0.9759335240653215 0.9458109733470909 0.910653351364997 
0.4166666666666667 0.49999999999999994 0.5762188799632537 0.6698358412436681 0.776796975150361 0.8803497891315715 0.956465876442697 0.9938857721366974 0.9986345865432104 0.9822108865527545 0.9542425858706839 0.9214214758809399 
0.42333333333333334 0.4632960351198616 0.5361931253965883 0.6279773246277844 0.7372984654488329 0.8497247242493086 0.9386760911258626 0.9874466430068178 1.0001004078995896 0.9887672061317158 0.9637726753240186 0.9311301206461189 
0.43 0.4257792915650729 0.4947266381101021 0.583566459010925 0.6937185692307218 0.814107045236241 0.9166227230332936 0.9781905833063546 0.9993064356619249 0.9926680321024443 0.970240742453854 0.940295759380258 
0.43666666666666665 0.38751558645210316 0.45191268451260413 0.5366810965361405 0.6459210528384911 0.772906650135361 0.8895665491352058 0.9656182299078736 0.9972965859629006 0.997244171166929 0.978531944247333 0.9498879835411497 
0.44333333333333336 0.34857204732181535 0.4078523144662169 0.4874265500568902 0.5938121807519097 0.7254628838769068 0.8565599806829826 0.9490737790878792 0.9920136430683201 0.9992390928982985 0.9845059367720224 0.9582665070566138 
0.45 0.3090169943749475 0.3626540377476427 0.43593742713927597 0.5373584687978792 0.6710535392112993 0.8163642668081291 0.9277591216182122 0.9853351167225806 1.0001072196030696 0.9896908523487291 0.9658978396871939 
0.45666666666666667 0.26891982061526576 0.31643339743615 0.3823788304918665 0.4766072294891225 0.6089229550395004 0.7673244694374017 0.9002561596345562 0.9737179159764591 0.9987059925700859 0.9940795777696692 0.9735569102103931 
0.4633333333333333 0.22835087011065575 0.2693124405267115 0.3269467312801758 0.41170861986784496 0.5383442344692317 0.7071814321871502 0.8653315629697774 0.9601324396256327 0.9963275215767418 0.9980680493429486 0.9805376528206284 
0.47 0.18738131458572457 0.22141908873886657 0.26986733983704375 0.3429367710508915 0.4587368157397118 0.6327969717751559 0.8191047509562698 0.9386350552280869 0.990111994332935 0.999687421850705 0.9859487545018036 
0.4766666666666667 0.1460830285624115 0.17288641528951343 0.21139533980740066 0.2707063483375319 0.3698616405680491 0.5397988437330166 0.7590091493077981 0.9139817096662017 0.9824250502019247 0.9997623339878773 0.9911340206177588 
0.48333333333333334 0.10452846326765373 0.1238518362027116 0.1518109174862511 0.1955799837090667 0.27209775695693655 0.42245305155967944 0.6720281945521158 0.874115930232327 0.968600029418523 0.9982812627670796 0.9952602450605277 
0.49 0.06279051952931358 0.07445622741198987 0.09141560456244381 0.11826205539024685 0.1667451456593455 0.27464677566582224 0.543949768284194 0.827564798434635 0.952613380848952 0.994847582052842 1.0004582341537906 
0.49666666666666665 0.02094241988335711 0.02484298133733927 0.03052705152906928 0.03957583314407443 0.05620041163028369 0.096196405639035 0.26518804235878746 0.7320955424774982 0.9248869243073542 0.9882609165220482 0.9800483373720951 
0.5033333333333333 -0.02094241988335731 -0.024842981337339566 -0.030527051529069642 -0.039575833144074854 -0.05620041163028448 -0.09619640563903653 -0.26518804235879506 -0.7320955424775195 -0.9248869243068973 -0.9882609165319965 -0.9800766637154371 
0.51 -0.06279051952931379 -0.07445622741199004 -0.09141560456244403 -0.11826205539024724 -0.1667451456593463 -0.27464677566582474 -0.5439497682842006 -0.8275647984346387 -0.952613380850647 -0.9948475820613925 -1.0004257932679799 
0.5166666666666667 -0.1045284632676535 -0.12385183620271152 -0.15181091748625145 -0.19557998370906754 -0.272097756956938 -0.4224530515596835 -0.6720281945521193 -0.874115930232332 -0.9686000294189024 -0.9982812627199257 -0.995266440632236 
0.5233333333333333 -0.14608302856241212 -0.17288641528951426 -0.2113953398074017 -0.2707063483375332 -0.3698616405680512 -0.5397988437330192 -0.7590091493078014 -0.9139817096662036 -0.9824250501932348 -0.9997623338661762 -0.9911298065451426 
0.53 -0.18738131458572477 -0.2214190887388668 -0.26986733983704375 -0.34293677105089215 -0.45873681573971364 -0.6327969717751586 -0.8191047509562736 -0.9386350552280838 -0.9901119943355554 -0.9996874216455214 -0.985951716240935 
0.5366666666666666 -0.22835087011065594 -0.26931244052671216 -0.3269467312801765 -0.4117086198678463 -0.5383442344692346 -0.7071814321871529 -0.8653315629697805 -0.9601324396256303 -0.9963275216030758 -0.9980680488471674 -0.9805360165606319 
0.5433333333333333 -0.26891982061526637 -0.3164333974361501 -0.38237883049186616 -0.4766072294891238 -0.6089229550395031 -0.767324469437404 -0.9002561596345595 -0.9737179159764581 -0.9987059925193895 -0.9940795757871712 -0.9735572337007242 
0.55 -0.30901699437494773 -0.3626540377476427 -0.43593742713927663 -0.5373584687978812 -0.6710535392113033 -0.8163642668081301 -0.9277591216182125 -0.9853351167225812 -1.000107219445198 -0.9896908492060452 -0.9658985927333771 
0.5566666666666666 -0.34857204732181557 -0.40785231446621734 -0.48742655005689134 -0.5938121807519102 -0.7254628838769086 -0.8565599806829847 -0.9490737790878744 -0.9920136430683122 -0.9992390926434133 -0.9845059335553569 -0.9582663008860292 
0.5633333333333334 -0.38751558645210293 -0.45191268451260413 -0.5366810965361422 -0.6459210528384941 -0.772906650135361 -0.8895665491352098 -0.9656182299078714 -0.9972965859628843 -0.997244170541038 -0.9785319439836393 -0.9498865004894681 
0.57 -0.42577929156507266 -0.4947266381101032 -0.5835664590109271 -0.693718569230723 -0.814107045236243 -0.9166227230332926 -0.9781905833063552 -0.9993064356619346 -0.9926680293937313 -0.9702407468041427 -0.9402977697282265 
0.5766666666666667 -0.4632960351198622 -0.5361931253965889 -0.6279773246277858 -0.7372984654488332 -0.8497247242493128 -0.9386760911258606 -0.987446643006817 -1.000100407899662 -0.988767203559938 -0.9637726776058433 -0.9311296735436069 
0.5833333333333334 -0.5000000000000001 -0.576218879963255 -0.6698358412436692 -0.776796975150361 -0.8803497891315741 -0.9564658764426928 -0.9938857721366902 -0.9986345865432567 -0.982210882066677 -0.9542425848132688 -0.9214201881389968 
0.59 -0.5358267949789968 -0.6147186414690065 -0.7090893416676363 -0.812378315884394 -0.906502605160579 -0.9705791840131118 -0.9978880425495122 -0.9960375081057049 -0.9759335270679625 -0.9458109770548719 -0.9106535942785082 
0.5966666666666667 -0.5707135676844323 -0.6516152816245738 -0.745707801695461 -0.844223329196288 -0.9286391397647479 -0.9814897288503933 -0.9997716752934971 -0.9918925905631688 -0.9679354509923278 -0.9357009860002071 -0.9001494036176735 
0.6033333333333334 -0.6045991148623752 -0.6868398396308317 -0.7796811822008374 -0.8725209116564466 -0.9471579745114577 -0.9895850596062794 -0.9997888340973802 -0.9867191764933214 -0.9600517337194316 -0.9264323503857959 -0.8896217792278838 
0.61 -0.63742398974869 -0.7203314745635073 -0.8110167761546232 -0.8974617674241222 -0.9624075463659709 -0.9951861078847055 -0.9981459295937745 -0.9804006940823398 -0.950534333533706 -0.9147540152138095 -0.8773893785794408 
0.6166666666666667 -0.6691306063588582 -0.7520373432161427 -0.8397366517684978 -0.9192340096566137 -0.9746929429603298 -0.9985621439768043 -0.9950147657274164 -0.9731726603514379 -0.9413576760282182 -0.905065280212352 -0.866816675401059 
0.6233333333333333 -0.6996633405133658 -0.7819124125584586 -0.8658752556057666 -0.9380201866595357 -0.9842819583127906 -0.9999425928657171 -0.990548651627536 -0.9650495021388996 -0.9307463000977481 -0.8925213014235812 -0.8540869735575141 
0.63 -0.7289686274214119 -0.8099192162680642 -0.8894772159633022 -0.9539953773968827 -0.9914102974420421 -0.999523001988598 -0.9848764576345764 -0.956145739928673 -0.9203054153127688 -0.8818506910068372 -0.8427058220426222 
0.6366666666666667 -0.7569950556517562 -0.8360275647900033 -0.910595367714706 -0.9673260727242348 -0.9962860673283804 -0.9974674706853325 -0.978105319793121 -0.9465105694987688 -0.9088629119660089 -0.8689743330252643 -0.8296438576685233 
0.6433333333333333 -0.7836934573258402 -0.8602142181184007 -0.9292890050945232 -0.9781696219283963 -0.9990940668610584 -0.9939212285005102 -0.9703291374473492 -0.9362084408765547 -0.8973261260985987 -0.8573733436139751 -0.8179652283561053 
0.65 -0.8090169943749473 -0.8824625300278143 -0.9456223581652413 -0.9866740642742182 -0.9999996797039766 -0.9890147431645512 -0.9616322542240548 -0.9252887457657979 -0.8851354497257456 -0.8440910218350196 -0.8041337702927824 
0.6566666666666666 -0.8329212407100994 -0.9027620718590176 -0.9596632814118067 -0.9929781941186069 -0.99914964745697 -0.9828600597823991 -0.9520886966954561 -0.9137981167601168 -0.872700974937459 -0.831761546378305 -0.7923361450848719 
0.6633333333333333 -0.855364260160507 -0.9211082432323674 -0.9714821387621112 -0.997211831573585 -0.9966732509902663 -0.9755544285440102 -0.9417630739791459 -0.9017777313086661 -0.8598137569299071 -0.8181171647805999 -0.7780037588945469 
0.67 -0.8763066800438636 -0.9375018762644702 -0.9811508670669278 -0.9994964912382877 -0.9926895423935743 -0.9671857077114212 -0.9307131553558554 -0.8892640094774833 -0.8466358166909107 -0.8051036027090083 -0.765783868072495 
0.6766666666666666 -0.8957117602394129 -0.9519488390354813 -0.9887421943553952 -0.9999461110083594 -0.9873069174475395 -0.9578332385569637 -0.9189911607278001 -0.8762904247554639 -0.833110453653346 -0.7911836873718742 -0.7512998118594818 
0.6833333333333333 -0.9135454576426013 -0.9644596432206287 -0.9943289818369869 -0.9986661440315568 -0.980621490706281 -0.9475675395799203 -0.9066439709856352 -0.8628870816483764 -0.8192991155497877 -0.777549308343311 -0.738527755788515 
0.69 -0.9297764858882515 -0.9750490600363834 -0.9979836972150404 -0.9957543701525543 -0.9727202979667292 -0.9364518588663114 -0.8937137186786044 -0.8490814779169821 -0.805198376770427 -0.7633636449514732 -0.7239863948079579 
0.6966666666666667 -0.9443763702374811 -0.9837357480424045 -0.9997781209181338 -0.9913037437888791 -0.9636836132782823 -0.9245438075777943 -0.8802386968955782 -0.8348985776155454 -0.7908349923561965 -0.7492175861342407 -0.7106756334337715 
0.7033333333333334 -0.9573194975320674 -0.9905418950621742 -0.9997830872348866 -0.9854008578406179 -0.953584755401612 -0.9118958193577746 -0.8662538910060771 -0.8203613265508811 -0.7762195175594538 -0.7347443879179789 -0.6961099821698135 
0.71 -0.9685831611286312 -0.9954928732581535 -0.9980675833187668 -0.9781257443414193 -0.9424904617925827 -0.8985554946528787 -0.851791232709271 -0.8054908238860445 -0.7613679268506622 -0.7201875766441141 -0.6822975089365865 
0.7166666666666667 -0.9781476007338057 -0.9986169113290306 -0.9946990834290842 -0.9695535845637019 -0.9304621453807413 -0.8845663515634947 -0.8368799438878153 -0.7903065063369248 -0.7462925452549848 -0.7054174508951697 -0.667704331079907 
0.7233333333333334 -0.985996037070505 -0.9999448157667657 -0.9897439268824623 -0.959755101614997 -0.9175565433801607 -0.8699684183037176 -0.8215469241872612 -0.7748263246346243 -0.7310057272733247 -0.6905209134217214 -0.6534678724152074 
0.73 -0.9921147013144779 -0.9995096984186075 -0.9832663256499959 -0.9487963700895917 -0.9038259461112061 -0.8547985215757206 -0.8058170141979987 -0.7590669239413927 -0.7155187195968761 -0.675463246622651 -0.6388005290735276 
0.7366666666666667 -0.9964928592495044 -0.9973465732131218 -0.9753284920679648 -0.9367393327711276 -0.8893186898509251 -0.8390905966173671 -0.7897131781317452 -0.7430437825381367 -0.6998420735560745 -0.6602738102956149 -0.6242378114824455 
0.7433333333333333 -0.9991228300988584 -0.9934922686586202 -0.9659909511472642 -0.9236423051662971 -0.8740796865251932 -0.8228760580204354 -0.7732567002932925 -0.726771315936989 -0.6839856847177419 -0.6449486416671701 -0.6094463986097283 
0.75 -1.0 -0.9879851998813699 -0.9553123224417754 -0.9095601191192749 -0.8581507009592025 -0.8061840754714026 -0.7564673801517772 -0.7102629784079367 -0.6679588212739068 -0.629499368148067 -0.5946371080144324 
0.7566666666666667 -0.9991228300988584 -0.9808650408679652 -0.9433492906413065 -0.8945443707860308 -0.8415706172674834 -0.7890417643885088 -0.7393636817342273 -0.6935313628688937 -0.6517702067934226 -0.6139298573882257 -0.5796944170758205 
0.7633333333333333 -0.9964928592495044 -0.9721726116771252 -0.9301567321635338 -0.8786437489712926 -0.8243757570800613 -0.7714743923351695 -0.7219628493421191 -0.6765882853429768 -0.6354280513748843 -0.5982469004562424 -0.5646892990276674 
0.77 -0.9921147013144778 -0.9619497020331084 -0.9157877128121826 -0.8619042341418591 -0.8066001249559006 -0.7535055821590845 -0.7042810263528836 -0.6594448498550195 -0.6189401093923247 -0.582455629892517 -0.5495902590601511 
0.7766666666666666 -0.9859960370705049 -0.9502388942539126 -0.9002935181885039 -0.8443692835752231 -0.7882755949751001 -0.7351574562185941 -0.6863333685492629 -0.6421115110151554 -0.6023137134399701 -0.5665614290170344 -0.5344191783266535 
0.7833333333333333 -0.9781476007338056 -0.9370834336666044 -0.883723734375101 -0.8260800502817767 -0.769432111692614 -0.7164507725389191 -0.6681341291439857 -0.6245981366453531 -0.5855558084735868 -0.5505692325462853 -0.5191709241497603 
0.79 -0.9685831611286311 -0.9225270973814712 -0.8661262944355749 -0.8070755547614524 -0.7500978713026786 -0.6974050525120579 -0.6496967373363464 -0.6069140574764234 -0.5686729854284449 -0.5344838034143229 -0.5038530623888755 
0.7966666666666666 -0.9573194975320672 -0.9066140795653692 -0.8475475378642002 -0.7873928359556169 -0.7302994647607571 -0.6780386979105554 -0.6310338744547864 -0.5890681108100078 -0.551671510728182 -0.5183096667149191 -0.4884671212741072 
0.8033333333333333 -0.944376370237481 -0.8893888911661936 -0.8280322812206078 -0.7670671092598318 -0.7100620153640316 -0.6583690825272865 -0.6121575382960833 -0.5710686835241842 -0.5345573512204188 -0.5020511517198287 -0.4730170671453871 
0.81 -0.9297764858882512 -0.8708962694379081 -0.8076238792267258 -0.7461319021232611 -0.6894093089548966 -0.6384126432247124 -0.5930791033785835 -0.5529237483213654 -0.5173361987944857 -0.48571240029356016 -0.45750566356445976 
0.8166666666666667 -0.9135454576426008 -0.8511810989695908 -0.7863642913318512 -0.7246191762358474 -0.6683639028863495 -0.6181849624855181 -0.5738093686374919 -0.5346408991913668 -0.500013491053398 -0.46929738252840036 -0.4419359834847679 
0.8233333333333334 -0.8957117602394127 -0.830288342707003 -0.7642941483797693 -0.7025594471857762 -0.6469472265319054 -0.5977008393244857 -0.5543586106616014 -0.5162273809014747 -0.4825944310487869 -0.452809909946619 -0.4263108270214463 
0.83 -0.8763066800438634 -0.8082629817879604 -0.741452816387812 -0.679981890552969 -0.6251796763323758 -0.5769743535903313 -0.5347366236856803 -0.49769011533960783 -0.46508400705101655 -0.43625364555234253 -0.4106329508903119 
0.8366666666666667 -0.8553642601605064 -0.7851499640217048 -0.717878461497846 -0.6569144402116477 -0.6030806985512316 -0.5560189270895461 -0.514952759855703 -0.4790357307969738 -0.44748700651456014 -0.4196321160183263 -0.39490499717083255 
0.8433333333333334 -0.8329212407100997 -0.760994159825245 -0.6936081123880603 -0.6333838810560319 -0.580668865386054 -0.5348473771187638 -0.49501596420655314 -0.4602705810463312 -0.4298080324227646 -0.40294872214825744 -0.37912952514617365 
0.85 -0.809016994374947 -0.7358403252199003 -0.6686777219071625 -0.6094159333525395 -0.5579619461524344 -0.513471964942817 -0.4749348085026687 -0.4414007698487612 -0.4120515182066813 -0.3862067462152548 -0.3633090105312133 
0.8566666666666667 -0.7836934573258393 -0.7097330711189533 -0.6431222268029554 -0.5850353315315113 -0.5349769708371888 -0.4919044415545068 -0.4547175200761476 -0.42243216808835343 -0.3942217382169727 -0.3694093623621128 -0.34744585358229313 
0.8633333333333333 -0.7569950556517565 -0.6827168383837647 -0.6169756060237116 -0.5602658978189718 -0.5117302890873658 -0.4701560887764344 -0.4343720095579635 -0.40337043389031807 -0.37632282253658517 -0.35255964394134875 -0.3315423827235887 
0.87 -0.7289686274214109 -0.6548358780826473 -0.5902709371280035 -0.5351306100418906 -0.4882376248000708 -0.44823775679090905 -0.41390589635352404 -0.38422102763577054 -0.3583587650673169 -0.33566057015359324 -0.31560086135962 
0.8766666666666667 -0.6996633405133654 -0.6261342364619495 -0.5630404511284391 -0.509651665643659 -0.4645141260482686 -0.4261598993837737 -0.39332653170015486 -0.36498922830600167 -0.34033343654341086 -0.318715034924747 -0.29962349148911577 
0.8833333333333333 -0.6691306063588581 -0.5966557441666273 -0.5353155855172296 -0.48385054091297286 -0.44057441144481807 -0.40393260606531417 -0.37264102019635814 -0.3456801474687481 -0.32225059190209193 -0.3017258507017413 -0.28361241814914895 
0.89 -0.6374239897486896 -0.5664440092889077 -0.5071270356853965 -0.4577480468926661 -0.41643261338307336 -0.38156563185384335 -0.3518562399579192 -0.3262987426607758 -0.3041138806452504 -0.28469575734652336 -0.26756973492053104 
0.8966666666666666 -0.6045991148623747 -0.5355424138576919 -0.4785048046725357 -0.4313643815517015 -0.3921024177869261 -0.359068425064224 -0.3309788610991546 -0.30684982973547575 -0.28592685443660154 -0.2676274254706009 -0.2514974856716295 
0.9033333333333333 -0.5707135676844315 -0.5039941134144839 -0.44947825136771424 -0.4047191790640298 -0.36759710172486476 -0.33645015318052235 -0.31001536309127165 -0.2873380945954142 -0.26769297535776704 -0.2505234634966713 -0.2353976707630746 
0.91 -0.5358267949789963 -0.47184203935209584 -0.4200761372013362 -0.3778315561441995 -0.34292956811919006 -0.31371972681074706 -0.2889720510199189 -0.26776810403445905 -0.24941562306989923 -0.23338642169619792 -0.21927224847523497 
0.9166666666666666 -0.49999999999999967 -0.43912890372050845 -0.39032667141893007 -0.35072015592496425 -0.3181123786767544 -0.2908858225229169 -0.26785507085561355 -0.24814431600711453 -0.2310981019333958 -0.2162187976308534 -0.20312313995288386 
0.9233333333333333 -0.46329603511986134 -0.4058972062301747 -0.3602575550141035 -0.32340318949908475 -0.29315778462753855 -0.2679569038683382 -0.24667042367048173 -0.2284710893196257 -0.21274364757627903 -0.19902304039160487 -0.18695223139741435 
0.93 -0.4257792915650722 -0.3721892432067218 -0.32989602340985263 -0.2958984754234148 -0.2680777559070352 -0.24494124161093297 -0.22542397937562453 -0.20875269286649878 -0.19435543318194545 -0.18180155511303747 -0.17076137774666925 
0.9366666666666666 -0.3875155864521025 -0.33804711827252615 -0.2992688879773461 -0.26822347736322 -0.24288400870869345 -0.22184693256808505 -0.2041214893644162 -0.18899331421426466 -0.1759365754435588 -0.16455670709493142 -0.1545524053303669 
0.9433333333333334 -0.3485720473218147 -0.3035127545501716 -0.26840257648426685 -0.24039534008988356 -0.21758803172777316 -0.19868191771232663 -0.1827685988924296 -0.16919706809184723 -0.157490140384693 -0.1472908258396438 -0.13832711482625532 
0.95 -0.3090169943749476 -0.26862790820029037 -0.23732317256564556 -0.21243092400927174 -0.19220111117840585 -0.17545399930836886 -0.16137085862099476 -0.1493680041705775 -0.1390191486986181 -0.13000620880897173 -0.12208728392596023 
0.9566666666666667 -0.26891982061526504 -0.2334341831219435 -0.20605645431099634 -0.18434683839559696 -0.16673435476758047 -0.15217085738287486 -0.1399337358635681 -0.1295101148366622 -0.12052658119200439 -0.1127051252705687 -0.10583467007334817 
0.9633333333333334 -0.22835087011065586 -0.19797304665763646 -0.17462793206169858 -0.1561594734918151 -0.14119871474639503 -0.12884006552210964 -0.11846262529993883 -0.10962734246448741 -0.1020153837567223 -0.09538981974044315 -0.08957101290254095 
0.97 -0.18738131458572468 -0.1622858461571882 -0.14306288551271493 -0.12788503163003698 -0.11560501017237361 -0.10546910613356329 -0.09696285938228527 -0.08972358659043407 -0.08348847240808559 -0.07806251559649695 -0.07329803686839345 
0.9766666666666667 -0.14608302856241073 -0.12641382626534325 -0.11138640021237758 -0.0995395575166559 -0.08996394849947788 -0.08206538523468299 -0.07543971840664913 -0.06980271081166727 -0.06494873805200865 -0.06072541839836668 -0.05701745358189341 
0.9833333333333333 -0.10452846326765342 -0.09039814680676381 -0.07962340355189627 -0.07113896781950627 -0.06428614660956086 -0.058636246856116556 -0.05389844033879361 -0.04986854955245905 -0.04639905121812823 -0.04338071926484388 -0.04073096426988383 
0.99 -0.06279051952931326 -0.05427990114658463 -0.04779870033774142 -0.042699080195632455 -0.03858215140093956 -0.035188987140092186 -0.03234423043785144 -0.029924914689440953 -0.027842266677632014 -0.02603059813246862 -0.024440262100741527 
0.9966666666666667 -0.02094241988335679 -0.018100134936977114 -0.015937008082112243 -0.01423564192945386 -0.012862460068837667 -0.011730868228726984 -0.010782270746781722 -0.009975602095721476 -0.009281228020541495 -0.00867722700825609 -0.008147034537056693 
